67
0.5
1
3
4
9
13
16
17
19
20
22
27
32
34
36
37
39
40
42
45
46
49
50
51
52
54
57
68
69
70
72
76
77
79
80
81
86
89
90
95
98
101
102
105
106
107
108
109
113
115
117
118
119
120
122
123
124
125
126
127
128
129
130
132
134
135
137
138
1
2
4
7
8
10
12
14
17
19
20
21
24
27
33
38
40
42
43
50
51
53
56
57
58
61
63
70
71
76
77
78
79
80
81
85
86
92
94
97
98
99
101
106
110
113
114
115
116
118
120
122
123
126
127
129
134
137
138
140
141
143
145
147
148
149
150
1
2
3
4
5
13
14
15
16
17
20
21
23
24
25
29
30
31
32
34
35
39
41
45
48
54
55
59
62
63
64
65
67
69
70
73
74
75
76
77
79
80
81
85
87
88
94
96
99
100
101
103
105
106
109
113
130
131
132
133
136
137
138
139
144
146
147