67
0.5
1
2
4
5
6
7
9
11
14
20
22
23
25
28
29
30
31
37
39
42
44
46
48
53
55
57
58
59
62
67
69
70
71
72
75
76
81
84
86
90
91
92
93
95
96
101
103
106
107
108
110
112
116
119
120
121
123
124
125
127
128
129
130
131
133
135
136
1
2
4
5
6
8
9
10
11
12
13
15
16
19
20
21
23
24
25
28
29
31
32
33
34
35
36
37
38
41
43
44
45
46
47
49
50
52
53
54
56
59
61
62
65
66
67
68
70
73
75
76
78
84
85
86
87
88
89
90
91
92
93
95
97
99
100
1
2
3
5
6
7
10
11
20
21
22
23
25
27
28
29
30
31
33
36
39
41
42
44
47
49
50
52
54
56
57
59
63
64
66
68
69
71
72
74
75
76
79
83
84
87
89
93
94
95
100
102
103
106
107
110
113
117
121
122
125
126
127
130
135
140
141