60
0.6
1
3
4
6
10
13
14
15
16
17
18
20
22
23
26
28
30
32
35
36
37
38
41
42
43
44
45
48
49
50
52
53
56
57
58
59
60
62
64
66
68
74
75
76
77
78
80
81
82
89
91
93
94
95
98
99
101
102
104
105
1
4
6
7
8
9
10
12
13
14
17
18
19
20
21
22
23
24
26
30
34
36
37
39
41
44
46
52
53
54
56
59
60
61
62
63
64
65
66
68
69
71
72
73
75
76
78
79
80
81
82
84
85
86
87
88
89
90
91
92
1
3
4
6
8
9
14
15
16
18
19
20
21
22
23
24
26
32
33
35
38
39
42
43
44
45
46
50
52
54
55
57
58
59
60
63
66
74
75
76
79
80
81
82
84
86
87
88
89
90
92
93
96
97
98
99
100
101
103
104