60
0.6
1
2
3
6
9
10
12
14
16
17
20
24
26
27
28
32
35
36
37
38
39
41
43
44
46
47
51
54
55
56
58
59
60
64
68
69
71
72
74
75
76
78
79
82
83
84
85
87
88
89
90
92
94
95
98
101
102
104
105
107
1
6
7
8
13
15
17
19
20
21
22
24
25
27
28
30
33
34
36
41
42
44
45
47
49
50
51
52
53
55
57
58
59
60
61
63
64
65
67
68
73
75
76
77
78
79
83
84
86
89
90
91
92
94
95
97
98
99
100
101
1
3
4
5
9
10
12
16
19
20
21
22
25
27
28
29
30
32
33
35
37
38
39
43
44
47
48
49
50
51
52
53
54
56
59
60
62
63
67
68
69
71
72
75
77
84
85
86
87
88
89
91
95
96
97
98
101
104
105
107