60
0.6
1
4
5
6
7
8
14
18
20
21
22
23
24
27
28
30
31
32
33
34
38
39
41
42
46
48
50
51
52
53
54
55
56
57
58
59
60
61
62
63
66
67
68
70
71
73
74
75
76
77
78
79
82
84
85
86
87
88
91
92
1
3
4
5
6
7
8
9
10
12
13
14
15
16
18
19
20
21
23
27
28
31
32
33
34
35
43
45
49
50
52
58
59
60
62
63
64
65
66
67
68
69
70
72
74
75
76
77
79
80
82
83
84
85
87
89
92
93
94
97
1
3
5
6
9
10
12
13
18
19
20
22
24
25
28
29
31
34
35
36
37
38
39
41
42
43
44
49
50
52
54
55
56
57
59
60
61
62
64
66
67
68
69
70
71
73
75
76
78
79
80
82
83
86
88
89
90
93
95
96