60
0.6
1
3
5
11
12
13
14
15
17
18
20
21
25
27
29
30
33
34
35
36
38
40
41
42
43
44
46
48
57
60
61
63
64
65
66
69
70
71
73
74
76
81
82
83
85
87
89
91
94
95
99
100
103
104
105
106
107
109
111
112
1
2
4
5
6
7
8
9
10
11
14
15
16
17
18
19
20
22
24
25
27
29
32
33
34
37
39
40
41
42
44
45
46
48
49
50
53
54
56
57
58
60
61
64
65
66
68
70
72
76
77
78
81
82
83
84
86
88
91
92
1
2
3
4
5
6
8
9
10
11
12
13
14
15
17
18
19
21
23
25
27
29
30
35
37
38
40
43
47
49
50
51
52
53
55
56
58
60
62
63
65
66
68
69
70
71
73
74
76
77
79
81
82
83
84
85
86
87
90
96