60
0.6
1
2
3
4
5
6
7
9
11
13
16
17
18
21
22
23
25
26
27
28
29
30
32
33
34
35
36
39
40
41
42
43
45
46
47
49
50
51
52
54
55
57
60
61
62
63
64
66
67
68
70
72
73
74
76
77
78
79
80
81
1
2
4
5
8
11
12
15
16
18
23
24
26
28
29
32
33
36
37
38
39
40
46
47
48
51
52
53
58
59
60
62
64
65
67
68
69
70
71
75
76
78
79
80
81
82
84
85
86
87
89
91
92
93
94
95
97
98
101
102
1
2
3
4
5
7
9
10
11
13
14
16
18
19
22
23
26
28
34
35
36
37
40
41
42
43
44
45
46
47
48
51
54
56
57
59
60
61
67
70
72
73
74
75
80
81
82
84
85
86
87
88
89
91
93
94
95
96
97
98