60
0.6
1
2
3
4
5
7
9
10
11
13
14
16
18
19
22
23
26
28
34
35
36
37
40
41
42
43
44
45
46
47
48
51
54
56
57
59
60
61
67
70
72
73
74
75
80
81
82
84
85
86
87
88
89
91
93
94
95
96
97
98
1
2
4
5
6
8
9
10
12
14
15
16
18
19
21
22
23
24
26
27
28
30
31
32
33
38
39
41
44
47
48
49
50
51
53
54
55
58
59
60
63
64
65
67
69
70
71
74
75
78
81
82
83
88
89
90
91
92
93
96
1
2
3
5
6
7
8
12
13
14
15
16
17
21
23
24
26
27
30
31
33
34
35
37
38
42
43
44
45
47
49
50
51
53
55
57
58
59
60
61
63
64
67
68
69
70
72
73
75
77
79
81
82
83
85
86
87
90
93
94