60
0.6
1
2
3
5
6
7
8
12
13
14
15
16
17
21
23
24
26
27
30
31
33
34
35
37
38
42
43
44
45
47
49
50
51
53
55
57
58
59
60
61
63
64
67
68
69
70
72
73
75
77
79
81
82
83
85
86
87
90
93
94
1
3
6
10
14
16
17
19
22
25
26
27
31
32
35
36
37
39
41
42
43
44
46
47
49
51
52
54
56
57
59
60
61
62
65
68
70
71
72
73
74
75
77
78
79
81
82
83
85
86
88
92
93
94
95
98
99
100
101
104
1
7
8
9
10
12
13
15
16
17
19
21
24
25
26
27
29
30
31
32
33
34
36
38
39
41
45
46
47
48
52
53
56
57
58
59
60
62
63
64
66
68
69
70
72
74
75
77
78
79
80
81
82
83
84
87
91
92
95
96