60
0.6
1
3
9
10
11
13
16
17
21
22
24
25
26
28
29
30
31
33
35
36
40
42
43
48
49
50
52
53
54
55
57
59
60
61
62
63
64
65
66
70
71
72
73
80
81
82
83
84
85
86
87
88
89
90
91
95
96
97
98
99
1
3
4
6
7
8
11
12
14
15
16
17
25
26
28
29
31
32
34
37
38
39
40
41
44
45
48
49
50
54
55
56
58
60
65
66
67
69
74
76
78
80
81
82
84
86
88
89
90
91
92
94
99
100
101
102
103
105
106
107
1
2
4
6
8
10
11
13
14
15
16
19
22
23
24
25
26
27
28
29
30
31
35
36
40
42
43
44
46
49
50
53
56
57
60
61
63
64
65
66
67
71
72
73
74
76
79
81
82
84
85
87
89
93
94
97
101
102
103
106