60
0.6
1
2
3
4
6
7
9
10
11
12
14
19
21
22
23
24
25
26
27
28
29
30
31
32
33
34
35
36
38
39
40
41
43
44
45
46
52
54
55
58
60
63
64
65
66
67
68
69
76
77
78
79
81
82
85
86
87
88
89
92
1
2
4
8
9
10
11
12
13
15
16
20
21
23
26
27
29
31
33
36
37
39
40
41
42
44
46
48
51
52
53
55
56
57
58
60
61
62
66
67
68
71
72
73
74
76
77
78
79
82
86
90
91
92
93
94
95
96
97
99
1
2
3
4
7
11
12
13
17
20
22
23
24
26
27
29
32
34
35
37
38
40
42
43
45
48
49
50
51
52
53
54
55
56
59
60
61
62
64
65
66
68
69
73
74
75
76
77
80
82
83
85
87
88
90
91
93
94
95
97