60
0.6
1
2
3
4
7
11
12
13
17
20
22
23
24
26
27
29
32
34
35
37
38
40
42
43
45
48
49
50
51
52
53
54
55
56
59
60
61
62
64
65
66
68
69
73
74
75
76
77
80
82
83
85
87
88
90
91
93
94
95
97
1
2
3
6
8
9
10
11
12
14
15
16
17
19
20
21
23
24
26
30
32
33
39
40
41
47
48
49
50
51
57
58
59
60
62
63
64
66
69
71
72
75
76
78
80
82
83
86
88
91
92
93
94
96
98
99
100
101
102
103
1
2
6
7
8
9
10
13
14
15
17
19
20
21
22
23
26
28
30
33
34
35
36
37
38
42
43
45
46
47
48
51
53
54
55
56
57
59
60
61
63
65
73
74
75
76
79
80
82
83
84
86
87
89
90
93
96
97
98
99