dp: 173 691.0 11.572254335260116
fcfg: 173 679.0 8.011560693641618
dp: 173 666.0 16.421965317919074
fcfg: 173 666.0 17.878612716763005
dp: 205 711.0 20.78048780487805
fcfg: 205 746.0 23.297560975609755
dp: 190 703.0 18.789473684210527
fcfg: 190 742.0 20.68421052631579
dp: 218 716.0 37.61926605504587
fcfg: 218 808.0 57.3394495412844
dp: 203 716.0 43.0935960591133
fcfg: 203 769.0 42.80295566502463
dp: 181 679.0 16.0
fcfg: 181 682.0 13.98342541436464
dp: 210 713.0 29.033333333333335
fcfg: 210 779.0 38.180952380952384
dp: 203 736.0 20.79310344827586
fcfg: 203 784.0 26.45320197044335
dp: 205 723.0 27.24390243902439
fcfg: 205 774.0 28.897560975609757
dp: 206 703.0 35.55825242718446
fcfg: 206 758.0 44.22330097087379
dp: 202 720.0 36.475247524752476
fcfg: 202 776.0 39.054455445544555
dp: 189 693.0 18.185185185185187
fcfg: 189 733.0 26.21693121693122
dp: 210 707.0 23.714285714285715
fcfg: 210 790.0 32.47142857142857
dp: 209 705.0 23.392344497607656
fcfg: 209 774.0 32.39234449760765
dp: 173 690.0 13.0
fcfg: 173 699.0 13.167630057803468
dp: 203 698.0 29.82758620689655
fcfg: 203 767.0 37.70443349753695
dp: 197 702.0 23.076142131979694
fcfg: 197 729.0 21.725888324873097
dp: 182 707.0 14.895604395604396
fcfg: 182 711.0 8.456043956043956
dp: 197 730.0 22.878172588832488
fcfg: 197 757.0 23.482233502538072
dp: 210 720.0 28.904761904761905
fcfg: 210 788.0 35.36190476190476
dp: 190 691.0 22.347368421052632
fcfg: 190 721.0 24.55263157894737
dp: 211 711.0 24.725118483412324
fcfg: 211 770.0 29.04739336492891
dp: 182 699.0 18.203296703296704
fcfg: 182 709.0 16.02747252747253
dp: 210 726.0 35.51904761904762
fcfg: 210 811.0 32.32380952380952
dp: 196 696.0 28.270408163265305
fcfg: 196 757.0 31.18877551020408
dp: 200 723.0 23.135
fcfg: 200 748.0 15.24
dp: 194 712.0 22.649484536082475
fcfg: 194 751.0 22.278350515463917
dp: 207 712.0 28.391304347826086
fcfg: 207 791.0 41.48792270531401
dp: 183 706.0 16.62295081967213
fcfg: 183 719.0 12.415300546448087
dp: 193 700.0 24.020725388601036
fcfg: 193 737.0 24.134715025906736
dp: 186 704.0 18.56989247311828
fcfg: 186 728.0 17.344086021505376
dp: 194 724.0 18.190721649484537
fcfg: 194 725.0 14.304123711340207
dp: 224 722.0 41.67857142857143
fcfg: 224 831.0 56.830357142857146
dp: 186 699.0 17.978494623655912
fcfg: 186 711.0 13.21505376344086
dp: 185 695.0 16.17297297297297
fcfg: 185 714.0 17.6
dp: 191 720.0 21.198952879581153
fcfg: 191 721.0 19.05235602094241
dp: 206 711.0 18.70873786407767
fcfg: 206 756.0 20.33495145631068
dp: 193 704.0 27.746113989637305
fcfg: 193 736.0 23.678756476683937
dp: 192 701.0 22.703125
fcfg: 192 749.0 27.645833333333332
dp: 207 722.0 23.053140096618357
fcfg: 207 781.0 35.1207729468599
dp: 212 706.0 41.636792452830186
fcfg: 212 809.0 53.405660377358494
dp: 202 732.0 25.163366336633665
fcfg: 202 780.0 27.455445544554454
dp: 190 695.0 19.46315789473684
fcfg: 190 741.0 27.173684210526314
dp: 222 727.0 45.16216216216216
fcfg: 222 814.0 53.765765765765764
dp: 203 716.0 20.60591133004926
fcfg: 203 759.0 27.285714285714285
dp: 202 708.0 35.084158415841586
fcfg: 202 763.0 31.287128712871286
dp: 202 688.0 27.737623762376238
fcfg: 202 755.0 37.81188118811881
dp: 170 692.0 16.711764705882352
fcfg: 170 710.0 13.564705882352941
dp: 223 751.0 37.80717488789238
fcfg: 223 828.0 47.04932735426009
dp: 208 717.0 22.923076923076923
fcfg: 208 755.0 27.192307692307693
dp: 183 709.0 14.710382513661202
fcfg: 183 715.0 12.256830601092895
dp: 182 691.0 12.065934065934066
fcfg: 182 698.0 12.39010989010989
dp: 209 706.0 35.248803827751196
fcfg: 209 797.0 53.02392344497608
dp: 186 702.0 19.591397849462364
fcfg: 186 723.0 23.946236559139784
dp: 200 719.0 24.22
fcfg: 200 756.0 27.02
dp: 188 727.0 17.54787234042553
fcfg: 188 735.0 12.835106382978724
dp: 206 731.0 38.90291262135922
fcfg: 206 794.0 45.04368932038835
dp: 198 708.0 21.95959595959596
fcfg: 198 740.0 21.863636363636363
dp: 197 714.0 23.060913705583758
fcfg: 197 737.0 17.20304568527919
dp: 195 701.0 20.046153846153846
fcfg: 195 719.0 16.974358974358974
dp: 188 676.0 22.03723404255319
fcfg: 188 698.0 22.069148936170212
dp: 227 749.0 45.53303964757709
fcfg: 227 780.0 53.70044052863436
dp: 214 733.0 36.87850467289719
fcfg: 214 809.0 53.23831775700935
dp: 206 699.0 28.101941747572816
fcfg: 206 791.0 46.85436893203884
dp: 224 738.0 30.674107142857142
fcfg: 224 854.0 42.558035714285715
dp: 224 747.0 33.57142857142857
fcfg: 224 793.0 36.236607142857146
dp: 212 717.0 30.12735849056604
fcfg: 212 778.0 37.75471698113208
dp: 183 683.0 15.901639344262295
fcfg: 183 706.0 23.65573770491803
dp: 204 729.0 21.598039215686274
fcfg: 204 742.0 21.5
dp: 187 718.0 17.46524064171123
fcfg: 187 716.0 12.70053475935829
dp: 203 701.0 26.458128078817733
fcfg: 203 772.0 29.438423645320196
dp: 195 709.0 25.58974358974359
fcfg: 195 739.0 24.933333333333334
dp: 215 725.0 36.23255813953488
fcfg: 215 811.0 45.12558139534884
dp: 219 741.0 30.438356164383563
fcfg: 219 796.0 32.50228310502283
dp: 207 735.0 24.719806763285025
fcfg: 207 765.0 22.806763285024154
dp: 212 737.0 32.490566037735846
fcfg: 212 790.0 35.27358490566038
dp: 195 696.0 22.620512820512822
fcfg: 195 718.0 22.097435897435897
dp: 209 697.0 31.669856459330145
fcfg: 209 762.0 45.81818181818182
dp: 195 714.0 17.128205128205128
fcfg: 195 718.0 11.574358974358974
dp: 196 708.0 25.622448979591837
fcfg: 196 768.0 28.647959183673468
dp: 196 693.0 21.244897959183675
fcfg: 196 735.0 28.816326530612244
dp: 185 695.0 15.248648648648649
fcfg: 185 710.0 19.335135135135136
dp: 186 692.0 25.274193548387096
fcfg: 186 741.0 28.946236559139784
dp: 198 687.0 23.27777777777778
fcfg: 198 744.0 28.171717171717173
dp: 200 723.0 29.24
fcfg: 200 769.0 32.92
dp: 188 715.0 14.377659574468085
fcfg: 188 714.0 12.5
dp: 176 695.0 11.630681818181818
fcfg: 176 700.0 5.1477272727272725
dp: 187 713.0 16.566844919786096
fcfg: 187 730.0 14.95187165775401
dp: 199 734.0 30.487437185929647
fcfg: 199 760.0 36.42713567839196
dp: 204 700.0 34.127450980392155
fcfg: 204 769.0 47.495098039215684
dp: 198 707.0 21.53030303030303
fcfg: 198 756.0 29.767676767676768
dp: 207 727.0 28.840579710144926
fcfg: 207 761.0 25.1256038647343
dp: 205 740.0 32.55609756097561
fcfg: 205 773.0 28.502439024390245
dp: 200 723.0 24.495
fcfg: 200 764.0 23.215
dp: 209 726.0 33.72248803827751
fcfg: 209 798.0 38.20574162679426
dp: 203 710.0 23.64039408866995
fcfg: 203 753.0 26.763546798029555
dp: 188 701.0 17.861702127659573
fcfg: 188 708.0 15.404255319148936
dp: 200 728.0 27.14
fcfg: 200 769.0 27.58
dp: 202 686.0 30.519801980198018
fcfg: 202 761.0 46.14356435643565
dp: 215 729.0 28.21395348837209
fcfg: 215 801.0 34.83720930232558
dp: 188 695.0 18.01595744680851
fcfg: 188 709.0 26.22872340425532
dp: 200 716.0 27.61
fcfg: 200 757.0 31.615
dp: 241 757.0 48.00829875518672
fcfg: 241 787.0 57.9253112033195
dp: 234 739.0 44.67948717948718
fcfg: 234 848.0 67.35042735042735
dp: 192 707.0 21.255208333333332
fcfg: 192 728.0 17.109375
dp: 209 705.0 24.803827751196174
fcfg: 209 787.0 35.813397129186605
dp: 197 707.0 23.543147208121827
fcfg: 197 735.0 23.624365482233504
dp: 179 702.0 16.201117318435752
fcfg: 179 706.0 10.435754189944134
dp: 227 735.0 43.62555066079295
fcfg: 227 852.0 59.947136563876654
dp: 224 730.0 40.200892857142854
fcfg: 224 767.0 49.598214285714285
dp: 197 709.0 25.715736040609137
fcfg: 197 748.0 25.878172588832488
dp: 204 716.0 22.166666666666668
fcfg: 204 758.0 25.098039215686274
dp: 225 753.0 39.95111111111111
fcfg: 225 846.0 49.60444444444445
dp: 213 720.0 26.845070422535212
fcfg: 213 799.0 42.521126760563384
dp: 208 714.0 31.658653846153847
fcfg: 208 784.0 31.47596153846154
dp: 182 681.0 19.164835164835164
fcfg: 182 707.0 22.967032967032967
dp: 186 700.0 20.096774193548388
fcfg: 186 727.0 23.946236559139784
dp: 222 718.0 32.171171171171174
fcfg: 222 817.0 44.3018018018018
dp: 191 718.0 28.298429319371728
fcfg: 191 730.0 22.198952879581153
dp: 161 696.0 8.677018633540373
fcfg: 161 675.0 3.627329192546584
dp: 199 726.0 25.809045226130653
fcfg: 199 762.0 23.412060301507537
dp: 206 735.0 32.21844660194175
fcfg: 206 792.0 37.33495145631068
dp: 222 707.0 31.743243243243242
fcfg: 222 824.0 50.67567567567568
dp: 196 700.0 23.352040816326532
fcfg: 196 744.0 25.464285714285715
dp: 222 733.0 38.009009009009006
fcfg: 222 835.0 53.693693693693696
dp: 211 706.0 31.834123222748815
fcfg: 211 805.0 44.985781990521325
dp: 203 726.0 36.70935960591133
fcfg: 203 795.0 43.99014778325123
dp: 214 755.0 36.87850467289719
fcfg: 214 831.0 44.50934579439252
dp: 210 729.0 29.14761904761905
fcfg: 210 782.0 36.614285714285714
dp: 218 734.0 36.972477064220186
fcfg: 218 825.0 42.81192660550459
dp: 184 693.0 16.47826086956522
fcfg: 184 690.0 15.222826086956522
dp: 193 715.0 20.911917098445596
fcfg: 193 744.0 25.295336787564768
dp: 215 735.0 28.84186046511628
fcfg: 215 802.0 34.01860465116279
dp: 202 752.0 22.797029702970296
fcfg: 202 760.0 19.935643564356436
dp: 170 693.0 13.876470588235295
fcfg: 170 679.0 7.4941176470588236
dp: 199 705.0 24.698492462311556
fcfg: 199 730.0 32.57788944723618
dp: 219 740.0 36.44748858447488
fcfg: 219 821.0 44.64383561643836
dp: 183 695.0 17.256830601092897
fcfg: 183 709.0 22.049180327868854
dp: 199 705.0 18.43718592964824
fcfg: 199 734.0 21.14572864321608
dp: 209 731.0 27.129186602870814
fcfg: 209 784.0 35.961722488038276
dp: 191 697.0 25.465968586387433
fcfg: 191 722.0 25.858638743455497
dp: 174 681.0 18.333333333333332
fcfg: 174 671.0 9.224137931034482
dp: 168 682.0 9.892857142857142
fcfg: 168 668.0 4.523809523809524
dp: 203 735.0 28.502463054187192
fcfg: 203 770.0 25.29064039408867
dp: 199 708.0 25.417085427135678
fcfg: 199 741.0 25.34673366834171
dp: 192 698.0 26.213541666666668
fcfg: 192 739.0 24.901041666666668
dp: 211 709.0 35.80568720379147
fcfg: 211 757.0 41.36492890995261
dp: 215 726.0 28.12558139534884
fcfg: 215 797.0 29.432558139534883
dp: 200 705.0 17.53
fcfg: 200 754.0 30.47
dp: 184 680.0 20.342391304347824
fcfg: 184 708.0 22.570652173913043
dp: 178 691.0 11.691011235955056
fcfg: 178 685.0 9.573033707865168
dp: 200 719.0 23.94
fcfg: 200 761.0 28.485
dp: 199 716.0 39.447236180904525
fcfg: 199 760.0 38.20603015075377
dp: 174 687.0 10.488505747126437
fcfg: 174 683.0 8.793103448275861
dp: 191 703.0 18.43455497382199
fcfg: 191 725.0 16.094240837696336
dp: 201 721.0 21.00995024875622
fcfg: 201 764.0 20.124378109452735
dp: 192 691.0 21.317708333333332
fcfg: 192 723.0 27.619791666666668
dp: 189 726.0 18.402116402116402
fcfg: 189 741.0 17.047619047619047
dp: 206 729.0 37.75728155339806
fcfg: 206 778.0 39.820388349514566
dp: 242 748.0 45.14876033057851
fcfg: 242 759.0 56.731404958677686
dp: 198 703.0 23.28787878787879
fcfg: 198 729.0 19.449494949494948
dp: 198 740.0 25.92929292929293
fcfg: 198 760.0 22.91919191919192
dp: 203 713.0 27.950738916256157
fcfg: 203 772.0 32.69458128078818
dp: 180 714.0 14.188888888888888
fcfg: 180 700.0 9.683333333333334
dp: 214 710.0 36.80373831775701
fcfg: 214 803.0 46.30373831775701
dp: 207 722.0 31.690821256038646
fcfg: 207 783.0 37.54106280193237
dp: 191 709.0 21.031413612565444
fcfg: 191 730.0 23.785340314136125
dp: 193 700.0 25.243523316062177
fcfg: 193 724.0 29.678756476683937
dp: 201 751.0 26.024875621890548
fcfg: 201 767.0 22.074626865671643
dp: 208 708.0 38.62019230769231
fcfg: 208 766.0 38.6875
dp: 220 737.0 37.89545454545455
fcfg: 220 807.0 42.10909090909091
dp: 210 701.0 30.404761904761905
fcfg: 210 783.0 46.833333333333336
dp: 191 694.0 22.49738219895288
fcfg: 191 723.0 28.19371727748691
dp: 219 723.0 33.02283105022831
fcfg: 219 805.0 34.949771689497716
dp: 218 714.0 40.26605504587156
fcfg: 218 809.0 54.30733944954128
dp: 201 739.0 25.243781094527364
fcfg: 201 751.0 19.855721393034827
dp: 186 694.0 22.311827956989248
fcfg: 186 721.0 28.053763440860216
dp: 203 716.0 23.665024630541872
fcfg: 203 745.0 32.083743842364534
dp: 206 703.0 28.131067961165048
fcfg: 206 742.0 34.310679611650485
dp: 199 723.0 22.44723618090452
fcfg: 199 744.0 19.934673366834172
dp: 185 695.0 20.816216216216215
fcfg: 185 719.0 18.94054054054054
dp: 183 679.0 21.524590163934427
fcfg: 183 694.0 31.69945355191257
dp: 211 721.0 26.71563981042654
fcfg: 211 770.0 29.606635071090047
dp: 187 694.0 16.59893048128342
fcfg: 187 697.0 18.641711229946523
dp: 189 696.0 17.84656084656085
fcfg: 189 700.0 22.386243386243386
dp: 224 751.0 36.080357142857146
fcfg: 224 838.0 43.138392857142854
dp: 214 709.0 31.149532710280372
fcfg: 214 790.0 38.453271028037385
dp: 196 702.0 21.321428571428573
fcfg: 196 741.0 23.403061224489797
dp: 197 712.0 28.370558375634516
fcfg: 197 743.0 25.248730964467004
dp: 188 690.0 24.622340425531913
fcfg: 188 708.0 23.43617021276596
dp: 198 702.0 22.782828282828284
fcfg: 198 728.0 23.550505050505052
dp: 193 724.0 20.922279792746114
fcfg: 193 751.0 19.751295336787564
dp: 209 715.0 33.79904306220096
fcfg: 209 778.0 35.60765550239235
dp: 197 722.0 22.79187817258883
fcfg: 197 747.0 18.18781725888325
dp: 215 721.0 26.87441860465116
fcfg: 215 817.0 41.25581395348837
dp: 191 711.0 28.146596858638745
fcfg: 191 701.0 19.465968586387433
dp: 182 709.0 21.85164835164835
fcfg: 182 727.0 19.395604395604394
dp: 207 713.0 27.270531400966185
fcfg: 207 775.0 31.082125603864736
dp: 205 708.0 28.829268292682926
fcfg: 205 771.0 38.78536585365854
dp: 194 692.0 27.603092783505154
fcfg: 194 725.0 31.72680412371134
dp: 195 686.0 29.82051282051282
fcfg: 195 740.0 35.22051282051282
dp: 198 726.0 23.57070707070707
fcfg: 198 761.0 25.646464646464647
dp: 181 691.0 11.546961325966851
fcfg: 181 697.0 6.370165745856354
dp: 222 732.0 34.0045045045045
fcfg: 222 831.0 40.26126126126126
dp: 199 726.0 37.733668341708544
fcfg: 199 744.0 29.954773869346734
dp: 195 713.0 18.897435897435898
fcfg: 195 733.0 17.784615384615385
dp: 202 719.0 24.787128712871286
fcfg: 202 744.0 21.995049504950494
dp: 193 706.0 25.295336787564768
fcfg: 193 745.0 27.11917098445596
dp: 193 738.0 25.21761658031088
fcfg: 193 756.0 22.383419689119172
dp: 189 723.0 16.264550264550266
fcfg: 189 727.0 14.306878306878307
dp: 198 740.0 21.51010101010101
fcfg: 198 739.0 13.585858585858587
dp: 191 721.0 14.235602094240837
fcfg: 191 735.0 11.3717277486911
dp: 208 708.0 30.01923076923077
fcfg: 208 777.0 39.13461538461539
dp: 212 729.0 30.660377358490567
fcfg: 212 781.0 37.64150943396226
dp: 185 711.0 16.43243243243243
fcfg: 185 720.0 11.875675675675677
dp: 214 713.0 42.925233644859816
fcfg: 214 781.0 41.56542056074766
dp: 165 682.0 9.539393939393939
fcfg: 165 679.0 7.466666666666667
dp: 200 725.0 25.355
fcfg: 200 773.0 28.87
dp: 203 731.0 22.832512315270936
fcfg: 203 769.0 27.374384236453203
dp: 200 731.0 24.315
fcfg: 200 764.0 23.365
dp: 213 726.0 30.610328638497652
fcfg: 213 779.0 33.417840375586856
dp: 188 702.0 20.430851063829788
fcfg: 188 718.0 21.1968085106383
dp: 196 699.0 22.790816326530614
fcfg: 196 716.0 22.229591836734695
dp: 205 728.0 22.71219512195122
fcfg: 205 763.0 27.2
dp: 225 718.0 40.75555555555555
fcfg: 225 836.0 57.60444444444445
dp: 168 683.0 16.267857142857142
fcfg: 168 676.0 9.744047619047619
dp: 195 715.0 23.06153846153846
fcfg: 195 760.0 28.287179487179486
dp: 221 720.0 33.547511312217196
fcfg: 221 825.0 46.977375565610856
dp: 197 715.0 21.02030456852792
fcfg: 197 740.0 20.710659898477157
dp: 202 719.0 31.45049504950495
fcfg: 202 758.0 31.900990099009903
dp: 230 743.0 44.2
fcfg: 230 847.0 62.36086956521739
dp: 214 721.0 28.91588785046729
fcfg: 214 782.0 33.87850467289719
dp: 218 729.0 31.94495412844037
fcfg: 218 833.0 42.31651376146789
dp: 221 724.0 34.619909502262445
fcfg: 221 835.0 51.90950226244344
dp: 200 719.0 24.46
fcfg: 200 753.0 28.075
dp: 212 714.0 28.910377358490567
fcfg: 212 773.0 37.405660377358494
dp: 193 715.0 16.207253886010363
fcfg: 193 733.0 18.10880829015544
dp: 198 704.0 26.196969696969695
fcfg: 198 772.0 34.166666666666664
dp: 214 732.0 34.03738317757009
fcfg: 214 806.0 42.25233644859813
dp: 208 719.0 40.73076923076923
fcfg: 208 790.0 45.59615384615385
dp: 218 733.0 29.58256880733945
fcfg: 218 818.0 45.26146788990825
dp: 197 702.0 30.9746192893401
fcfg: 197 733.0 29.3502538071066
dp: 201 710.0 30.62686567164179
fcfg: 201 738.0 34.27363184079602
dp: 196 713.0 26.53061224489796
fcfg: 196 741.0 25.6734693877551
dp: 193 703.0 23.497409326424872
fcfg: 193 716.0 26.740932642487046
dp: 181 695.0 18.2707182320442
fcfg: 181 706.0 17.585635359116022
dp: 206 714.0 25.883495145631066
fcfg: 206 765.0 32.228155339805824
dp: 214 731.0 33.322429906542055
fcfg: 214 835.0 44.23831775700935
dp: 219 737.0 33.114155251141554
fcfg: 219 804.0 39.853881278538815
dp: 191 711.0 17.12041884816754
fcfg: 191 730.0 13.528795811518325
dp: 198 747.0 34.782828282828284
fcfg: 198 815.0 39.93434343434343
dp: 191 705.0 17.209424083769633
fcfg: 191 736.0 17.984293193717278
dp: 217 728.0 34.38709677419355
fcfg: 217 818.0 50.02764976958525
dp: 198 696.0 25.262626262626263
fcfg: 198 766.0 35.09090909090909
dp: 197 711.0 22.16243654822335
fcfg: 197 725.0 14.299492385786802
dp: 190 702.0 18.605263157894736
fcfg: 190 741.0 24.989473684210527
dp: 168 674.0 10.017857142857142
fcfg: 168 673.0 8.5
dp: 196 703.0 25.071428571428573
fcfg: 196 745.0 26.877551020408163
dp: 199 714.0 22.155778894472363
fcfg: 199 742.0 27.844221105527637
dp: 211 713.0 31.436018957345972
fcfg: 211 795.0 39.426540284360186
dp: 197 716.0 26.233502538071065
fcfg: 197 761.0 30.436548223350254
dp: 208 714.0 35.96634615384615
fcfg: 208 767.0 35.06730769230769
dp: 200 704.0 25.085
fcfg: 200 753.0 32.81
dp: 193 700.0 29.559585492227978
fcfg: 193 724.0 29.435233160621763
dp: 196 724.0 22.0
fcfg: 196 746.0 22.341836734693878
dp: 196 713.0 28.6734693877551
fcfg: 196 751.0 25.377551020408163
dp: 209 704.0 23.014354066985646
fcfg: 209 778.0 24.736842105263158
dp: 192 697.0 19.958333333333332
fcfg: 192 703.0 20.109375
dp: 208 717.0 27.77403846153846
fcfg: 208 777.0 30.264423076923077
dp: 197 696.0 29.065989847715738
fcfg: 197 764.0 36.52284263959391
dp: 209 729.0 30.177033492822968
fcfg: 209 782.0 36.67942583732057
dp: 217 730.0 26.36405529953917
fcfg: 217 817.0 42.54377880184332
dp: 219 732.0 34.48858447488585
fcfg: 219 812.0 48.981735159817354
dp: 216 727.0 34.30555555555556
fcfg: 216 818.0 44.291666666666664
dp: 211 703.0 30.151658767772513
fcfg: 211 785.0 41.62559241706161
dp: 201 701.0 28.91044776119403
fcfg: 201 755.0 34.472636815920396
dp: 196 700.0 23.397959183673468
fcfg: 196 741.0 30.68877551020408
dp: 182 688.0 17.37912087912088
fcfg: 182 692.0 13.467032967032967
dp: 201 720.0 30.90049751243781
fcfg: 201 778.0 33.27860696517413
dp: 190 693.0 25.257894736842104
fcfg: 190 738.0 31.847368421052632
dp: 195 710.0 19.43076923076923
fcfg: 195 739.0 17.164102564102564
dp: 204 717.0 22.980392156862745
fcfg: 204 744.0 23.95098039215686
dp: 196 692.0 22.489795918367346
fcfg: 196 720.0 25.336734693877553
dp: 233 747.0 43.78111587982833
fcfg: 233 768.0 54.30472103004292
dp: 210 718.0 26.438095238095237
fcfg: 210 766.0 33.19047619047619
dp: 186 726.0 25.56451612903226
fcfg: 186 768.0 28.478494623655912
dp: 181 693.0 26.07182320441989
fcfg: 181 700.0 20.1878453038674
dp: 203 716.0 41.610837438423644
fcfg: 203 774.0 38.635467980295566
dp: 199 728.0 21.733668341708544
fcfg: 199 736.0 20.582914572864322
dp: 198 708.0 29.96969696969697
fcfg: 198 720.0 28.803030303030305
dp: 191 700.0 16.49214659685864
fcfg: 191 734.0 18.05759162303665
dp: 211 717.0 34.86255924170616
fcfg: 211 793.0 46.018957345971565
dp: 184 689.0 16.157608695652176
fcfg: 184 703.0 16.45108695652174
dp: 201 693.0 23.09452736318408
fcfg: 201 769.0 30.37313432835821
dp: 203 722.0 27.679802955665025
fcfg: 203 761.0 24.285714285714285
dp: 193 727.0 22.191709844559586
fcfg: 193 750.0 24.186528497409327
dp: 203 747.0 26.763546798029555
fcfg: 203 769.0 23.9064039408867
dp: 204 716.0 28.897058823529413
fcfg: 204 758.0 33.81372549019608
dp: 189 705.0 16.417989417989418
fcfg: 189 730.0 18.756613756613756
dp: 193 717.0 22.792746113989637
fcfg: 193 738.0 19.746113989637305
dp: 211 738.0 30.19905213270142
fcfg: 211 820.0 39.023696682464454
dp: 210 737.0 28.414285714285715
fcfg: 210 756.0 21.9
dp: 206 714.0 30.57766990291262
fcfg: 206 766.0 38.60679611650485
dp: 192 687.0 28.041666666666668
fcfg: 192 741.0 32.072916666666664
dp: 198 693.0 29.11111111111111
fcfg: 198 724.0 32.101010101010104
dp: 199 716.0 23.44221105527638
fcfg: 199 756.0 24.407035175879397
dp: 230 737.0 39.91304347826087
fcfg: 230 849.0 52.56521739130435
dp: 182 671.0 18.032967032967033
fcfg: 182 689.0 17.21978021978022
dp: 201 721.0 34.09950248756219
fcfg: 201 779.0 36.67661691542288
dp: 201 710.0 22.328358208955223
fcfg: 201 736.0 29.91044776119403
dp: 203 708.0 26.70935960591133
fcfg: 203 743.0 26.374384236453203
dp: 212 711.0 34.905660377358494
fcfg: 212 803.0 42.70283018867924
dp: 186 700.0 16.413978494623656
fcfg: 186 712.0 15.634408602150538
dp: 210 716.0 29.561904761904763
fcfg: 210 774.0 34.285714285714285
dp: 183 705.0 15.497267759562842
fcfg: 183 712.0 12.448087431693988
dp: 196 713.0 21.877551020408163
fcfg: 196 753.0 28.525510204081634
dp: 199 730.0 24.457286432160803
fcfg: 199 771.0 26.63819095477387
dp: 213 728.0 31.3943661971831
fcfg: 213 776.0 34.20657276995305
dp: 194 715.0 24.695876288659793
fcfg: 194 748.0 26.74742268041237
dp: 174 682.0 11.844827586206897
fcfg: 174 671.0 13.017241379310345
dp: 192 707.0 17.291666666666668
fcfg: 192 747.0 16.401041666666668
dp: 188 689.0 16.04255319148936
fcfg: 188 704.0 11.78191489361702
dp: 211 716.0 28.777251184834125
fcfg: 211 809.0 36.199052132701425
dp: 183 693.0 14.808743169398907
fcfg: 183 693.0 13.021857923497267
dp: 205 726.0 24.35609756097561
fcfg: 205 782.0 30.975609756097562
dp: 193 718.0 20.673575129533678
fcfg: 193 727.0 11.761658031088082
dp: 222 725.0 31.51801801801802
fcfg: 222 797.0 36.0
dp: 208 707.0 32.41826923076923
fcfg: 208 798.0 43.23557692307692
dp: 190 708.0 17.86842105263158
fcfg: 190 734.0 20.53157894736842
dp: 208 741.0 34.02884615384615
fcfg: 208 790.0 40.67788461538461
dp: 187 696.0 15.203208556149733
fcfg: 187 720.0 15.941176470588236
dp: 179 688.0 14.932960893854748
fcfg: 179 683.0 9.905027932960893
dp: 200 712.0 22.97
fcfg: 200 715.0 27.455
dp: 222 723.0 34.86486486486486
fcfg: 222 823.0 48.75675675675676
dp: 232 738.0 42.49568965517241
fcfg: 232 847.0 60.685344827586206
dp: 218 732.0 32.98623853211009
fcfg: 218 804.0 41.293577981651374
dp: 189 698.0 18.455026455026456
fcfg: 189 724.0 29.936507936507937
dp: 191 689.0 23.24607329842932
fcfg: 191 733.0 27.078534031413614
dp: 179 695.0 14.46927374301676
fcfg: 179 684.0 9.737430167597765
dp: 192 708.0 15.8125
fcfg: 192 717.0 12.255208333333334
dp: 180 684.0 15.944444444444445
fcfg: 180 690.0 16.55
dp: 181 694.0 21.87845303867403
fcfg: 181 708.0 18.425414364640883
dp: 186 706.0 23.93548387096774
fcfg: 186 721.0 16.35483870967742
dp: 198 711.0 29.59090909090909
fcfg: 198 746.0 33.82828282828283
dp: 199 716.0 24.748743718592966
fcfg: 199 752.0 27.63819095477387
dp: 198 707.0 19.656565656565657
fcfg: 198 754.0 15.792929292929292
dp: 187 701.0 19.802139037433154
fcfg: 187 715.0 23.74866310160428
dp: 194 705.0 26.329896907216494
fcfg: 194 754.0 34.70618556701031
dp: 205 695.0 29.5609756097561
fcfg: 205 782.0 37.62926829268293
dp: 202 725.0 28.123762376237625
fcfg: 202 808.0 30.76732673267327
dp: 213 738.0 33.286384976525824
fcfg: 213 801.0 41.009389671361504
dp: 224 760.0 45.55357142857143
fcfg: 224 767.0 43.41517857142857
dp: 209 719.0 27.05263157894737
fcfg: 209 784.0 28.382775119617225
dp: 176 679.0 14.090909090909092
fcfg: 176 672.0 12.431818181818182
dp: 204 702.0 25.53921568627451
fcfg: 204 764.0 39.13235294117647
dp: 210 707.0 25.423809523809524
fcfg: 210 775.0 30.042857142857144
dp: 220 721.0 33.74545454545454
fcfg: 220 837.0 49.96363636363636
dp: 211 730.0 27.781990521327014
fcfg: 211 767.0 30.886255924170616
dp: 220 732.0 38.28636363636364
fcfg: 220 829.0 40.43181818181818
dp: 190 690.0 22.236842105263158
fcfg: 190 726.0 22.021052631578947
dp: 208 707.0 28.6875
fcfg: 208 774.0 47.47596153846154
dp: 207 700.0 30.72463768115942
fcfg: 207 779.0 45.29951690821256
dp: 223 738.0 31.937219730941703
fcfg: 223 834.0 48.99103139013453
dp: 203 722.0 30.251231527093594
fcfg: 203 780.0 34.6551724137931
dp: 213 720.0 27.88262910798122
fcfg: 213 805.0 31.64788732394366
dp: 207 689.0 29.154589371980677
fcfg: 207 767.0 44.289855072463766
dp: 193 688.0 20.60103626943005
fcfg: 193 728.0 23.533678756476682
dp: 226 744.0 43.176991150442475
fcfg: 226 836.0 56.756637168141594
dp: 182 682.0 13.104395604395604
fcfg: 182 682.0 12.703296703296703
dp: 202 725.0 25.792079207920793
fcfg: 202 764.0 25.52970297029703
dp: 188 733.0 14.202127659574469
fcfg: 188 727.0 10.632978723404255
dp: 188 706.0 19.670212765957448
fcfg: 188 708.0 15.72872340425532
dp: 202 716.0 24.95049504950495
fcfg: 202 742.0 23.643564356435643
dp: 209 726.0 27.22488038277512
fcfg: 209 788.0 38.430622009569376
dp: 207 718.0 31.342995169082126
fcfg: 207 779.0 37.85024154589372
dp: 200 720.0 38.92
fcfg: 200 748.0 29.875
dp: 213 715.0 32.39906103286385
fcfg: 213 785.0 41.20657276995305
dp: 195 725.0 18.72820512820513
fcfg: 195 744.0 17.523076923076925
dp: 201 729.0 26.756218905472636
fcfg: 201 748.0 32.77114427860697
dp: 213 728.0 32.48356807511737
fcfg: 213 792.0 50.33802816901409
dp: 216 730.0 32.94444444444444
fcfg: 216 834.0 51.51851851851852
dp: 190 696.0 17.66842105263158
fcfg: 190 722.0 15.468421052631578
dp: 201 719.0 21.82089552238806
fcfg: 201 773.0 29.074626865671643
dp: 200 728.0 28.115
fcfg: 200 793.0 30.705
dp: 198 719.0 29.47979797979798
fcfg: 198 776.0 32.994949494949495
dp: 185 694.0 24.156756756756756
fcfg: 185 704.0 19.275675675675675
dp: 185 681.0 17.83783783783784
fcfg: 185 696.0 19.35135135135135
dp: 193 696.0 20.922279792746114
fcfg: 193 747.0 29.409326424870468
dp: 191 687.0 19.413612565445025
fcfg: 191 707.0 28.020942408376964
dp: 204 737.0 24.465686274509803
fcfg: 204 772.0 26.84313725490196
dp: 200 717.0 24.945
fcfg: 200 768.0 30.62
dp: 188 711.0 21.04255319148936
fcfg: 188 714.0 14.122340425531915
dp: 182 707.0 18.692307692307693
fcfg: 182 719.0 17.01098901098901
dp: 201 708.0 20.940298507462686
fcfg: 201 746.0 19.606965174129353
dp: 201 726.0 23.51741293532338
fcfg: 201 761.0 24.28358208955224
dp: 204 710.0 30.11764705882353
fcfg: 204 778.0 39.30392156862745
dp: 181 691.0 20.2707182320442
fcfg: 181 692.0 18.314917127071823
dp: 198 705.0 23.8989898989899
fcfg: 198 768.0 31.404040404040405
dp: 199 702.0 25.195979899497488
fcfg: 199 730.0 20.21105527638191
dp: 179 697.0 14.832402234636872
fcfg: 179 709.0 14.547486033519553
dp: 171 685.0 10.68421052631579
fcfg: 171 680.0 5.0
dp: 211 720.0 25.886255924170616
fcfg: 211 796.0 27.739336492890995
dp: 196 710.0 25.147959183673468
fcfg: 196 740.0 30.505102040816325
dp: 183 710.0 22.12568306010929
fcfg: 183 736.0 22.3224043715847
dp: 205 723.0 30.497560975609755
fcfg: 205 781.0 40.4390243902439
dp: 200 688.0 24.595
fcfg: 200 742.0 28.795
dp: 187 702.0 17.946524064171122
fcfg: 187 704.0 13.37433155080214
dp: 199 712.0 22.66331658291457
fcfg: 199 775.0 24.77889447236181
dp: 172 674.0 14.122093023255815
fcfg: 172 671.0 9.30232558139535
dp: 208 712.0 26.841346153846153
fcfg: 208 794.0 30.014423076923077
dp: 223 736.0 39.62331838565022
fcfg: 223 841.0 53.05829596412556
dp: 181 692.0 15.099447513812155
fcfg: 181 686.0 13.0
dp: 229 741.0 46.36244541484716
fcfg: 229 832.0 51.53711790393013
dp: 208 743.0 31.629807692307693
fcfg: 208 782.0 30.23076923076923
dp: 216 729.0 32.824074074074076
fcfg: 216 828.0 44.467592592592595
dp: 211 716.0 33.791469194312796
fcfg: 211 796.0 45.345971563981045
dp: 196 696.0 17.479591836734695
fcfg: 196 723.0 23.510204081632654
dp: 199 723.0 27.477386934673365
fcfg: 199 761.0 25.99497487437186
dp: 225 729.0 38.51111111111111
fcfg: 225 808.0 36.13777777777778
dp: 196 694.0 22.54591836734694
fcfg: 196 726.0 24.943877551020407
dp: 212 724.0 32.056603773584904
fcfg: 212 782.0 38.693396226415096
dp: 198 734.0 25.40909090909091
fcfg: 198 749.0 25.45959595959596
dp: 191 685.0 16.858638743455497
fcfg: 191 727.0 26.031413612565444
dp: 171 698.0 11.239766081871345
fcfg: 171 698.0 6.713450292397661
dp: 194 696.0 26.40721649484536
fcfg: 194 716.0 23.757731958762886
dp: 180 689.0 13.544444444444444
fcfg: 180 704.0 9.3
dp: 223 759.0 36.01793721973094
fcfg: 223 839.0 48.493273542600896
dp: 182 687.0 16.785714285714285
fcfg: 182 689.0 12.93956043956044
dp: 186 700.0 17.881720430107528
fcfg: 186 720.0 17.629032258064516
dp: 190 696.0 28.352631578947367
fcfg: 190 722.0 31.54736842105263
dp: 203 733.0 22.108374384236452
fcfg: 203 750.0 19.463054187192117
dp: 195 712.0 25.23076923076923
fcfg: 195 737.0 21.287179487179486
dp: 196 718.0 24.0765306122449
fcfg: 196 754.0 21.346938775510203
dp: 234 744.0 43.743589743589745
fcfg: 234 767.0 47.952991452991455
dp: 224 744.0 36.964285714285715
fcfg: 224 849.0 49.02232142857143
dp: 203 734.0 26.02463054187192
fcfg: 203 771.0 30.261083743842363
dp: 191 720.0 19.7434554973822
fcfg: 191 727.0 13.492146596858639
dp: 193 707.0 16.502590673575128
fcfg: 193 733.0 20.647668393782382
dp: 183 705.0 22.51366120218579
fcfg: 183 727.0 22.103825136612024
dp: 207 730.0 35.27536231884058
fcfg: 207 777.0 35.806763285024154
dp: 221 732.0 34.63800904977376
fcfg: 221 820.0 43.35746606334842
dp: 216 741.0 31.375
fcfg: 216 825.0 43.861111111111114
dp: 192 715.0 17.067708333333332
fcfg: 192 731.0 19.088541666666668
dp: 228 726.0 44.69298245614035
fcfg: 228 823.0 53.69298245614035
dp: 186 690.0 24.188172043010752
fcfg: 186 717.0 20.43010752688172
dp: 222 746.0 41.04504504504504
fcfg: 222 837.0 56.16216216216216
dp: 202 720.0 22.54950495049505
fcfg: 202 780.0 36.29207920792079
dp: 180 725.0 15.822222222222223
fcfg: 180 719.0 8.416666666666666
dp: 188 700.0 21.117021276595743
fcfg: 188 732.0 28.78723404255319
dp: 200 710.0 21.285
fcfg: 200 755.0 28.975
dp: 205 737.0 30.346341463414635
fcfg: 205 778.0 35.141463414634146
dp: 197 710.0 20.126903553299492
fcfg: 197 737.0 22.68020304568528
dp: 214 728.0 40.00934579439252
fcfg: 214 764.0 46.257009345794394
dp: 206 710.0 23.106796116504853
fcfg: 206 748.0 32.422330097087375
dp: 200 696.0 21.9
fcfg: 200 756.0 22.235
dp: 188 712.0 19.28191489361702
fcfg: 188 739.0 12.138297872340425
dp: 172 694.0 11.081395348837209
fcfg: 172 692.0 9.284883720930232
dp: 189 707.0 20.513227513227513
fcfg: 189 729.0 19.052910052910054
dp: 211 745.0 32.77251184834123
fcfg: 211 816.0 37.838862559241704
dp: 195 695.0 28.466666666666665
fcfg: 195 751.0 40.40512820512821
dp: 172 691.0 15.267441860465116
fcfg: 172 677.0 5.325581395348837
dp: 202 702.0 24.633663366336634
fcfg: 202 755.0 24.044554455445546
dp: 206 709.0 27.02912621359223
fcfg: 206 803.0 36.47572815533981
dp: 189 709.0 17.91005291005291
fcfg: 189 731.0 15.513227513227513
dp: 190 708.0 20.457894736842107
fcfg: 190 726.0 20.326315789473686
dp: 179 683.0 13.519553072625698
fcfg: 179 684.0 12.955307262569832
dp: 191 689.0 20.361256544502616
fcfg: 191 735.0 25.319371727748692
dp: 220 748.0 43.527272727272724
fcfg: 220 839.0 49.013636363636365
dp: 190 706.0 17.96842105263158
fcfg: 190 716.0 17.931578947368422
dp: 206 700.0 28.902912621359224
fcfg: 206 778.0 40.0873786407767
dp: 208 697.0 23.341346153846153
fcfg: 208 759.0 29.057692307692307
dp: 200 720.0 20.995
fcfg: 200 769.0 31.13
dp: 207 719.0 21.96135265700483
fcfg: 207 765.0 33.966183574879224
dp: 186 712.0 16.516129032258064
fcfg: 186 721.0 14.505376344086022
dp: 210 715.0 34.65238095238095
fcfg: 210 792.0 46.523809523809526
dp: 199 703.0 26.844221105527637
fcfg: 199 753.0 35.74874371859296
dp: 193 707.0 22.901554404145077
fcfg: 193 724.0 19.818652849740932
dp: 196 703.0 24.183673469387756
fcfg: 196 729.0 22.591836734693878
dp: 229 741.0 47.222707423580786
fcfg: 229 840.0 61.44978165938865
dp: 196 713.0 21.035714285714285
fcfg: 196 745.0 22.346938775510203
dp: 194 720.0 22.54123711340206
fcfg: 194 724.0 16.61855670103093
dp: 182 695.0 22.467032967032967
fcfg: 182 703.0 18.142857142857142
dp: 192 697.0 18.322916666666668
fcfg: 192 703.0 19.453125
dp: 192 712.0 16.505208333333332
fcfg: 192 715.0 12.848958333333334
dp: 189 693.0 20.12169312169312
fcfg: 189 718.0 21.714285714285715
dp: 211 727.0 25.862559241706162
fcfg: 211 790.0 35.981042654028435
dp: 225 729.0 37.62222222222222
fcfg: 225 830.0 50.04
dp: 204 728.0 26.79901960784314
fcfg: 204 763.0 24.833333333333332
dp: 182 706.0 20.46153846153846
fcfg: 182 753.0 21.34065934065934
dp: 188 698.0 23.47872340425532
fcfg: 188 751.0 27.101063829787233
dp: 201 702.0 33.10945273631841
fcfg: 201 741.0 35.517412935323385
dp: 193 714.0 18.927461139896373
fcfg: 193 736.0 19.10362694300518
dp: 193 708.0 18.787564766839377
fcfg: 193 743.0 17.22279792746114
dp: 177 700.0 16.37853107344633
fcfg: 177 708.0 13.76271186440678
dp: 205 695.0 24.24878048780488
fcfg: 205 775.0 35.009756097560974
dp: 206 728.0 23.388349514563107
fcfg: 206 774.0 33.116504854368934
dp: 184 703.0 19.89673913043478
fcfg: 184 701.0 10.690217391304348
dp: 195 737.0 29.153846153846153
fcfg: 195 769.0 32.40512820512821
dp: 190 700.0 25.46842105263158
fcfg: 190 730.0 29.194736842105264
dp: 206 722.0 23.111650485436893
fcfg: 206 774.0 27.019417475728154
dp: 215 728.0 32.01860465116279
fcfg: 215 785.0 41.093023255813954
dp: 189 688.0 18.391534391534393
fcfg: 189 722.0 21.534391534391535
dp: 203 731.0 22.788177339901477
fcfg: 203 757.0 27.17241379310345
dp: 200 723.0 22.71
fcfg: 200 753.0 20.995
dp: 245 752.0 50.477551020408164
fcfg: 245 769.0 58.38367346938775
dp: 215 726.0 28.767441860465116
fcfg: 215 786.0 32.32093023255814
dp: 188 692.0 21.856382978723403
fcfg: 188 712.0 20.54787234042553
dp: 183 701.0 17.666666666666668
fcfg: 183 721.0 15.273224043715848
dp: 225 748.0 37.20444444444445
fcfg: 225 762.0 41.675555555555555
dp: 197 727.0 24.20812182741117
fcfg: 197 760.0 25.532994923857867
dp: 209 720.0 30.1866028708134
fcfg: 209 784.0 41.933014354066984
dp: 218 720.0 28.022935779816514
fcfg: 218 825.0 46.857798165137616
dp: 180 700.0 14.905555555555555
fcfg: 180 688.0 8.4
dp: 192 713.0 14.630208333333334
fcfg: 192 711.0 12.005208333333334
dp: 208 712.0 23.21153846153846
fcfg: 208 796.0 29.552884615384617
dp: 215 734.0 35.16279069767442
fcfg: 215 803.0 43.65581395348837
dp: 209 718.0 29.114832535885167
fcfg: 209 780.0 34.63157894736842
dp: 194 718.0 18.948453608247423
fcfg: 194 728.0 18.149484536082475
dp: 193 714.0 19.17098445595855
fcfg: 193 760.0 22.699481865284973
dp: 197 697.0 31.451776649746193
fcfg: 197 754.0 32.21827411167513
dp: 195 695.0 22.205128205128204
fcfg: 195 713.0 18.75897435897436
dp: 218 729.0 43.10550458715596
fcfg: 218 808.0 46.408256880733944
dp: 187 712.0 16.93048128342246
fcfg: 187 731.0 13.754010695187166
dp: 197 711.0 27.746192893401016
fcfg: 197 774.0 35.56345177664975
dp: 190 704.0 20.847368421052632
fcfg: 190 738.0 25.48421052631579
dp: 216 719.0 34.032407407407405
fcfg: 216 801.0 40.148148148148145
dp: 208 726.0 31.39903846153846
fcfg: 208 778.0 29.110576923076923
dp: 167 677.0 13.25748502994012
fcfg: 167 668.0 10.874251497005988
dp: 208 706.0 27.826923076923077
fcfg: 208 759.0 35.26923076923077
dp: 201 729.0 35.19900497512438
fcfg: 201 785.0 33.049751243781095
dp: 207 702.0 24.758454106280194
fcfg: 207 766.0 35.608695652173914
dp: 194 708.0 20.561855670103093
fcfg: 194 726.0 15.881443298969073
dp: 195 692.0 22.743589743589745
fcfg: 195 756.0 32.323076923076925
dp: 186 702.0 15.209677419354838
fcfg: 186 718.0 14.801075268817204
dp: 220 739.0 36.91818181818182
fcfg: 220 816.0 50.4
dp: 200 708.0 25.605
fcfg: 200 757.0 34.205
dp: 201 708.0 36.76119402985075
fcfg: 201 765.0 33.18905472636816
dp: 212 719.0 34.62264150943396
fcfg: 212 768.0 43.85849056603774
dp: 217 738.0 25.972350230414747
fcfg: 217 813.0 36.3778801843318
dp: 231 758.0 45.78787878787879
fcfg: 231 845.0 60.935064935064936
dp: 213 707.0 39.244131455399064
fcfg: 213 796.0 47.056338028169016
dp: 197 700.0 19.34517766497462
fcfg: 197 740.0 23.629441624365484
dp: 221 738.0 35.619909502262445
fcfg: 221 755.0 40.92760180995475
dp: 204 723.0 26.612745098039216
fcfg: 204 773.0 33.068627450980394
dp: 184 675.0 20.66304347826087
fcfg: 184 707.0 24.315217391304348
dp: 194 722.0 20.90721649484536
fcfg: 194 726.0 13.551546391752577
dp: 214 715.0 29.799065420560748
fcfg: 214 783.0 36.5607476635514
dp: 208 710.0 21.942307692307693
fcfg: 208 778.0 31.01923076923077
dp: 221 730.0 28.099547511312217
fcfg: 221 819.0 41.93665158371041
dp: 215 731.0 36.716279069767445
fcfg: 215 805.0 42.413953488372094
dp: 204 740.0 30.568627450980394
fcfg: 204 809.0 40.44117647058823
dp: 210 719.0 27.385714285714286
fcfg: 210 781.0 36.457142857142856
dp: 188 689.0 18.425531914893618
fcfg: 188 703.0 15.49468085106383
dp: 171 684.0 15.695906432748538
fcfg: 171 674.0 9.789473684210526
dp: 176 705.0 13.176136363636363
fcfg: 176 711.0 7.323863636363637
dp: 208 698.0 35.31730769230769
fcfg: 208 792.0 50.86057692307692
dp: 191 706.0 27.172774869109947
fcfg: 191 748.0 32.16230366492147
dp: 192 694.0 24.526041666666668
fcfg: 192 755.0 35.677083333333336
dp: 219 715.0 35.06849315068493
fcfg: 219 843.0 53.45662100456621
dp: 203 743.0 30.305418719211822
fcfg: 203 780.0 30.11822660098522
dp: 202 710.0 32.95544554455446
fcfg: 202 761.0 35.42079207920792
dp: 200 724.0 27.695
fcfg: 200 772.0 34.185
dp: 205 720.0 36.73170731707317
fcfg: 205 774.0 39.5219512195122
dp: 204 724.0 31.705882352941178
fcfg: 204 765.0 32.47549019607843
dp: 197 709.0 21.497461928934012
fcfg: 197 737.0 18.294416243654823
dp: 217 724.0 30.649769585253456
fcfg: 217 804.0 42.276497695852534
dp: 213 714.0 34.929577464788736
fcfg: 213 783.0 42.08920187793427
dp: 200 716.0 25.865
fcfg: 200 763.0 30.92
dp: 191 715.0 22.680628272251308
fcfg: 191 747.0 26.272251308900522
dp: 168 704.0 9.095238095238095
fcfg: 168 702.0 5.755952380952381
dp: 208 689.0 37.65865384615385
fcfg: 208 778.0 52.50480769230769
dp: 212 723.0 29.87264150943396
fcfg: 212 799.0 34.617924528301884
dp: 217 727.0 35.05069124423963
fcfg: 217 831.0 48.03225806451613
dp: 201 714.0 27.16417910447761
fcfg: 201 749.0 25.736318407960198
dp: 210 709.0 29.590476190476192
fcfg: 210 783.0 37.2952380952381
dp: 207 732.0 34.231884057971016
fcfg: 207 775.0 35.29468599033817
dp: 194 724.0 18.22680412371134
fcfg: 194 740.0 13.463917525773196
dp: 199 713.0 25.613065326633166
fcfg: 199 756.0 29.809045226130653
dp: 198 706.0 34.39393939393939
fcfg: 198 758.0 40.76262626262626
dp: 205 713.0 24.678048780487806
fcfg: 205 756.0 29.546341463414635
dp: 185 692.0 20.94054054054054
fcfg: 185 705.0 18.875675675675677
dp: 180 694.0 18.211111111111112
fcfg: 180 695.0 16.8
dp: 176 694.0 13.568181818181818
fcfg: 176 681.0 9.465909090909092
dp: 188 690.0 19.930851063829788
fcfg: 188 706.0 19.51595744680851
dp: 205 711.0 30.746341463414634
fcfg: 205 764.0 31.09268292682927
dp: 170 711.0 11.894117647058824
fcfg: 170 710.0 7.247058823529412
dp: 192 701.0 16.901041666666668
fcfg: 192 723.0 19.973958333333332
dp: 183 685.0 26.185792349726775
fcfg: 183 700.0 19.73224043715847
dp: 208 717.0 23.485576923076923
fcfg: 208 742.0 18.5625
dp: 192 709.0 21.114583333333332
fcfg: 192 719.0 16.822916666666668
dp: 207 731.0 21.33816425120773
fcfg: 207 777.0 23.893719806763286
dp: 188 702.0 29.06382978723404
fcfg: 188 738.0 26.819148936170212
dp: 187 700.0 22.22459893048128
fcfg: 187 731.0 23.267379679144383
dp: 193 705.0 23.419689119170986
fcfg: 193 712.0 15.22279792746114
dp: 213 737.0 30.737089201877936
fcfg: 213 805.0 37.34272300469483
dp: 202 713.0 24.059405940594058
fcfg: 202 757.0 21.668316831683168
dp: 201 698.0 26.601990049751244
fcfg: 201 750.0 33.114427860696516
dp: 185 678.0 17.72972972972973
fcfg: 185 704.0 21.427027027027027
dp: 179 683.0 17.050279329608937
fcfg: 179 720.0 17.726256983240223
dp: 203 704.0 30.08374384236453
fcfg: 203 768.0 36.88669950738916
dp: 180 690.0 14.96111111111111
fcfg: 180 686.0 11.477777777777778
dp: 197 697.0 22.639593908629443
fcfg: 197 742.0 26.96446700507614
dp: 199 719.0 23.185929648241206
fcfg: 199 756.0 27.22110552763819
dp: 221 735.0 37.515837104072396
fcfg: 221 817.0 41.751131221719454
dp: 218 741.0 32.39908256880734
fcfg: 218 784.0 32.330275229357795
dp: 179 674.0 18.29608938547486
fcfg: 179 672.0 23.022346368715084
dp: 204 732.0 22.852941176470587
fcfg: 204 776.0 27.88235294117647
dp: 191 703.0 24.094240837696336
fcfg: 191 716.0 22.554973821989527
dp: 208 727.0 24.692307692307693
fcfg: 208 794.0 25.677884615384617
dp: 184 695.0 16.89673913043478
fcfg: 184 710.0 14.608695652173912
dp: 198 719.0 27.80808080808081
fcfg: 198 744.0 27.505050505050505
dp: 202 717.0 19.059405940594058
fcfg: 202 763.0 25.143564356435643
dp: 215 754.0 29.04186046511628
fcfg: 215 804.0 29.623255813953488
dp: 177 686.0 16.26553672316384
fcfg: 177 689.0 12.259887005649718
dp: 222 733.0 40.851351351351354
fcfg: 222 801.0 48.0990990990991
dp: 183 702.0 13.497267759562842
fcfg: 183 705.0 9.857923497267759
dp: 215 726.0 35.181395348837206
fcfg: 215 812.0 45.96279069767442
dp: 189 685.0 21.523809523809526
fcfg: 189 707.0 20.052910052910054
dp: 202 723.0 25.742574257425744
fcfg: 202 743.0 22.599009900990097
dp: 208 728.0 28.846153846153847
fcfg: 208 786.0 35.79326923076923
dp: 198 709.0 24.505050505050505
fcfg: 198 780.0 35.13131313131313
dp: 193 711.0 24.901554404145077
fcfg: 193 721.0 15.922279792746114
dp: 203 727.0 22.61576354679803
fcfg: 203 785.0 33.52709359605911
dp: 194 707.0 29.170103092783506
fcfg: 194 737.0 26.15463917525773
dp: 186 704.0 16.397849462365592
fcfg: 186 701.0 8.46774193548387
dp: 198 709.0 25.7979797979798
fcfg: 198 760.0 30.30808080808081
dp: 199 702.0 23.07537688442211
fcfg: 199 756.0 34.24120603015076
dp: 201 707.0 20.238805970149254
fcfg: 201 735.0 19.8407960199005
dp: 213 725.0 31.600938967136152
fcfg: 213 767.0 29.197183098591548
dp: 199 720.0 30.829145728643216
fcfg: 199 733.0 21.42713567839196
dp: 215 744.0 34.730232558139534
fcfg: 215 851.0 47.75813953488372
dp: 189 688.0 20.15343915343915
fcfg: 189 698.0 18.354497354497354
dp: 197 699.0 21.604060913705585
fcfg: 197 729.0 27.086294416243653
dp: 215 724.0 23.260465116279068
fcfg: 215 801.0 34.53023255813954
dp: 213 723.0 30.497652582159624
fcfg: 213 805.0 38.262910798122064
dp: 215 716.0 43.116279069767444
fcfg: 215 810.0 48.61860465116279
dp: 205 721.0 32.06341463414634
fcfg: 205 789.0 41.863414634146345
dp: 183 687.0 16.147540983606557
fcfg: 183 716.0 14.737704918032787
dp: 206 705.0 22.37864077669903
fcfg: 206 772.0 29.29126213592233
dp: 218 739.0 31.353211009174313
fcfg: 218 831.0 53.862385321100916
dp: 190 706.0 20.6
fcfg: 190 742.0 20.81578947368421
dp: 206 725.0 25.296116504854368
fcfg: 206 767.0 29.368932038834952
dp: 193 700.0 21.33678756476684
fcfg: 193 725.0 19.735751295336787
dp: 188 700.0 22.377659574468087
fcfg: 188 726.0 27.29787234042553
dp: 198 721.0 23.1010101010101
fcfg: 198 758.0 23.31313131313131
dp: 192 721.0 18.057291666666668
fcfg: 192 724.0 14.348958333333334
dp: 171 690.0 12.24561403508772
fcfg: 171 683.0 7.830409356725146
dp: 199 724.0 17.849246231155778
fcfg: 199 741.0 20.326633165829147
dp: 217 718.0 32.09216589861751
fcfg: 217 793.0 38.8479262672811
dp: 209 736.0 37.866028708133975
fcfg: 209 796.0 46.33014354066986
dp: 195 721.0 24.0
fcfg: 195 725.0 18.97948717948718
dp: 226 757.0 37.18141592920354
fcfg: 226 838.0 44.65929203539823
dp: 211 735.0 34.13744075829384
fcfg: 211 797.0 40.279620853080566
dp: 212 736.0 33.93396226415094
fcfg: 212 809.0 38.12264150943396
dp: 180 691.0 13.522222222222222
fcfg: 180 695.0 11.855555555555556
dp: 214 726.0 25.22429906542056
fcfg: 214 811.0 40.070093457943926
dp: 191 708.0 20.87958115183246
fcfg: 191 729.0 20.18324607329843
dp: 215 746.0 38.98139534883721
fcfg: 215 808.0 38.27906976744186
dp: 196 732.0 21.198979591836736
fcfg: 196 757.0 16.102040816326532
dp: 199 707.0 28.57788944723618
fcfg: 199 739.0 28.271356783919597
dp: 208 729.0 25.60096153846154
fcfg: 208 774.0 28.89903846153846
dp: 219 726.0 40.114155251141554
fcfg: 219 828.0 50.42009132420091
dp: 212 729.0 35.99528301886792
fcfg: 212 797.0 42.18396226415094
dp: 186 692.0 18.408602150537636
fcfg: 186 704.0 21.913978494623656
dp: 185 712.0 16.524324324324326
fcfg: 185 711.0 13.848648648648648
dp: 201 717.0 24.601990049751244
fcfg: 201 755.0 22.950248756218905
dp: 191 703.0 16.43455497382199
fcfg: 191 717.0 22.759162303664922
dp: 205 711.0 32.546341463414635
fcfg: 205 751.0 27.804878048780488
dp: 190 699.0 23.521052631578947
fcfg: 190 724.0 22.3
dp: 199 734.0 25.954773869346734
fcfg: 199 749.0 31.34170854271357
dp: 184 690.0 19.402173913043477
fcfg: 184 729.0 17.065217391304348
dp: 180 682.0 10.994444444444444
fcfg: 180 690.0 5.811111111111111
dp: 200 703.0 28.73
fcfg: 200 772.0 41.525
dp: 202 735.0 33.00990099009901
fcfg: 202 760.0 32.084158415841586
dp: 187 703.0 24.02673796791444
fcfg: 187 729.0 22.262032085561497
dp: 191 696.0 17.099476439790575
fcfg: 191 714.0 21.50261780104712
dp: 202 718.0 24.10891089108911
fcfg: 202 759.0 21.178217821782177
dp: 186 693.0 14.698924731182796
fcfg: 186 696.0 13.231182795698924
dp: 186 701.0 21.806451612903224
fcfg: 186 733.0 20.989247311827956
dp: 186 697.0 24.080645161290324
fcfg: 186 718.0 21.56451612903226
dp: 191 709.0 22.471204188481675
fcfg: 191 743.0 27.026178010471206
dp: 203 696.0 25.246305418719214
fcfg: 203 760.0 37.87684729064039
dp: 207 731.0 34.1256038647343
fcfg: 207 816.0 42.71980676328502
dp: 220 757.0 31.25
fcfg: 220 830.0 40.6
dp: 193 715.0 20.585492227979273
fcfg: 193 729.0 19.481865284974095
dp: 196 695.0 20.377551020408163
fcfg: 196 741.0 27.698979591836736
dp: 192 697.0 22.817708333333332
fcfg: 192 718.0 26.604166666666668
dp: 195 734.0 15.38974358974359
fcfg: 195 743.0 10.312820512820513
dp: 210 715.0 32.24761904761905
fcfg: 210 774.0 36.46666666666667
dp: 203 726.0 20.310344827586206
fcfg: 203 777.0 20.694581280788178
dp: 209 718.0 27.980861244019138
fcfg: 209 799.0 32.55023923444976
dp: 207 701.0 25.88888888888889
fcfg: 207 770.0 35.20289855072464
dp: 207 707.0 30.536231884057973
fcfg: 207 756.0 41.93719806763285
dp: 176 685.0 19.869318181818183
fcfg: 176 671.0 8.647727272727273
dp: 188 703.0 16.70212765957447
fcfg: 188 719.0 20.76595744680851
dp: 233 745.0 44.433476394849784
fcfg: 233 857.0 58.261802575107296
dp: 214 722.0 35.67289719626168
fcfg: 214 792.0 44.200934579439256
dp: 189 694.0 16.476190476190474
fcfg: 189 698.0 16.280423280423282
dp: 209 732.0 32.7799043062201
fcfg: 209 763.0 41.72727272727273
dp: 194 697.0 19.50515463917526
fcfg: 194 726.0 27.391752577319586
dp: 213 708.0 37.28169014084507
fcfg: 213 781.0 45.89201877934272
dp: 183 683.0 24.562841530054644
fcfg: 183 709.0 29.601092896174862
dp: 200 711.0 29.725
fcfg: 200 764.0 32.91
dp: 183 692.0 18.07650273224044
fcfg: 183 709.0 18.043715846994534
dp: 205 698.0 36.395121951219515
fcfg: 205 775.0 43.04390243902439
dp: 206 702.0 35.72330097087379
fcfg: 206 779.0 43.87864077669903
dp: 209 704.0 31.48803827751196
fcfg: 209 762.0 44.08133971291866
dp: 196 699.0 26.341836734693878
fcfg: 196 750.0 30.6734693877551
dp: 196 692.0 20.775510204081634
fcfg: 196 730.0 22.994897959183675
dp: 206 717.0 32.567961165048544
fcfg: 206 786.0 41.57281553398058
dp: 203 693.0 26.182266009852217
fcfg: 203 757.0 39.27093596059113
dp: 169 709.0 11.562130177514794
fcfg: 169 709.0 5.053254437869822
dp: 211 707.0 26.14691943127962
fcfg: 211 791.0 34.89099526066351
dp: 188 695.0 21.25531914893617
fcfg: 188 719.0 23.54255319148936
dp: 182 694.0 14.065934065934066
fcfg: 182 692.0 9.994505494505495
dp: 184 681.0 15.119565217391305
fcfg: 184 695.0 14.13586956521739
dp: 183 710.0 15.934426229508198
fcfg: 183 733.0 14.46448087431694
dp: 182 716.0 17.357142857142858
fcfg: 182 719.0 13.461538461538462
dp: 205 700.0 21.917073170731708
fcfg: 205 786.0 34.34146341463415
dp: 191 727.0 30.921465968586386
fcfg: 191 742.0 26.80628272251309
dp: 195 718.0 22.43076923076923
fcfg: 195 738.0 26.553846153846155
dp: 218 730.0 37.68807339449541
fcfg: 218 805.0 47.23394495412844
dp: 216 736.0 40.19444444444444
fcfg: 216 806.0 49.236111111111114
dp: 176 685.0 13.090909090909092
fcfg: 176 691.0 7.443181818181818
dp: 207 726.0 29.603864734299517
fcfg: 207 780.0 36.289855072463766
dp: 177 694.0 11.096045197740112
fcfg: 177 700.0 12.774011299435028
dp: 197 707.0 26.299492385786802
fcfg: 197 736.0 24.091370558375633
dp: 184 690.0 20.581521739130434
fcfg: 184 709.0 22.527173913043477
dp: 181 681.0 17.49171270718232
fcfg: 181 716.0 24.18232044198895
dp: 185 709.0 15.691891891891892
fcfg: 185 718.0 12.864864864864865
dp: 208 717.0 29.129807692307693
fcfg: 208 790.0 41.51442307692308
dp: 207 695.0 39.78743961352657
fcfg: 207 773.0 55.52173913043478
dp: 213 724.0 30.0
fcfg: 213 784.0 38.309859154929576
dp: 202 720.0 24.757425742574256
fcfg: 202 756.0 31.65841584158416
dp: 204 719.0 24.764705882352942
fcfg: 204 767.0 28.79901960784314
dp: 192 719.0 19.994791666666668
fcfg: 192 755.0 21.5
dp: 202 702.0 27.198019801980198
fcfg: 202 754.0 33.71782178217822
dp: 208 712.0 30.35576923076923
fcfg: 208 763.0 34.23076923076923
dp: 166 683.0 6.819277108433735
fcfg: 166 680.0 4.259036144578313
dp: 209 707.0 32.7799043062201
fcfg: 209 768.0 37.74162679425837
dp: 198 718.0 22.439393939393938
fcfg: 198 754.0 21.03030303030303
dp: 227 735.0 36.951541850220266
fcfg: 227 851.0 49.07929515418502
dp: 208 719.0 27.783653846153847
fcfg: 208 771.0 27.6875
dp: 214 695.0 43.771028037383175
fcfg: 214 797.0 55.39252336448598
dp: 199 702.0 26.673366834170853
fcfg: 199 737.0 31.020100502512562
dp: 209 707.0 33.82775119617225
fcfg: 209 767.0 43.82775119617225
dp: 207 732.0 33.94202898550725
fcfg: 207 774.0 38.5024154589372
dp: 193 715.0 14.83419689119171
fcfg: 193 731.0 17.067357512953368
dp: 229 750.0 39.56331877729258
fcfg: 229 821.0 51.45414847161572
dp: 214 717.0 36.10280373831776
fcfg: 214 783.0 40.19626168224299
dp: 194 692.0 24.701030927835053
fcfg: 194 752.0 25.572164948453608
dp: 197 706.0 22.116751269035532
fcfg: 197 740.0 25.253807106598984
dp: 223 733.0 33.573991031390136
fcfg: 223 815.0 44.83856502242153
dp: 196 711.0 19.372448979591837
fcfg: 196 719.0 19.397959183673468
dp: 196 698.0 20.612244897959183
fcfg: 196 734.0 21.4234693877551
dp: 213 714.0 32.98122065727699
fcfg: 213 787.0 47.31924882629108
dp: 203 714.0 30.098522167487683
fcfg: 203 782.0 39.20197044334975
dp: 194 694.0 19.376288659793815
fcfg: 194 727.0 21.948453608247423
dp: 222 720.0 44.74324324324324
fcfg: 222 806.0 54.56306306306306
dp: 200 720.0 20.175
fcfg: 200 751.0 18.915
dp: 207 735.0 33.265700483091784
fcfg: 207 788.0 36.734299516908216
dp: 215 730.0 23.530232558139534
fcfg: 215 799.0 33.479069767441864
dp: 193 696.0 22.295336787564768
fcfg: 193 728.0 21.761658031088082
dp: 193 715.0 22.787564766839377
fcfg: 193 741.0 32.89119170984456
dp: 216 725.0 32.35648148148148
fcfg: 216 792.0 37.004629629629626
dp: 187 704.0 19.967914438502675
fcfg: 187 715.0 18.97326203208556
dp: 172 693.0 13.604651162790697
fcfg: 172 693.0 11.761627906976743
dp: 175 702.0 11.348571428571429
fcfg: 175 697.0 7.434285714285714
dp: 211 728.0 34.28436018957346
fcfg: 211 786.0 44.345971563981045
dp: 194 707.0 25.432989690721648
fcfg: 194 736.0 25.74742268041237
dp: 204 723.0 26.41176470588235
fcfg: 204 773.0 33.82843137254902
dp: 181 696.0 17.784530386740332
fcfg: 181 702.0 14.535911602209945
dp: 208 713.0 26.966346153846153
fcfg: 208 781.0 26.97596153846154
dp: 231 737.0 37.74025974025974
fcfg: 231 751.0 41.71861471861472
dp: 215 716.0 37.306976744186045
fcfg: 215 799.0 40.11162790697674
dp: 202 723.0 33.28712871287129
fcfg: 202 767.0 32.995049504950494
dp: 212 726.0 26.900943396226417
fcfg: 212 785.0 32.04245283018868
dp: 187 698.0 19.49197860962567
fcfg: 187 707.0 21.235294117647058
dp: 200 713.0 22.075
fcfg: 200 750.0 30.835
dp: 216 726.0 36.282407407407405
fcfg: 216 805.0 49.13425925925926
dp: 195 714.0 16.035897435897436
fcfg: 195 706.0 12.533333333333333
dp: 227 747.0 36.93392070484582
fcfg: 227 859.0 50.97356828193833
dp: 185 699.0 14.659459459459459
fcfg: 185 706.0 16.475675675675674
dp: 199 712.0 21.87939698492462
fcfg: 199 742.0 21.547738693467338
dp: 204 714.0 21.34313725490196
fcfg: 204 755.0 22.558823529411764
dp: 172 690.0 12.627906976744185
fcfg: 172 687.0 10.36046511627907
dp: 190 711.0 19.989473684210527
fcfg: 190 718.0 17.33157894736842
dp: 181 692.0 15.204419889502763
fcfg: 181 672.0 9.320441988950277
dp: 206 711.0 23.383495145631066
fcfg: 206 752.0 24.703883495145632
dp: 200 724.0 23.41
fcfg: 200 746.0 27.315
dp: 212 709.0 29.683962264150942
fcfg: 212 781.0 37.721698113207545
dp: 205 736.0 34.390243902439025
fcfg: 205 751.0 30.570731707317073
dp: 190 724.0 19.68421052631579
fcfg: 190 731.0 18.957894736842107
dp: 207 706.0 25.618357487922705
fcfg: 207 774.0 39.806763285024154
dp: 199 712.0 23.21608040201005
fcfg: 199 754.0 28.974874371859297
dp: 183 693.0 17.9672131147541
fcfg: 183 674.0 14.60655737704918
dp: 203 698.0 32.42857142857143
fcfg: 203 777.0 51.26108374384236
dp: 225 709.0 37.23555555555556
fcfg: 225 752.0 46.83111111111111
dp: 206 728.0 32.13106796116505
fcfg: 206 785.0 35.179611650485434
dp: 220 729.0 43.93181818181818
fcfg: 220 816.0 55.277272727272724
dp: 192 723.0 18.197916666666668
fcfg: 192 758.0 18.192708333333332
dp: 202 693.0 26.584158415841586
fcfg: 202 752.0 35.148514851485146
dp: 182 698.0 16.252747252747252
fcfg: 182 731.0 16.97252747252747
dp: 180 691.0 16.322222222222223
fcfg: 180 690.0 10.75
dp: 217 721.0 32.51152073732719
fcfg: 217 794.0 41.11059907834101
dp: 182 713.0 14.340659340659341
fcfg: 182 695.0 4.730769230769231
dp: 202 719.0 23.975247524752476
fcfg: 202 754.0 26.143564356435643
dp: 209 697.0 29.33492822966507
fcfg: 209 772.0 36.78947368421053
dp: 184 692.0 19.315217391304348
fcfg: 184 705.0 20.983695652173914
dp: 210 721.0 21.97142857142857
fcfg: 210 770.0 23.942857142857143
dp: 208 733.0 28.125
fcfg: 208 797.0 29.389423076923077
dp: 213 709.0 31.690140845070424
fcfg: 213 801.0 45.610328638497656
dp: 211 725.0 36.21800947867298
fcfg: 211 797.0 47.48815165876777
dp: 211 732.0 33.85308056872038
fcfg: 211 772.0 37.61611374407583
dp: 234 743.0 38.64529914529915
fcfg: 234 826.0 52.15384615384615
dp: 192 710.0 20.9375
fcfg: 192 739.0 19.901041666666668
dp: 183 676.0 19.098360655737704
fcfg: 183 703.0 18.398907103825138
dp: 190 699.0 16.9
fcfg: 190 714.0 13.810526315789474
dp: 200 732.0 20.26
fcfg: 200 750.0 20.83
dp: 195 704.0 27.897435897435898
fcfg: 195 751.0 36.312820512820515
dp: 188 704.0 25.02127659574468
fcfg: 188 726.0 23.48936170212766
dp: 218 744.0 35.26146788990825
fcfg: 218 828.0 47.42660550458716
dp: 208 705.0 29.009615384615383
fcfg: 208 757.0 38.00480769230769
dp: 215 708.0 37.37674418604651
fcfg: 215 826.0 52.19069767441861
dp: 194 687.0 24.86082474226804
fcfg: 194 708.0 17.79381443298969
dp: 179 689.0 14.8268156424581
fcfg: 179 679.0 9.486033519553073
dp: 175 672.0 17.274285714285714
fcfg: 175 682.0 20.4
dp: 196 732.0 22.285714285714285
fcfg: 196 770.0 25.168367346938776
dp: 204 713.0 20.82843137254902
fcfg: 204 781.0 23.205882352941178
dp: 194 698.0 23.061855670103093
fcfg: 194 723.0 26.22680412371134
dp: 193 703.0 19.326424870466322
fcfg: 193 737.0 16.21761658031088
dp: 199 713.0 28.08542713567839
fcfg: 199 750.0 26.482412060301506
dp: 211 725.0 34.492890995260666
fcfg: 211 796.0 42.08530805687204
dp: 217 741.0 34.483870967741936
fcfg: 217 810.0 39.02304147465438
dp: 210 716.0 37.5
fcfg: 210 788.0 49.70952380952381
dp: 193 727.0 21.414507772020727
fcfg: 193 748.0 28.83937823834197
dp: 199 705.0 24.155778894472363
fcfg: 199 755.0 28.33668341708543
dp: 194 717.0 24.814432989690722
fcfg: 194 748.0 24.489690721649485
dp: 218 711.0 39.45871559633027
fcfg: 218 804.0 45.79816513761468
dp: 206 734.0 25.883495145631066
fcfg: 206 751.0 19.49514563106796
dp: 207 746.0 31.93719806763285
fcfg: 207 809.0 34.43478260869565
dp: 192 705.0 18.770833333333332
fcfg: 192 721.0 20.338541666666668
dp: 208 716.0 33.29807692307692
fcfg: 208 774.0 43.79807692307692
dp: 187 701.0 16.711229946524064
fcfg: 187 705.0 20.877005347593585
dp: 207 713.0 24.88888888888889
fcfg: 207 762.0 25.690821256038646
dp: 195 715.0 25.56923076923077
fcfg: 195 744.0 22.96923076923077
dp: 166 696.0 7.475903614457831
fcfg: 166 693.0 4.379518072289157
dp: 193 700.0 17.875647668393782
fcfg: 193 724.0 19.352331606217618
dp: 214 727.0 27.098130841121495
fcfg: 214 812.0 37.677570093457945
dp: 181 694.0 12.138121546961326
fcfg: 181 702.0 5.983425414364641
dp: 191 712.0 15.38219895287958
fcfg: 191 754.0 15.680628272251308
dp: 221 719.0 32.41628959276018
fcfg: 221 801.0 45.380090497737555
dp: 201 710.0 23.383084577114428
fcfg: 201 744.0 28.616915422885572
dp: 188 697.0 23.51595744680851
fcfg: 188 701.0 19.98936170212766
dp: 198 700.0 23.67676767676768
fcfg: 198 742.0 27.146464646464647
dp: 207 726.0 23.70048309178744
fcfg: 207 770.0 23.685990338164252
dp: 176 706.0 15.664772727272727
fcfg: 176 715.0 13.034090909090908
dp: 187 706.0 20.149732620320854
fcfg: 187 740.0 20.711229946524064
dp: 190 699.0 23.673684210526314
fcfg: 190 690.0 15.436842105263159
dp: 203 713.0 29.8128078817734
fcfg: 203 749.0 33.610837438423644
dp: 204 729.0 22.94607843137255
fcfg: 204 772.0 31.46078431372549
dp: 179 687.0 18.70391061452514
fcfg: 179 690.0 21.23463687150838
dp: 201 702.0 26.850746268656717
fcfg: 201 739.0 32.06467661691542
dp: 189 687.0 18.43915343915344
fcfg: 189 689.0 19.724867724867725
dp: 203 722.0 34.45812807881774
fcfg: 203 784.0 42.42857142857143
dp: 194 708.0 20.128865979381445
fcfg: 194 716.0 15.469072164948454
dp: 186 692.0 15.870967741935484
fcfg: 186 702.0 11.618279569892474
dp: 200 714.0 21.95
fcfg: 200 769.0 30.075
dp: 191 701.0 26.607329842931936
fcfg: 191 723.0 25.49738219895288
dp: 196 706.0 21.137755102040817
fcfg: 196 724.0 18.239795918367346
dp: 216 733.0 31.453703703703702
fcfg: 216 810.0 33.129629629629626
dp: 184 703.0 18.847826086956523
fcfg: 184 713.0 16.065217391304348
dp: 211 715.0 41.06161137440758
fcfg: 211 776.0 41.90995260663507
dp: 222 724.0 40.806306306306304
fcfg: 222 747.0 40.93693693693694
dp: 216 731.0 31.921296296296298
fcfg: 216 812.0 44.129629629629626
dp: 204 734.0 28.848039215686274
fcfg: 204 780.0 35.6078431372549
dp: 227 741.0 44.030837004405285
fcfg: 227 846.0 62.30396475770925
dp: 202 707.0 29.623762376237625
fcfg: 202 764.0 35.0
dp: 207 692.0 31.314009661835748
fcfg: 207 788.0 50.83574879227053
dp: 192 698.0 25.307291666666668
fcfg: 192 712.0 20.546875
dp: 182 688.0 16.302197802197803
fcfg: 182 701.0 15.5
dp: 216 756.0 25.85185185185185
fcfg: 216 798.0 29.61111111111111
dp: 195 709.0 22.53846153846154
fcfg: 195 742.0 19.77948717948718
dp: 201 718.0 25.228855721393035
fcfg: 201 752.0 25.980099502487562
dp: 214 736.0 30.023364485981308
fcfg: 214 796.0 33.64018691588785
dp: 215 720.0 32.544186046511626
fcfg: 215 809.0 42.41860465116279
dp: 195 684.0 23.215384615384615
fcfg: 195 722.0 30.902564102564103
dp: 205 732.0 30.521951219512196
fcfg: 205 774.0 31.878048780487806
dp: 202 706.0 32.2970297029703
fcfg: 202 759.0 40.54455445544554
dp: 182 692.0 13.631868131868131
fcfg: 182 701.0 12.373626373626374
dp: 205 715.0 29.609756097560975
fcfg: 205 755.0 33.146341463414636
dp: 207 728.0 29.17874396135266
fcfg: 207 782.0 31.10144927536232
dp: 206 716.0 30.466019417475728
fcfg: 206 778.0 39.140776699029125
dp: 221 728.0 37.963800904977376
fcfg: 221 799.0 46.23529411764706
dp: 193 728.0 20.383419689119172
fcfg: 193 736.0 15.481865284974093
dp: 183 698.0 18.240437158469945
fcfg: 183 721.0 19.46448087431694
dp: 192 712.0 23.395833333333332
fcfg: 192 727.0 20.984375
dp: 215 713.0 38.883720930232556
fcfg: 215 797.0 46.25116279069768
dp: 193 692.0 23.34715025906736
fcfg: 193 711.0 22.191709844559586
dp: 201 700.0 31.323383084577113
fcfg: 201 765.0 39.67164179104478
dp: 167 680.0 12.970059880239521
fcfg: 167 669.0 10.125748502994012
dp: 191 718.0 19.79581151832461
fcfg: 191 731.0 15.706806282722512
dp: 213 737.0 30.399061032863848
fcfg: 213 809.0 37.286384976525824
dp: 169 702.0 12.727810650887575
fcfg: 169 693.0 7.544378698224852
dp: 198 716.0 21.904040404040405
fcfg: 198 748.0 22.333333333333332
dp: 187 685.0 30.459893048128343
fcfg: 187 733.0 37.68983957219251
dp: 215 735.0 26.47906976744186
fcfg: 215 816.0 37.67906976744186
dp: 187 689.0 26.71657754010695
fcfg: 187 717.0 23.732620320855617
dp: 192 706.0 20.666666666666668
fcfg: 192 724.0 22.447916666666668
dp: 210 708.0 26.676190476190477
fcfg: 210 781.0 41.77619047619048
dp: 196 702.0 18.428571428571427
fcfg: 196 717.0 22.214285714285715
dp: 199 706.0 32.482412060301506
fcfg: 199 732.0 28.477386934673365
dp: 198 708.0 24.13131313131313
fcfg: 198 747.0 23.904040404040405
dp: 200 734.0 20.14
fcfg: 200 768.0 18.88
dp: 193 694.0 21.17616580310881
fcfg: 193 738.0 24.481865284974095
dp: 197 712.0 19.16243654822335
fcfg: 197 737.0 19.502538071065988
dp: 173 680.0 11.3121387283237
fcfg: 173 671.0 7.098265895953757
dp: 226 756.0 34.7212389380531
fcfg: 226 840.0 48.07079646017699
dp: 192 675.0 22.078125
fcfg: 192 725.0 20.895833333333332
dp: 194 715.0 22.18041237113402
fcfg: 194 745.0 21.835051546391753
dp: 202 698.0 25.004950495049506
fcfg: 202 776.0 33.0
dp: 219 730.0 39.22374429223744
fcfg: 219 826.0 46.917808219178085
dp: 209 721.0 35.20095693779904
fcfg: 209 801.0 42.82775119617225
dp: 212 729.0 34.301886792452834
fcfg: 212 795.0 45.16981132075472
dp: 195 703.0 19.107692307692307
fcfg: 195 735.0 23.15897435897436
dp: 193 705.0 15.958549222797927
fcfg: 193 735.0 19.481865284974095
dp: 197 718.0 25.15736040609137
fcfg: 197 744.0 26.416243654822335
dp: 183 708.0 15.174863387978142
fcfg: 183 712.0 11.650273224043715
dp: 207 706.0 25.32850241545894
fcfg: 207 774.0 29.057971014492754
dp: 195 710.0 25.0
fcfg: 195 750.0 25.84102564102564
dp: 175 671.0 15.834285714285715
fcfg: 175 681.0 21.01142857142857
dp: 194 715.0 24.685567010309278
fcfg: 194 758.0 33.02577319587629
dp: 194 698.0 23.1340206185567
fcfg: 194 724.0 21.536082474226806
dp: 201 710.0 25.45771144278607
fcfg: 201 739.0 21.442786069651742
dp: 181 702.0 14.176795580110497
fcfg: 181 718.0 12.994475138121548
dp: 210 734.0 36.20952380952381
fcfg: 210 794.0 39.20952380952381
dp: 195 690.0 21.815384615384616
fcfg: 195 720.0 20.98974358974359
dp: 194 693.0 18.963917525773194
fcfg: 194 716.0 19.34536082474227
dp: 190 705.0 25.873684210526317
fcfg: 190 711.0 21.63684210526316
dp: 192 700.0 20.640625
fcfg: 192 735.0 19.182291666666668
dp: 197 729.0 24.67005076142132
fcfg: 197 753.0 24.081218274111674
dp: 198 722.0 26.57070707070707
fcfg: 198 756.0 26.075757575757574
dp: 208 719.0 30.947115384615383
fcfg: 208 751.0 32.77403846153846
dp: 214 715.0 30.52803738317757
fcfg: 214 808.0 35.467289719626166
dp: 188 715.0 14.675531914893616
fcfg: 188 715.0 7.962765957446808
dp: 211 731.0 30.265402843601894
fcfg: 211 797.0 38.56398104265403
dp: 202 730.0 18.97029702970297
fcfg: 202 761.0 20.10891089108911
dp: 194 709.0 21.685567010309278
fcfg: 194 729.0 15.896907216494846
dp: 201 726.0 30.691542288557216
fcfg: 201 773.0 41.35820895522388
dp: 196 717.0 30.387755102040817
fcfg: 196 749.0 35.066326530612244
dp: 194 691.0 27.54123711340206
fcfg: 194 746.0 37.98453608247423
dp: 195 710.0 18.58974358974359
fcfg: 195 745.0 18.266666666666666
dp: 207 701.0 24.531400966183575
fcfg: 207 789.0 31.053140096618357
dp: 186 686.0 21.483870967741936
fcfg: 186 696.0 15.956989247311828
dp: 209 722.0 27.172248803827753
fcfg: 209 780.0 28.84688995215311
dp: 201 720.0 24.756218905472636
fcfg: 201 761.0 31.388059701492537
dp: 176 688.0 13.267045454545455
fcfg: 176 684.0 11.840909090909092
dp: 199 725.0 23.44221105527638
fcfg: 199 753.0 26.110552763819097
dp: 223 728.0 30.713004484304932
fcfg: 223 827.0 35.83856502242153
dp: 202 710.0 25.371287128712872
fcfg: 202 781.0 37.82178217821782
dp: 198 702.0 25.060606060606062
fcfg: 198 729.0 28.065656565656564
dp: 197 720.0 24.65989847715736
fcfg: 197 732.0 22.939086294416242
dp: 211 737.0 33.322274881516584
fcfg: 211 801.0 40.76303317535545
dp: 178 687.0 17.859550561797754
fcfg: 178 683.0 9.808988764044944
dp: 212 732.0 41.85849056603774
fcfg: 212 793.0 46.929245283018865
dp: 205 709.0 30.502439024390245
fcfg: 205 785.0 39.985365853658536
dp: 188 688.0 25.414893617021278
fcfg: 188 711.0 30.909574468085108
dp: 196 714.0 21.908163265306122
fcfg: 196 726.0 21.821428571428573
dp: 211 720.0 32.58767772511848
fcfg: 211 780.0 39.21800947867298
dp: 204 707.0 30.416666666666668
fcfg: 204 769.0 40.8921568627451
dp: 210 689.0 35.10952380952381
fcfg: 210 785.0 46.714285714285715
dp: 189 696.0 25.93121693121693
fcfg: 189 752.0 26.243386243386244
dp: 190 691.0 25.51578947368421
fcfg: 190 720.0 24.489473684210527
dp: 192 700.0 23.59375
fcfg: 192 742.0 32.036458333333336
dp: 192 707.0 25.09375
fcfg: 192 753.0 20.036458333333332
dp: 214 730.0 26.261682242990656
fcfg: 214 809.0 35.35981308411215
dp: 204 696.0 24.69607843137255
fcfg: 204 762.0 35.90196078431372
dp: 211 735.0 32.350710900473935
fcfg: 211 793.0 40.14218009478673
dp: 192 711.0 18.963541666666668
fcfg: 192 726.0 15.65625
dp: 209 714.0 29.583732057416267
fcfg: 209 796.0 38.87081339712919
dp: 215 714.0 25.66046511627907
fcfg: 215 801.0 41.23255813953488
dp: 224 755.0 37.74107142857143
fcfg: 224 833.0 43.299107142857146
dp: 210 714.0 29.061904761904763
fcfg: 210 790.0 29.590476190476192
dp: 195 702.0 27.035897435897436
fcfg: 195 743.0 28.087179487179487
dp: 205 717.0 30.42439024390244
fcfg: 205 777.0 36.22439024390244
dp: 212 707.0 33.62264150943396
fcfg: 212 776.0 41.62264150943396
dp: 185 677.0 24.464864864864865
fcfg: 185 686.0 21.82162162162162
dp: 180 675.0 15.438888888888888
fcfg: 180 690.0 14.561111111111112
dp: 205 735.0 24.39512195121951
fcfg: 205 764.0 27.06341463414634
dp: 182 691.0 17.956043956043956
fcfg: 182 689.0 11.445054945054945
dp: 206 710.0 20.99514563106796
fcfg: 206 753.0 23.946601941747574
dp: 180 708.0 13.1
fcfg: 180 694.0 5.372222222222222
dp: 185 693.0 20.756756756756758
fcfg: 185 718.0 21.713513513513515
dp: 191 699.0 20.141361256544503
fcfg: 191 734.0 22.858638743455497
dp: 219 727.0 36.61643835616438
fcfg: 219 796.0 42.990867579908674
dp: 194 709.0 17.737113402061855
fcfg: 194 712.0 15.835051546391753
dp: 197 711.0 23.35532994923858
fcfg: 197 732.0 18.741116751269036
dp: 191 726.0 18.31413612565445
fcfg: 191 756.0 16.356020942408378
dp: 214 718.0 31.46728971962617
fcfg: 214 812.0 40.953271028037385
