67
0.8
1
2
3
4
5
6
7
8
9
10
13
14
16
18
19
20
21
22
24
25
27
28
30
31
32
33
35
36
37
38
39
40
41
44
45
46
47
49
51
53
54
56
58
59
60
61
62
63
64
65
66
67
68
69
70
72
74
75
76
77
79
81
82
83
84
85
86
1
2
3
4
5
6
8
12
14
15
16
18
19
20
21
22
25
27
28
30
31
33
34
35
37
40
41
42
43
44
45
46
47
48
49
50
51
52
53
54
55
56
57
59
60
62
63
64
65
67
70
71
73
74
75
76
78
79
80
81
82
83
84
85
86
89
90
1
2
3
4
5
6
7
8
9
10
11
13
14
15
16
17
18
20
21
23
24
25
27
28
29
30
31
32
35
36
38
39
40
42
43
44
45
47
48
50
51
52
53
54
55
58
59
60
61
63
65
67
68
69
70
72
73
74
75
76
77
78
79
80
81
82
83