67
0.8
1
2
4
5
6
7
9
10
11
12
13
15
16
17
18
19
20
21
22
23
26
27
29
31
32
33
35
36
37
38
39
40
41
42
43
45
46
47
48
49
52
54
56
57
58
60
61
62
63
64
66
67
68
69
70
72
73
74
76
77
78
79
80
81
82
83
84
1
2
3
5
6
8
11
12
13
14
16
17
18
20
22
23
24
25
26
29
30
31
32
34
35
36
38
39
40
41
42
45
46
47
49
50
52
53
55
57
58
60
61
62
65
66
67
68
69
70
71
72
73
74
75
77
81
82
85
86
87
88
90
91
92
95
96
1
3
5
6
7
8
9
10
11
12
14
15
16
17
18
19
20
21
22
23
24
25
26
27
28
29
30
31
32
33
37
38
40
41
42
43
44
45
46
47
48
49
50
51
53
54
55
56
57
58
59
60
62
63
64
66
69
70
72
73
75
77
78
79
81
82
83