dp: 310 1072.0 2.7806451612903227
fcfg: 310 1073.0 3.5516129032258066
dp: 296 1070.0 3.793918918918919
fcfg: 296 1077.0 3.570945945945946
dp: 280 1075.0 2.317857142857143
fcfg: 280 1078.0 2.432142857142857
dp: 276 1064.0 2.2644927536231885
fcfg: 276 1063.0 1.4528985507246377
dp: 295 1061.0 4.661016949152542
fcfg: 295 1061.0 3.4847457627118645
dp: 297 1074.0 2.585858585858586
fcfg: 297 1078.0 2.3804713804713806
dp: 308 1066.0 3.220779220779221
fcfg: 308 1064.0 2.5487012987012987
dp: 281 1072.0 2.224199288256228
fcfg: 281 1076.0 2.188612099644128
dp: 274 1065.0 2.167883211678832
fcfg: 274 1064.0 1.718978102189781
dp: 265 1066.0 2.9547169811320755
fcfg: 265 1066.0 2.2754716981132077
dp: 254 1058.0 1.204724409448819
fcfg: 254 1058.0 1.0
dp: 284 1058.0 5.464788732394366
fcfg: 284 1058.0 5.27112676056338
dp: 267 1070.0 1.104868913857678
fcfg: 267 1070.0 0.7602996254681648
dp: 285 1073.0 2.375438596491228
fcfg: 285 1073.0 2.7473684210526317
dp: 290 1054.0 4.886206896551724
fcfg: 290 1054.0 3.703448275862069
dp: 289 1075.0 2.422145328719723
fcfg: 289 1073.0 2.3252595155709344
dp: 274 1056.0 2.602189781021898
fcfg: 274 1057.0 2.0145985401459856
dp: 301 1077.0 4.083056478405315
fcfg: 301 1078.0 2.953488372093023
dp: 283 1061.0 3.137809187279152
fcfg: 283 1061.0 2.8904593639575973
dp: 302 1092.0 3.274834437086093
fcfg: 302 1091.0 2.662251655629139
dp: 304 1078.0 5.957236842105263
fcfg: 304 1079.0 5.006578947368421
dp: 295 1097.0 3.9322033898305087
fcfg: 295 1105.0 3.4745762711864407
dp: 292 1073.0 1.5273972602739727
fcfg: 292 1072.0 1.4486301369863013
dp: 319 1067.0 5.702194357366771
fcfg: 319 1069.0 4.905956112852665
dp: 270 1062.0 2.7074074074074073
fcfg: 270 1062.0 2.5037037037037035
dp: 294 1070.0 4.469387755102041
fcfg: 294 1071.0 3.129251700680272
dp: 294 1079.0 2.2755102040816326
fcfg: 294 1078.0 1.4761904761904763
dp: 283 1065.0 2.197879858657244
fcfg: 283 1071.0 1.9469964664310955
dp: 257 1076.0 2.0700389105058368
fcfg: 257 1076.0 1.7237354085603114
dp: 303 1073.0 2.2508250825082508
fcfg: 303 1072.0 2.4224422442244222
dp: 291 1072.0 3.993127147766323
fcfg: 291 1077.0 3.051546391752577
dp: 271 1070.0 2.819188191881919
fcfg: 271 1069.0 1.8929889298892988
dp: 292 1073.0 5.9965753424657535
fcfg: 292 1075.0 4.335616438356165
dp: 261 1075.0 2.8659003831417627
fcfg: 261 1075.0 2.992337164750958
dp: 270 1058.0 2.6222222222222222
fcfg: 270 1058.0 2.714814814814815
dp: 292 1061.0 3.421232876712329
fcfg: 292 1067.0 2.7465753424657535
dp: 290 1062.0 3.4655172413793105
fcfg: 290 1062.0 3.7241379310344827
dp: 275 1075.0 1.6290909090909091
fcfg: 275 1075.0 1.48
dp: 278 1096.0 5.075539568345324
fcfg: 278 1097.0 3.6510791366906474
dp: 251 1061.0 1.2390438247011952
fcfg: 251 1061.0 0.796812749003984
dp: 305 1060.0 5.4557377049180324
fcfg: 305 1060.0 3.1475409836065573
dp: 283 1070.0 3.353356890459364
fcfg: 283 1073.0 3.512367491166078
dp: 267 1080.0 3.142322097378277
fcfg: 267 1078.0 2.303370786516854
dp: 289 1065.0 4.252595155709343
fcfg: 289 1061.0 4.141868512110727
dp: 298 1070.0 5.466442953020135
fcfg: 298 1073.0 4.563758389261745
dp: 257 1080.0 0.8404669260700389
fcfg: 257 1080.0 1.0233463035019454
dp: 295 1074.0 1.759322033898305
fcfg: 295 1077.0 1.5525423728813559
dp: 297 1065.0 2.7373737373737375
fcfg: 297 1067.0 2.259259259259259
dp: 320 1080.0 6.0625
fcfg: 320 1074.0 5.009375
dp: 297 1067.0 2.6498316498316496
fcfg: 297 1066.0 2.6161616161616164
dp: 283 1088.0 5.031802120141343
fcfg: 283 1074.0 2.604240282685512
dp: 287 1071.0 2.4111498257839723
fcfg: 287 1071.0 2.6132404181184667
dp: 285 1071.0 2.4456140350877194
fcfg: 285 1067.0 1.5157894736842106
dp: 291 1061.0 2.4673539518900345
fcfg: 291 1061.0 2.993127147766323
dp: 272 1059.0 2.988970588235294
fcfg: 272 1059.0 1.963235294117647
dp: 284 1078.0 2.9471830985915495
fcfg: 284 1078.0 2.3380281690140845
dp: 292 1076.0 4.989726027397261
fcfg: 292 1077.0 5.239726027397261
dp: 283 1064.0 1.8409893992932862
fcfg: 283 1064.0 2.0848056537102475
dp: 297 1071.0 3.272727272727273
fcfg: 297 1074.0 3.101010101010101
dp: 284 1081.0 2.9049295774647885
fcfg: 284 1081.0 2.352112676056338
dp: 288 1081.0 2.982638888888889
fcfg: 288 1081.0 2.923611111111111
dp: 259 1062.0 0.9613899613899614
fcfg: 259 1063.0 1.1235521235521235
dp: 290 1069.0 2.5
fcfg: 290 1069.0 2.803448275862069
dp: 288 1078.0 2.2604166666666665
fcfg: 288 1080.0 2.9027777777777777
dp: 304 1064.0 3.7532894736842106
fcfg: 304 1064.0 3.013157894736842
dp: 269 1061.0 3.342007434944238
fcfg: 269 1061.0 2.3977695167286246
dp: 283 1082.0 2.989399293286219
fcfg: 283 1081.0 2.628975265017668
dp: 275 1081.0 1.6290909090909091
fcfg: 275 1085.0 1.8690909090909091
dp: 288 1074.0 3.84375
fcfg: 288 1074.0 2.5381944444444446
dp: 263 1064.0 2.2509505703422055
fcfg: 263 1065.0 1.311787072243346
dp: 261 1073.0 1.7777777777777777
fcfg: 261 1073.0 1.1839080459770115
dp: 281 1076.0 2.7651245551601424
fcfg: 281 1078.0 2.0604982206405693
dp: 281 1050.0 3.206405693950178
fcfg: 281 1050.0 2.3487544483985765
dp: 277 1077.0 3.7906137184115525
fcfg: 277 1077.0 2.6353790613718413
dp: 286 1070.0 1.8286713286713288
fcfg: 286 1072.0 1.5174825174825175
dp: 287 1069.0 4.097560975609756
fcfg: 287 1073.0 3.6689895470383274
dp: 270 1070.0 1.5185185185185186
fcfg: 270 1069.0 1.348148148148148
dp: 296 1082.0 2.2364864864864864
fcfg: 296 1081.0 1.7668918918918919
dp: 296 1064.0 2.739864864864865
fcfg: 296 1065.0 2.472972972972973
dp: 291 1064.0 3.4123711340206184
fcfg: 291 1063.0 2.3539518900343643
dp: 291 1071.0 3.4948453608247423
fcfg: 291 1073.0 2.1580756013745703
dp: 287 1073.0 2.543554006968641
fcfg: 287 1073.0 1.9407665505226481
dp: 266 1070.0 1.6090225563909775
fcfg: 266 1070.0 1.3834586466165413
dp: 301 1077.0 2.1561461794019934
fcfg: 301 1075.0 2.9700996677740865
dp: 296 1094.0 3.385135135135135
fcfg: 296 1097.0 2.7736486486486487
dp: 282 1065.0 2.0425531914893615
fcfg: 282 1067.0 1.5141843971631206
dp: 280 1082.0 1.8714285714285714
fcfg: 280 1081.0 2.175
dp: 262 1075.0 1.8625954198473282
fcfg: 262 1073.0 1.4618320610687023
dp: 279 1060.0 2.3512544802867383
fcfg: 279 1058.0 1.8387096774193548
dp: 266 1073.0 1.7105263157894737
fcfg: 266 1073.0 1.1090225563909775
dp: 262 1073.0 1.7290076335877862
fcfg: 262 1073.0 1.8015267175572518
dp: 280 1061.0 2.107142857142857
fcfg: 280 1061.0 1.3857142857142857
dp: 308 1094.0 5.795454545454546
fcfg: 308 1088.0 3.698051948051948
dp: 282 1067.0 1.5602836879432624
fcfg: 282 1070.0 2.1879432624113475
dp: 259 1075.0 0.9961389961389961
fcfg: 259 1077.0 1.3667953667953667
dp: 265 1075.0 1.9132075471698113
fcfg: 265 1077.0 1.618867924528302
dp: 309 1074.0 7.171521035598706
fcfg: 309 1072.0 3.957928802588997
dp: 281 1078.0 1.4483985765124556
fcfg: 281 1080.0 1.501779359430605
dp: 285 1075.0 2.3333333333333335
fcfg: 285 1075.0 1.182456140350877
dp: 305 1062.0 3.8295081967213114
fcfg: 305 1069.0 3.4098360655737703
