dp: 297 1090.0 20.801346801346803
fcfg: 297 1261.0 82.52188552188552
dp: 270 1076.0 9.903703703703703
fcfg: 270 1140.0 25.57037037037037
dp: 286 1121.0 19.017482517482517
fcfg: 286 1261.0 52.46153846153846
dp: 262 1066.0 11.435114503816793
fcfg: 262 1086.0 25.557251908396946
dp: 287 1074.0 14.912891986062718
fcfg: 287 1190.0 48.23693379790941
dp: 284 1093.0 14.982394366197184
fcfg: 284 1219.0 58.147887323943664
dp: 296 1105.0 13.70608108108108
fcfg: 296 1255.0 53.2804054054054
dp: 288 1092.0 17.9375
fcfg: 288 1215.0 71.8125
dp: 264 1094.0 9.606060606060606
fcfg: 264 1119.0 26.821969696969695
dp: 272 1066.0 11.680147058823529
fcfg: 272 1149.0 47.455882352941174
dp: 299 1101.0 15.394648829431437
fcfg: 299 1246.0 44.802675585284284
dp: 276 1079.0 10.623188405797102
fcfg: 276 1168.0 34.9963768115942
dp: 282 1079.0 10.932624113475176
fcfg: 282 1149.0 40.255319148936174
dp: 287 1078.0 19.18466898954704
fcfg: 287 1193.0 56.8780487804878
dp: 275 1089.0 10.236363636363636
fcfg: 275 1155.0 22.258181818181818
dp: 284 1084.0 12.96830985915493
fcfg: 284 1176.0 57.348591549295776
dp: 304 1078.0 19.35855263157895
fcfg: 304 1257.0 85.19407894736842
dp: 256 1080.0 6.515625
fcfg: 256 1085.0 11.73046875
dp: 325 1129.0 24.624615384615385
fcfg: 325 1176.0 68.05538461538461
dp: 271 1093.0 10.649446494464945
fcfg: 271 1187.0 31.55719557195572
dp: 291 1091.0 12.092783505154639
fcfg: 291 1212.0 54.97938144329897
dp: 292 1114.0 14.845890410958905
fcfg: 292 1225.0 37.05821917808219
dp: 294 1080.0 15.775510204081632
fcfg: 294 1232.0 68.94557823129252
dp: 282 1106.0 14.4822695035461
fcfg: 282 1198.0 41.0354609929078
dp: 297 1089.0 13.451178451178452
fcfg: 297 1213.0 62.38383838383838
dp: 262 1105.0 7.606870229007634
fcfg: 262 1136.0 13.908396946564885
dp: 299 1100.0 12.77257525083612
fcfg: 299 1223.0 48.11371237458194
dp: 285 1091.0 13.03859649122807
fcfg: 285 1206.0 65.7859649122807
dp: 279 1086.0 10.0
fcfg: 279 1202.0 51.0573476702509
dp: 256 1076.0 8.3125
fcfg: 256 1103.0 28.0625
dp: 271 1091.0 10.974169741697416
fcfg: 271 1138.0 22.51660516605166
dp: 293 1074.0 18.051194539249146
fcfg: 293 1197.0 73.79522184300342
dp: 275 1072.0 10.985454545454546
fcfg: 275 1115.0 30.167272727272728
dp: 305 1085.0 21.534426229508195
fcfg: 305 1245.0 85.91803278688525
dp: 271 1070.0 12.132841328413285
fcfg: 271 1120.0 28.169741697416974
dp: 260 1063.0 9.511538461538462
fcfg: 260 1087.0 16.119230769230768
dp: 268 1088.0 10.720149253731343
fcfg: 268 1143.0 21.145522388059703
dp: 308 1085.0 18.198051948051948
fcfg: 308 1263.0 76.37662337662337
dp: 268 1072.0 9.462686567164178
fcfg: 268 1150.0 46.56716417910448
dp: 269 1101.0 12.230483271375464
fcfg: 269 1176.0 34.5092936802974
dp: 288 1103.0 15.909722222222221
fcfg: 288 1198.0 55.84722222222222
dp: 278 1094.0 10.140287769784173
fcfg: 278 1198.0 40.906474820143885
dp: 287 1079.0 18.33101045296167
fcfg: 287 1221.0 68.11498257839722
dp: 295 1077.0 20.572881355932203
fcfg: 295 1128.0 64.64406779661017
dp: 294 1087.0 13.833333333333334
fcfg: 294 1171.0 32.394557823129254
dp: 253 1077.0 12.82213438735178
fcfg: 253 1145.0 40.4703557312253
dp: 307 1098.0 20.377850162866448
fcfg: 307 1249.0 62.03583061889251
dp: 305 1100.0 15.39344262295082
fcfg: 305 1208.0 53.85901639344262
dp: 272 1089.0 9.985294117647058
fcfg: 272 1148.0 23.147058823529413
dp: 272 1070.0 8.867647058823529
fcfg: 272 1108.0 26.41176470588235
dp: 316 1109.0 23.53481012658228
fcfg: 316 1191.0 75.57278481012658
dp: 305 1066.0 19.937704918032786
fcfg: 305 1242.0 92.67540983606557
dp: 293 1082.0 12.98976109215017
fcfg: 293 1196.0 52.901023890784984
dp: 275 1078.0 11.098181818181818
fcfg: 275 1137.0 22.25090909090909
dp: 303 1139.0 17.775577557755774
fcfg: 303 1224.0 39.10891089108911
dp: 286 1101.0 12.734265734265735
fcfg: 286 1212.0 25.83916083916084
dp: 286 1086.0 14.905594405594405
fcfg: 286 1212.0 61.53846153846154
dp: 300 1101.0 13.76
fcfg: 300 1220.0 51.833333333333336
dp: 290 1078.0 17.693103448275863
fcfg: 290 1235.0 66.25862068965517
dp: 311 1102.0 18.488745980707396
fcfg: 311 1276.0 79.13504823151125
dp: 286 1092.0 16.68881118881119
fcfg: 286 1231.0 61.73776223776224
dp: 273 1083.0 12.06959706959707
fcfg: 273 1142.0 27.754578754578755
dp: 279 1084.0 14.10394265232975
fcfg: 279 1183.0 49.54838709677419
dp: 270 1095.0 8.896296296296295
fcfg: 270 1144.0 21.6
dp: 277 1085.0 13.75812274368231
fcfg: 277 1197.0 39.24187725631769
dp: 285 1095.0 12.771929824561404
fcfg: 285 1224.0 52.8
dp: 300 1089.0 13.826666666666666
fcfg: 300 1254.0 63.53
dp: 284 1092.0 13.985915492957746
fcfg: 284 1179.0 42.71830985915493
dp: 296 1098.0 13.327702702702704
fcfg: 296 1169.0 37.40878378378378
dp: 313 1087.0 25.376996805111823
fcfg: 313 1262.0 82.15654952076677
dp: 284 1084.0 11.97887323943662
fcfg: 284 1166.0 41.15492957746479
dp: 281 1083.0 13.064056939501778
fcfg: 281 1207.0 43.306049822064054
dp: 294 1090.0 12.071428571428571
fcfg: 294 1210.0 47.46258503401361
dp: 309 1089.0 17.07766990291262
fcfg: 309 1227.0 76.63106796116504
dp: 288 1098.0 13.35763888888889
fcfg: 288 1205.0 47.854166666666664
dp: 281 1067.0 14.644128113879004
fcfg: 281 1190.0 64.12811387900356
dp: 306 1096.0 16.62091503267974
fcfg: 306 1241.0 60.068627450980394
dp: 289 1078.0 11.387543252595156
fcfg: 289 1190.0 52.733564013840834
dp: 283 1097.0 10.43816254416961
fcfg: 283 1173.0 32.58657243816254
dp: 262 1091.0 9.63740458015267
fcfg: 262 1155.0 21.076335877862597
dp: 312 1093.0 15.39423076923077
fcfg: 312 1216.0 51.82371794871795
dp: 277 1071.0 14.296028880866427
fcfg: 277 1129.0 38.96028880866426
dp: 300 1084.0 16.726666666666667
fcfg: 300 1238.0 61.71
dp: 290 1085.0 16.351724137931033
fcfg: 290 1240.0 60.58965517241379
dp: 290 1081.0 13.124137931034483
fcfg: 290 1241.0 57.203448275862065
dp: 279 1067.0 9.792114695340501
fcfg: 279 1157.0 41.72043010752688
dp: 288 1101.0 11.46875
fcfg: 288 1175.0 35.56944444444444
dp: 299 1098.0 13.367892976588628
fcfg: 299 1234.0 62.03010033444816
dp: 273 1087.0 9.952380952380953
fcfg: 273 1132.0 28.186813186813186
dp: 279 1093.0 12.82078853046595
fcfg: 279 1156.0 24.0
dp: 265 1083.0 10.184905660377359
fcfg: 265 1119.0 20.08301886792453
dp: 284 1082.0 14.538732394366198
fcfg: 284 1184.0 43.61267605633803
dp: 273 1092.0 10.76923076923077
fcfg: 273 1173.0 37.043956043956044
dp: 254 1082.0 9.051181102362206
fcfg: 254 1093.0 14.23228346456693
dp: 303 1101.0 20.224422442244226
fcfg: 303 1271.0 62.21782178217822
dp: 282 1062.0 14.656028368794326
fcfg: 282 1144.0 44.43971631205674
dp: 270 1094.0 8.203703703703704
fcfg: 270 1116.0 11.974074074074075
dp: 296 1081.0 15.503378378378379
fcfg: 296 1211.0 50.722972972972975
dp: 289 1090.0 13.608996539792388
fcfg: 289 1183.0 48.726643598615915
dp: 283 1093.0 12.27208480565371
fcfg: 283 1167.0 33.51943462897526
