dp: 193 689.0 25.756476683937823
fcfg: 193 838.0 69.99481865284974
dp: 184 687.0 12.206521739130435
fcfg: 184 759.0 26.793478260869566
dp: 176 692.0 11.113636363636363
fcfg: 176 738.0 27.585227272727273
dp: 197 729.0 21.086294416243653
fcfg: 197 861.0 57.6497461928934
dp: 210 701.0 30.02857142857143
fcfg: 210 862.0 72.77142857142857
dp: 216 723.0 36.78703703703704
fcfg: 216 893.0 80.30555555555556
dp: 211 717.0 29.649289099526065
fcfg: 211 870.0 75.2132701421801
dp: 195 708.0 18.50769230769231
fcfg: 195 834.0 50.184615384615384
dp: 189 684.0 21.238095238095237
fcfg: 189 790.0 52.98412698412698
dp: 201 703.0 28.228855721393035
fcfg: 201 751.0 60.53731343283582
dp: 199 704.0 28.87437185929648
fcfg: 199 869.0 78.80904522613065
dp: 187 709.0 23.3475935828877
fcfg: 187 811.0 50.967914438502675
dp: 194 712.0 21.912371134020617
fcfg: 194 860.0 71.74742268041237
dp: 193 706.0 14.652849740932643
fcfg: 193 783.0 38.37823834196891
dp: 214 718.0 41.35514018691589
fcfg: 214 798.0 54.48598130841121
dp: 195 705.0 24.584615384615386
fcfg: 195 838.0 61.83076923076923
dp: 204 699.0 31.887254901960784
fcfg: 204 847.0 77.81372549019608
dp: 203 715.0 31.17241379310345
fcfg: 203 886.0 77.07389162561576
dp: 203 732.0 35.45812807881774
fcfg: 203 873.0 70.3103448275862
dp: 200 708.0 21.11
fcfg: 200 850.0 55.09
dp: 203 753.0 29.571428571428573
fcfg: 203 871.0 53.53694581280788
dp: 223 725.0 37.0
fcfg: 223 810.0 71.74887892376681
dp: 196 688.0 30.989795918367346
fcfg: 196 826.0 69.34183673469387
dp: 221 726.0 37.28506787330317
fcfg: 221 787.0 70.61085972850678
dp: 198 702.0 23.424242424242426
fcfg: 198 857.0 62.80808080808081
dp: 198 719.0 26.292929292929294
fcfg: 198 841.0 53.686868686868685
dp: 206 720.0 25.135922330097088
fcfg: 206 849.0 64.61650485436893
dp: 206 736.0 27.567961165048544
fcfg: 206 872.0 65.05339805825243
dp: 194 709.0 21.829896907216494
fcfg: 194 817.0 51.31443298969072
dp: 206 746.0 22.92718446601942
fcfg: 206 853.0 60.68446601941748
dp: 198 719.0 23.095959595959595
fcfg: 198 855.0 67.25757575757575
dp: 203 734.0 23.32512315270936
fcfg: 203 851.0 61.576354679802954
dp: 207 720.0 25.77294685990338
fcfg: 207 881.0 85.29951690821257
dp: 201 703.0 28.27860696517413
fcfg: 201 849.0 78.86069651741293
dp: 217 721.0 32.3963133640553
fcfg: 217 792.0 72.17972350230414
dp: 187 679.0 17.44385026737968
fcfg: 187 792.0 58.05347593582888
dp: 186 701.0 18.188172043010752
fcfg: 186 803.0 47.18817204301075
dp: 182 678.0 23.74175824175824
fcfg: 182 775.0 54.005494505494504
dp: 220 751.0 39.5
fcfg: 220 749.0 61.42727272727273
dp: 213 709.0 33.201877934272304
fcfg: 213 865.0 82.04225352112677
dp: 197 706.0 27.512690355329948
fcfg: 197 871.0 72.0761421319797
dp: 190 692.0 18.510526315789473
fcfg: 190 803.0 50.205263157894734
dp: 193 703.0 15.787564766839377
fcfg: 193 849.0 48.818652849740936
dp: 219 728.0 31.885844748858446
fcfg: 219 904.0 80.42465753424658
dp: 190 724.0 21.989473684210527
fcfg: 190 822.0 51.963157894736845
dp: 211 710.0 26.819905213270143
fcfg: 211 890.0 77.18009478672985
dp: 220 729.0 43.018181818181816
fcfg: 220 812.0 62.05
dp: 222 744.0 48.06306306306306
fcfg: 222 770.0 59.86036036036036
dp: 214 702.0 34.21495327102804
fcfg: 214 850.0 76.33644859813084
dp: 213 709.0 31.816901408450704
fcfg: 213 751.0 51.63849765258216
dp: 203 717.0 36.67487684729064
fcfg: 203 765.0 73.14285714285714
dp: 212 720.0 31.632075471698112
fcfg: 212 871.0 77.11320754716981
dp: 190 691.0 22.978947368421053
fcfg: 190 810.0 59.67894736842105
dp: 174 662.0 16.24712643678161
fcfg: 174 724.0 50.8448275862069
dp: 202 705.0 24.41089108910891
fcfg: 202 839.0 68.61386138613861
dp: 195 707.0 23.712820512820514
fcfg: 195 858.0 51.88717948717949
dp: 227 756.0 34.52422907488987
fcfg: 227 916.0 84.2511013215859
dp: 197 706.0 22.401015228426395
fcfg: 197 828.0 57.88324873096447
dp: 226 739.0 46.43805309734513
fcfg: 226 782.0 67.60619469026548
dp: 198 709.0 28.045454545454547
fcfg: 198 860.0 74.68181818181819
dp: 198 696.0 26.757575757575758
fcfg: 198 843.0 66.65656565656566
dp: 197 710.0 18.365482233502537
fcfg: 197 827.0 44.47715736040609
dp: 215 728.0 34.013953488372096
fcfg: 215 782.0 67.27441860465116
dp: 213 714.0 30.812206572769952
fcfg: 213 758.0 61.328638497652584
dp: 196 695.0 21.612244897959183
fcfg: 196 817.0 57.87755102040816
dp: 183 687.0 14.846994535519126
fcfg: 183 770.0 46.95628415300546
dp: 190 679.0 23.66842105263158
fcfg: 190 822.0 65.01578947368421
dp: 204 708.0 36.17156862745098
fcfg: 204 751.0 53.61764705882353
dp: 203 693.0 29.9064039408867
fcfg: 203 878.0 77.94581280788178
dp: 215 730.0 41.0
fcfg: 215 864.0 85.2
dp: 220 721.0 31.045454545454547
fcfg: 220 902.0 89.18636363636364
dp: 225 740.0 32.54222222222222
fcfg: 225 904.0 85.60888888888888
dp: 200 717.0 22.23
fcfg: 200 812.0 47.525
dp: 200 688.0 26.275
fcfg: 200 890.0 83.72
dp: 201 706.0 26.915422885572138
fcfg: 201 864.0 73.69154228855722
dp: 193 688.0 22.590673575129532
fcfg: 193 778.0 44.76165803108808
dp: 201 733.0 27.6318407960199
fcfg: 201 872.0 65.51741293532338
dp: 215 736.0 36.627906976744185
fcfg: 215 783.0 59.12093023255814
dp: 192 696.0 20.4375
fcfg: 192 817.0 60.78125
dp: 188 692.0 16.601063829787233
fcfg: 188 772.0 34.38297872340426
dp: 210 702.0 26.10952380952381
fcfg: 210 775.0 66.54285714285714
dp: 212 716.0 31.806603773584907
fcfg: 212 898.0 82.30188679245283
dp: 192 693.0 20.854166666666668
fcfg: 192 797.0 52.046875
dp: 215 715.0 34.77209302325581
fcfg: 215 863.0 83.64186046511628
dp: 207 705.0 24.91304347826087
fcfg: 207 889.0 75.07729468599034
dp: 197 731.0 25.65989847715736
fcfg: 197 842.0 48.15228426395939
dp: 163 655.0 11.791411042944786
fcfg: 163 722.0 43.122699386503065
dp: 202 702.0 29.326732673267326
fcfg: 202 870.0 75.10891089108911
dp: 199 706.0 31.160804020100503
fcfg: 199 841.0 71.91959798994975
dp: 183 689.0 15.480874316939891
fcfg: 183 785.0 40.87978142076503
dp: 200 700.0 24.26
fcfg: 200 858.0 68.495
dp: 203 713.0 24.64039408866995
fcfg: 203 833.0 63.30541871921182
dp: 208 717.0 31.78846153846154
fcfg: 208 900.0 82.0625
dp: 192 698.0 16.484375
fcfg: 192 829.0 55.348958333333336
dp: 216 723.0 28.703703703703702
fcfg: 216 913.0 76.64351851851852
dp: 209 727.0 22.5311004784689
fcfg: 209 867.0 62.535885167464116
dp: 200 689.0 30.79
fcfg: 200 848.0 76.955
dp: 208 727.0 29.85096153846154
fcfg: 208 876.0 64.72115384615384
dp: 212 715.0 33.91509433962264
fcfg: 212 885.0 84.85849056603773
dp: 216 728.0 36.592592592592595
fcfg: 216 780.0 71.16203703703704
dp: 214 723.0 34.47196261682243
fcfg: 214 793.0 73.28971962616822
dp: 220 715.0 35.92272727272727
fcfg: 220 882.0 83.60454545454546
dp: 190 696.0 18.957894736842107
fcfg: 190 793.0 48.82105263157895
dp: 205 723.0 22.6
fcfg: 205 770.0 52.170731707317074
dp: 218 721.0 33.60091743119266
fcfg: 218 790.0 72.8440366972477
dp: 206 703.0 24.796116504854368
fcfg: 206 896.0 74.77184466019418
dp: 219 730.0 33.32876712328767
fcfg: 219 797.0 70.82648401826484
dp: 184 685.0 19.608695652173914
fcfg: 184 797.0 44.005434782608695
dp: 213 716.0 33.55399061032864
fcfg: 213 865.0 76.69483568075117
dp: 201 711.0 21.860696517412936
fcfg: 201 877.0 51.333333333333336
dp: 187 700.0 16.358288770053477
fcfg: 187 798.0 48.31016042780749
dp: 180 694.0 14.327777777777778
fcfg: 180 767.0 34.888888888888886
dp: 188 707.0 23.46808510638298
fcfg: 188 792.0 44.8936170212766
dp: 209 702.0 27.43062200956938
fcfg: 209 849.0 72.02392344497608
dp: 199 704.0 21.326633165829147
fcfg: 199 829.0 53.41708542713568
dp: 205 710.0 30.590243902439024
fcfg: 205 865.0 86.8780487804878
dp: 214 722.0 28.523364485981308
fcfg: 214 782.0 69.54205607476635
dp: 194 716.0 28.99484536082474
fcfg: 194 841.0 54.88659793814433
dp: 204 705.0 33.720588235294116
fcfg: 204 875.0 72.25490196078431
dp: 223 733.0 30.161434977578477
fcfg: 223 796.0 60.596412556053814
dp: 201 708.0 25.756218905472636
fcfg: 201 823.0 61.701492537313435
dp: 193 713.0 22.94818652849741
fcfg: 193 802.0 42.082901554404145
dp: 216 726.0 38.08796296296296
fcfg: 216 884.0 81.11574074074075
dp: 205 719.0 27.160975609756097
fcfg: 205 761.0 58.98048780487805
dp: 213 718.0 42.098591549295776
fcfg: 213 873.0 73.67605633802818
dp: 205 726.0 22.190243902439025
fcfg: 205 850.0 57.5609756097561
dp: 216 696.0 35.75
fcfg: 216 823.0 58.16203703703704
dp: 211 729.0 26.781990521327014
fcfg: 211 893.0 72.82938388625593
dp: 172 682.0 11.61046511627907
fcfg: 172 775.0 40.20348837209303
dp: 162 682.0 11.5
fcfg: 162 725.0 27.62962962962963
dp: 204 727.0 28.857843137254903
fcfg: 204 862.0 64.07352941176471
dp: 201 708.0 21.756218905472636
fcfg: 201 763.0 64.71641791044776
dp: 219 752.0 25.41552511415525
fcfg: 219 884.0 61.70319634703196
dp: 200 691.0 28.71
fcfg: 200 868.0 67.915
dp: 197 703.0 23.482233502538072
fcfg: 197 838.0 54.065989847715734
dp: 200 692.0 25.5
fcfg: 200 856.0 65.005
dp: 220 727.0 31.222727272727273
fcfg: 220 889.0 79.0409090909091
dp: 222 731.0 36.932432432432435
fcfg: 222 806.0 76.28828828828829
dp: 198 707.0 17.11111111111111
fcfg: 198 838.0 52.62626262626262
dp: 194 683.0 22.798969072164947
fcfg: 194 803.0 59.634020618556704
dp: 194 686.0 27.701030927835053
fcfg: 194 811.0 66.40721649484536
dp: 205 720.0 30.302439024390242
fcfg: 205 761.0 60.5219512195122
dp: 192 700.0 18.177083333333332
fcfg: 192 823.0 54.791666666666664
dp: 212 738.0 32.84905660377358
fcfg: 212 876.0 70.11320754716981
dp: 209 727.0 26.239234449760765
fcfg: 209 882.0 61.645933014354064
dp: 224 734.0 33.058035714285715
fcfg: 224 810.0 74.56696428571429
dp: 205 711.0 23.28780487804878
fcfg: 205 858.0 61.65365853658537
dp: 213 717.0 30.535211267605632
fcfg: 213 793.0 76.68075117370893
dp: 215 729.0 30.372093023255815
fcfg: 215 857.0 62.693023255813955
dp: 202 699.0 29.475247524752476
fcfg: 202 845.0 63.21287128712871
dp: 220 737.0 29.836363636363636
fcfg: 220 906.0 80.30909090909091
dp: 201 724.0 22.37313432835821
fcfg: 201 846.0 54.88059701492537
dp: 209 714.0 32.933014354066984
fcfg: 209 770.0 76.08612440191388
dp: 197 711.0 20.82741116751269
fcfg: 197 818.0 47.18781725888325
dp: 186 689.0 17.612903225806452
fcfg: 186 765.0 38.403225806451616
dp: 194 712.0 32.097938144329895
fcfg: 194 857.0 70.42268041237114
dp: 204 727.0 35.200980392156865
fcfg: 204 853.0 69.94607843137256
dp: 196 709.0 20.821428571428573
fcfg: 196 814.0 52.566326530612244
dp: 175 699.0 11.057142857142857
fcfg: 175 751.0 27.908571428571427
dp: 214 726.0 28.425233644859812
fcfg: 214 777.0 58.55140186915888
dp: 217 749.0 33.49769585253456
fcfg: 217 798.0 67.11520737327189
dp: 199 706.0 20.77386934673367
fcfg: 199 837.0 56.93467336683417
dp: 212 716.0 30.35377358490566
fcfg: 212 897.0 72.86320754716981
dp: 187 689.0 22.919786096256683
fcfg: 187 808.0 56.42780748663102
dp: 167 690.0 12.161676646706587
fcfg: 167 745.0 32.01197604790419
dp: 178 680.0 15.870786516853933
fcfg: 178 767.0 50.79213483146067
dp: 189 693.0 14.46031746031746
fcfg: 189 792.0 38.65079365079365
dp: 207 725.0 34.33816425120773
fcfg: 207 774.0 54.65700483091788
dp: 190 697.0 18.478947368421053
fcfg: 190 794.0 43.373684210526314
dp: 212 723.0 29.599056603773583
fcfg: 212 891.0 78.67924528301887
dp: 207 718.0 26.946859903381643
fcfg: 207 854.0 77.57004830917874
dp: 173 684.0 15.208092485549132
fcfg: 173 776.0 46.47976878612717
dp: 189 714.0 24.56084656084656
fcfg: 189 828.0 52.68783068783069
dp: 183 708.0 12.683060109289617
fcfg: 183 778.0 26.08743169398907
dp: 211 701.0 34.838862559241704
fcfg: 211 853.0 79.13744075829383
dp: 178 703.0 10.4438202247191
fcfg: 178 778.0 24.00561797752809
dp: 187 707.0 12.556149732620321
fcfg: 187 813.0 38.41711229946524
dp: 210 738.0 24.19047619047619
fcfg: 210 860.0 61.52857142857143
dp: 172 695.0 9.680232558139535
fcfg: 172 712.0 14.011627906976743
dp: 230 732.0 39.65652173913043
fcfg: 230 792.0 73.08260869565217
dp: 197 729.0 20.64467005076142
fcfg: 197 854.0 59.21827411167513
dp: 198 704.0 22.106060606060606
fcfg: 198 864.0 59.93939393939394
dp: 164 676.0 11.378048780487806
fcfg: 164 721.0 29.0
dp: 207 722.0 26.8743961352657
fcfg: 207 860.0 58.033816425120776
dp: 211 701.0 27.51658767772512
fcfg: 211 770.0 61.44075829383886
dp: 177 686.0 12.858757062146893
fcfg: 177 771.0 42.4180790960452
dp: 198 710.0 22.156565656565657
fcfg: 198 825.0 47.52020202020202
dp: 190 728.0 25.689473684210526
fcfg: 190 828.0 51.39473684210526
dp: 192 697.0 17.416666666666668
fcfg: 192 817.0 51.911458333333336
dp: 206 720.0 37.05339805825243
fcfg: 206 900.0 79.10194174757281
dp: 230 729.0 46.06956521739131
fcfg: 230 946.0 101.7304347826087
dp: 205 696.0 22.921951219512195
fcfg: 205 875.0 81.06829268292682
dp: 209 744.0 32.751196172248804
fcfg: 209 887.0 56.22488038277512
dp: 194 706.0 22.103092783505154
fcfg: 194 805.0 49.77835051546392
dp: 200 745.0 28.235
fcfg: 200 900.0 69.17
dp: 200 714.0 22.065
fcfg: 200 829.0 52.295
dp: 201 708.0 26.0
fcfg: 201 743.0 51.22885572139303
dp: 183 693.0 22.661202185792348
fcfg: 183 766.0 44.26229508196721
dp: 202 733.0 26.777227722772277
fcfg: 202 859.0 58.66831683168317
dp: 179 679.0 13.899441340782124
fcfg: 179 773.0 41.46368715083799
dp: 216 739.0 33.28703703703704
fcfg: 216 890.0 62.90277777777778
dp: 194 699.0 19.675257731958762
fcfg: 194 829.0 58.29381443298969
dp: 203 706.0 32.118226600985224
fcfg: 203 870.0 66.79310344827586
dp: 193 700.0 20.27461139896373
fcfg: 193 795.0 53.09326424870466
dp: 193 713.0 15.533678756476684
fcfg: 193 818.0 48.63212435233161
dp: 191 700.0 19.916230366492147
fcfg: 191 817.0 57.93717277486911
dp: 181 693.0 18.226519337016576
fcfg: 181 776.0 37.96132596685083
dp: 192 717.0 24.291666666666668
fcfg: 192 816.0 45.546875
dp: 188 694.0 15.297872340425531
fcfg: 188 800.0 43.255319148936174
dp: 195 694.0 18.307692307692307
fcfg: 195 820.0 49.52307692307692
dp: 210 723.0 35.22380952380952
fcfg: 210 893.0 80.53809523809524
dp: 215 712.0 32.08372093023256
fcfg: 215 900.0 73.55813953488372
dp: 199 732.0 30.065326633165828
fcfg: 199 824.0 49.743718592964825
dp: 214 718.0 40.73831775700935
fcfg: 214 766.0 77.52803738317758
dp: 198 696.0 28.343434343434343
fcfg: 198 831.0 66.86868686868686
dp: 203 726.0 34.073891625615765
fcfg: 203 896.0 85.66995073891626
dp: 209 726.0 27.51196172248804
fcfg: 209 867.0 69.96650717703349
dp: 194 710.0 30.036082474226806
fcfg: 194 868.0 78.86082474226804
dp: 224 761.0 29.589285714285715
fcfg: 224 938.0 72.62946428571429
dp: 233 750.0 36.96995708154506
fcfg: 233 817.0 62.776824034334766
dp: 171 684.0 12.345029239766081
fcfg: 171 733.0 21.81286549707602
dp: 190 694.0 16.326315789473686
fcfg: 190 814.0 55.857894736842105
dp: 214 712.0 29.64485981308411
fcfg: 214 894.0 78.29906542056075
dp: 179 698.0 15.860335195530727
fcfg: 179 780.0 33.11173184357542
dp: 200 721.0 22.535
fcfg: 200 772.0 50.39
dp: 218 730.0 33.27522935779817
fcfg: 218 766.0 62.5
dp: 188 698.0 19.872340425531913
fcfg: 188 806.0 54.1968085106383
dp: 198 707.0 20.904040404040405
fcfg: 198 851.0 59.11616161616162
dp: 204 695.0 24.11764705882353
fcfg: 204 825.0 52.294117647058826
dp: 186 679.0 25.682795698924732
fcfg: 186 811.0 57.145161290322584
dp: 181 697.0 11.977900552486188
fcfg: 181 767.0 34.67403314917127
dp: 195 708.0 24.723076923076924
fcfg: 195 853.0 64.35384615384615
dp: 204 709.0 20.215686274509803
fcfg: 204 860.0 58.1078431372549
dp: 215 730.0 34.91162790697675
fcfg: 215 777.0 70.6093023255814
dp: 190 712.0 19.757894736842104
fcfg: 190 839.0 52.51052631578948
dp: 205 718.0 25.463414634146343
fcfg: 205 847.0 62.390243902439025
dp: 179 692.0 12.681564245810057
fcfg: 179 758.0 35.25698324022346
dp: 197 723.0 17.00507614213198
fcfg: 197 840.0 52.0507614213198
dp: 208 709.0 23.375
fcfg: 208 891.0 82.88942307692308
dp: 209 697.0 32.61722488038278
fcfg: 209 863.0 70.46411483253588
dp: 217 727.0 35.815668202764975
fcfg: 217 768.0 71.0184331797235
dp: 198 705.0 24.065656565656564
fcfg: 198 846.0 63.69191919191919
dp: 201 707.0 21.46766169154229
fcfg: 201 851.0 59.26865671641791
dp: 194 688.0 20.969072164948454
fcfg: 194 819.0 60.02061855670103
dp: 200 708.0 27.405
fcfg: 200 832.0 72.85
dp: 183 681.0 16.87431693989071
fcfg: 183 810.0 56.36065573770492
dp: 211 709.0 28.9478672985782
fcfg: 211 875.0 85.07582938388626
dp: 204 720.0 23.529411764705884
fcfg: 204 742.0 44.51960784313726
dp: 185 713.0 18.054054054054053
fcfg: 185 783.0 36.50810810810811
dp: 209 733.0 29.19138755980861
fcfg: 209 779.0 60.90430622009569
dp: 193 714.0 16.316062176165804
fcfg: 193 842.0 56.740932642487046
dp: 185 709.0 18.14054054054054
fcfg: 185 831.0 49.502702702702706
dp: 209 730.0 32.880382775119614
fcfg: 209 863.0 74.377990430622
dp: 192 689.0 15.088541666666666
fcfg: 192 806.0 53.916666666666664
dp: 199 721.0 19.381909547738694
fcfg: 199 852.0 57.31658291457286
dp: 200 736.0 22.135
fcfg: 200 831.0 44.13
dp: 195 707.0 25.44102564102564
fcfg: 195 833.0 58.42564102564103
dp: 217 710.0 33.33179723502304
fcfg: 217 773.0 68.58986175115207
dp: 204 729.0 23.465686274509803
fcfg: 204 835.0 51.36764705882353
dp: 184 693.0 27.559782608695652
fcfg: 184 821.0 54.89673913043478
dp: 203 702.0 26.79310344827586
fcfg: 203 756.0 54.2807881773399
dp: 191 709.0 22.356020942408378
fcfg: 191 823.0 57.93717277486911
dp: 177 681.0 12.864406779661017
fcfg: 177 763.0 37.92090395480226
dp: 211 734.0 28.028436018957347
fcfg: 211 866.0 66.52132701421802
dp: 207 690.0 36.59903381642512
fcfg: 207 846.0 86.33333333333333
dp: 184 688.0 14.956521739130435
fcfg: 184 787.0 45.40760869565217
dp: 214 734.0 24.378504672897197
fcfg: 214 881.0 73.7803738317757
dp: 198 714.0 30.494949494949495
fcfg: 198 758.0 58.984848484848484
dp: 186 704.0 17.623655913978496
fcfg: 186 824.0 52.865591397849464
dp: 222 723.0 28.95045045045045
fcfg: 222 896.0 76.52702702702703
dp: 206 744.0 23.446601941747574
fcfg: 206 835.0 43.737864077669904
dp: 211 715.0 36.90047393364929
fcfg: 211 781.0 73.5260663507109
dp: 204 697.0 23.30392156862745
fcfg: 204 763.0 60.916666666666664
dp: 212 706.0 37.033018867924525
fcfg: 212 722.0 59.34905660377358
dp: 195 688.0 21.82051282051282
fcfg: 195 822.0 67.54358974358975
dp: 187 705.0 17.802139037433154
fcfg: 187 845.0 58.032085561497325
dp: 213 732.0 33.93427230046948
fcfg: 213 731.0 53.89201877934272
dp: 211 721.0 28.170616113744074
fcfg: 211 766.0 58.12322274881517
dp: 215 724.0 31.6046511627907
fcfg: 215 863.0 79.24186046511628
dp: 180 705.0 13.011111111111111
fcfg: 180 781.0 34.888888888888886
dp: 204 716.0 25.892156862745097
fcfg: 204 881.0 71.12254901960785
dp: 194 712.0 18.7680412371134
fcfg: 194 818.0 42.103092783505154
dp: 202 714.0 25.07920792079208
fcfg: 202 864.0 59.89108910891089
dp: 217 716.0 35.944700460829495
fcfg: 217 891.0 84.92626728110599
dp: 191 718.0 19.649214659685864
fcfg: 191 820.0 49.58638743455497
dp: 188 701.0 17.76063829787234
fcfg: 188 822.0 52.96808510638298
dp: 230 742.0 43.143478260869564
fcfg: 230 780.0 53.46521739130435
dp: 181 693.0 14.497237569060774
fcfg: 181 774.0 35.71823204419889
dp: 215 713.0 28.567441860465117
fcfg: 215 739.0 61.57674418604651
dp: 215 729.0 28.986046511627908
fcfg: 215 895.0 67.91162790697675
dp: 215 724.0 28.29767441860465
fcfg: 215 893.0 77.88372093023256
dp: 194 694.0 25.84020618556701
fcfg: 194 850.0 73.3659793814433
dp: 193 701.0 21.295336787564768
fcfg: 193 832.0 53.69948186528497
dp: 199 721.0 24.185929648241206
fcfg: 199 835.0 48.79396984924623
dp: 215 726.0 29.172093023255815
fcfg: 215 784.0 67.62325581395349
dp: 203 728.0 21.098522167487683
fcfg: 203 775.0 51.5615763546798
dp: 180 679.0 17.11111111111111
fcfg: 180 739.0 39.666666666666664
dp: 181 674.0 15.30939226519337
fcfg: 181 813.0 62.751381215469614
dp: 193 719.0 20.621761658031087
fcfg: 193 826.0 44.82383419689119
dp: 193 701.0 19.637305699481864
fcfg: 193 805.0 43.64766839378238
dp: 191 680.0 19.837696335078533
fcfg: 191 820.0 73.00523560209425
dp: 208 708.0 24.326923076923077
fcfg: 208 772.0 73.08653846153847
dp: 197 701.0 25.720812182741117
fcfg: 197 783.0 50.33502538071066
dp: 192 721.0 21.078125
fcfg: 192 822.0 44.885416666666664
dp: 198 715.0 23.742424242424242
fcfg: 198 862.0 64.54040404040404
dp: 201 718.0 27.736318407960198
fcfg: 201 849.0 71.9950248756219
dp: 179 691.0 14.726256983240223
fcfg: 179 772.0 43.497206703910614
dp: 212 729.0 29.08490566037736
fcfg: 212 851.0 65.42924528301887
dp: 189 685.0 24.026455026455025
fcfg: 189 821.0 62.42857142857143
dp: 197 710.0 22.710659898477157
fcfg: 197 842.0 52.07106598984772
dp: 207 722.0 22.63768115942029
fcfg: 207 887.0 66.22705314009661
dp: 202 757.0 30.940594059405942
fcfg: 202 882.0 66.45049504950495
dp: 182 685.0 13.478021978021978
fcfg: 182 757.0 35.467032967032964
dp: 230 746.0 47.482608695652175
fcfg: 230 786.0 56.34347826086957
dp: 203 705.0 27.960591133004925
fcfg: 203 875.0 68.65517241379311
dp: 199 711.0 24.64321608040201
fcfg: 199 865.0 66.44723618090453
dp: 236 743.0 42.266949152542374
fcfg: 236 831.0 84.80508474576271
dp: 214 720.0 40.73364485981308
fcfg: 214 869.0 86.54672897196262
dp: 212 715.0 32.89150943396226
fcfg: 212 863.0 67.87735849056604
dp: 216 722.0 30.324074074074073
fcfg: 216 914.0 74.625
dp: 199 706.0 21.894472361809044
fcfg: 199 834.0 57.36180904522613
dp: 199 721.0 28.42211055276382
fcfg: 199 865.0 73.16582914572864
dp: 198 712.0 21.833333333333332
fcfg: 198 838.0 62.40909090909091
dp: 196 694.0 26.540816326530614
fcfg: 196 846.0 63.67857142857143
dp: 187 689.0 20.78609625668449
fcfg: 187 824.0 66.29411764705883
dp: 197 700.0 23.502538071065988
fcfg: 197 833.0 71.41624365482234
dp: 190 702.0 18.50526315789474
fcfg: 190 794.0 44.73157894736842
dp: 190 694.0 21.563157894736843
fcfg: 190 839.0 58.48947368421052
dp: 202 717.0 24.792079207920793
fcfg: 202 870.0 74.51980198019803
dp: 184 705.0 17.434782608695652
fcfg: 184 813.0 48.27173913043478
dp: 216 727.0 35.06944444444444
fcfg: 216 780.0 69.01388888888889
dp: 187 704.0 19.385026737967916
fcfg: 187 788.0 37.406417112299465
dp: 210 705.0 26.866666666666667
fcfg: 210 871.0 70.75238095238095
dp: 212 717.0 27.47641509433962
fcfg: 212 789.0 74.60377358490567
dp: 202 712.0 28.45049504950495
fcfg: 202 838.0 66.56435643564356
dp: 196 716.0 17.168367346938776
fcfg: 196 831.0 43.91836734693877
dp: 202 699.0 22.81188118811881
fcfg: 202 893.0 75.1930693069307
dp: 208 699.0 34.40865384615385
fcfg: 208 847.0 67.74038461538461
dp: 185 700.0 15.902702702702703
fcfg: 185 813.0 50.16216216216216
dp: 193 731.0 19.362694300518136
fcfg: 193 850.0 55.82383419689119
dp: 188 698.0 18.606382978723403
fcfg: 188 860.0 61.6968085106383
dp: 206 721.0 21.606796116504853
fcfg: 206 859.0 60.31553398058252
dp: 205 716.0 24.24390243902439
fcfg: 205 872.0 62.93170731707317
dp: 218 732.0 37.596330275229356
fcfg: 218 899.0 82.36238532110092
dp: 189 681.0 22.44973544973545
fcfg: 189 784.0 48.01587301587302
dp: 211 704.0 36.691943127962084
fcfg: 211 759.0 63.81042654028436
dp: 211 712.0 29.33649289099526
fcfg: 211 887.0 74.12322274881517
dp: 196 726.0 22.285714285714285
fcfg: 196 835.0 46.515306122448976
dp: 199 705.0 23.613065326633166
fcfg: 199 840.0 65.14572864321607
dp: 191 680.0 21.43455497382199
fcfg: 191 793.0 50.29319371727749
dp: 190 710.0 14.93157894736842
fcfg: 190 789.0 37.2
dp: 213 732.0 39.80281690140845
fcfg: 213 890.0 86.27230046948357
dp: 176 675.0 14.943181818181818
fcfg: 176 760.0 42.50568181818182
dp: 200 707.0 28.18
fcfg: 200 858.0 76.93
dp: 228 727.0 42.828947368421055
fcfg: 228 778.0 74.5657894736842
dp: 177 697.0 11.875706214689265
fcfg: 177 793.0 34.824858757062145
dp: 171 673.0 10.350877192982455
fcfg: 171 718.0 27.584795321637426
dp: 210 719.0 34.680952380952384
fcfg: 210 786.0 62.88095238095238
dp: 196 698.0 21.903061224489797
fcfg: 196 810.0 54.857142857142854
dp: 222 727.0 41.88288288288288
fcfg: 222 873.0 92.40990990990991
dp: 190 706.0 19.66315789473684
fcfg: 190 804.0 43.27368421052632
dp: 182 683.0 17.708791208791208
fcfg: 182 758.0 35.02197802197802
dp: 158 667.0 7.265822784810126
fcfg: 158 709.0 11.417721518987342
dp: 206 706.0 16.694174757281555
fcfg: 206 827.0 52.46116504854369
dp: 207 711.0 30.70048309178744
fcfg: 207 771.0 64.21256038647343
dp: 199 699.0 22.979899497487438
fcfg: 199 859.0 69.1859296482412
dp: 197 722.0 25.913705583756347
fcfg: 197 872.0 64.83248730964468
dp: 205 715.0 23.13170731707317
fcfg: 205 889.0 65.37073170731708
dp: 205 718.0 27.039024390243902
fcfg: 205 863.0 52.24390243902439
dp: 190 682.0 23.36842105263158
fcfg: 190 803.0 57.65263157894737
dp: 195 717.0 21.01025641025641
fcfg: 195 832.0 45.635897435897434
dp: 194 691.0 20.376288659793815
fcfg: 194 826.0 70.00515463917526
dp: 192 695.0 20.296875
fcfg: 192 775.0 42.276041666666664
dp: 210 722.0 24.70952380952381
fcfg: 210 849.0 62.42857142857143
dp: 219 748.0 27.534246575342465
fcfg: 219 899.0 74.44748858447488
dp: 213 738.0 32.262910798122064
fcfg: 213 776.0 62.568075117370896
dp: 195 695.0 27.143589743589743
fcfg: 195 814.0 66.01025641025642
dp: 192 718.0 17.114583333333332
fcfg: 192 816.0 41.770833333333336
dp: 208 692.0 22.35096153846154
fcfg: 208 849.0 67.59134615384616
dp: 203 722.0 25.320197044334975
fcfg: 203 826.0 48.600985221674875
dp: 194 690.0 17.556701030927837
fcfg: 194 783.0 42.891752577319586
dp: 212 723.0 22.858490566037737
fcfg: 212 886.0 64.75471698113208
dp: 201 728.0 23.686567164179106
fcfg: 201 827.0 38.840796019900495
dp: 228 739.0 33.824561403508774
fcfg: 228 758.0 71.26315789473684
dp: 183 675.0 22.80327868852459
fcfg: 183 766.0 52.994535519125684
dp: 186 689.0 16.102150537634408
fcfg: 186 768.0 47.946236559139784
dp: 206 729.0 21.95631067961165
fcfg: 206 759.0 49.55825242718446
dp: 208 735.0 26.10096153846154
fcfg: 208 777.0 59.69711538461539
dp: 222 733.0 49.51801801801802
fcfg: 222 795.0 90.32432432432432
dp: 192 712.0 17.411458333333332
fcfg: 192 824.0 40.75
dp: 185 702.0 15.04864864864865
fcfg: 185 797.0 38.87027027027027
dp: 187 684.0 19.540106951871657
fcfg: 187 801.0 43.331550802139034
dp: 205 722.0 21.321951219512194
fcfg: 205 854.0 57.292682926829265
dp: 221 725.0 32.59276018099548
fcfg: 221 777.0 64.70135746606334
dp: 191 700.0 18.397905759162303
fcfg: 191 797.0 47.7434554973822
dp: 213 724.0 30.854460093896712
fcfg: 213 796.0 63.093896713615024
dp: 216 727.0 29.194444444444443
fcfg: 216 878.0 70.30092592592592
dp: 177 703.0 13.293785310734464
fcfg: 177 768.0 35.887005649717516
dp: 215 733.0 39.87906976744186
fcfg: 215 901.0 92.72093023255815
dp: 207 709.0 31.29951690821256
fcfg: 207 783.0 74.7584541062802
dp: 196 708.0 16.709183673469386
fcfg: 196 837.0 46.36734693877551
dp: 203 714.0 19.379310344827587
fcfg: 203 858.0 60.22660098522167
dp: 204 708.0 27.720588235294116
fcfg: 204 852.0 63.181372549019606
dp: 191 703.0 24.86387434554974
fcfg: 191 836.0 59.287958115183244
dp: 219 736.0 31.557077625570777
fcfg: 219 891.0 85.74885844748859
dp: 194 700.0 21.81958762886598
fcfg: 194 797.0 42.65979381443299
dp: 232 779.0 42.10775862068966
fcfg: 232 817.0 70.04310344827586
dp: 197 710.0 22.568527918781726
fcfg: 197 838.0 64.94923857868021
dp: 214 707.0 24.94859813084112
fcfg: 214 759.0 49.901869158878505
dp: 184 704.0 15.592391304347826
fcfg: 184 810.0 40.18478260869565
dp: 208 719.0 38.17307692307692
fcfg: 208 881.0 76.97596153846153
dp: 193 704.0 19.642487046632123
fcfg: 193 836.0 54.44559585492228
dp: 199 689.0 21.839195979899497
fcfg: 199 816.0 57.8391959798995
dp: 208 720.0 30.0
fcfg: 208 845.0 65.1875
dp: 207 695.0 33.729468599033815
fcfg: 207 898.0 87.82608695652173
dp: 195 710.0 19.035897435897436
fcfg: 195 854.0 55.738461538461536
dp: 218 736.0 41.35321100917431
fcfg: 218 803.0 62.8348623853211
dp: 217 735.0 43.37327188940092
fcfg: 217 765.0 69.85253456221199
dp: 199 712.0 24.14572864321608
fcfg: 199 846.0 69.13065326633166
dp: 206 709.0 26.12135922330097
fcfg: 206 872.0 81.53398058252426
dp: 187 692.0 24.614973262032084
fcfg: 187 812.0 54.219251336898395
dp: 180 682.0 13.588888888888889
fcfg: 180 795.0 48.1
dp: 204 707.0 23.137254901960784
fcfg: 204 858.0 66.0
dp: 193 711.0 22.409326424870468
fcfg: 193 816.0 46.1139896373057
dp: 208 712.0 31.802884615384617
fcfg: 208 866.0 67.79807692307692
dp: 215 733.0 29.730232558139534
fcfg: 215 781.0 59.13023255813953
dp: 173 697.0 9.566473988439306
fcfg: 173 751.0 21.578034682080926
dp: 206 709.0 24.019417475728154
fcfg: 206 837.0 60.85436893203884
dp: 198 710.0 27.27777777777778
fcfg: 198 866.0 67.48989898989899
dp: 212 729.0 29.83490566037736
fcfg: 212 848.0 61.7877358490566
dp: 212 715.0 27.806603773584907
fcfg: 212 779.0 66.75471698113208
dp: 200 711.0 24.315
fcfg: 200 858.0 63.37
dp: 226 734.0 39.98672566371681
fcfg: 226 892.0 81.5575221238938
dp: 209 714.0 27.440191387559807
fcfg: 209 770.0 65.5598086124402
dp: 195 706.0 19.95897435897436
fcfg: 195 816.0 45.85128205128205
dp: 190 685.0 29.83684210526316
fcfg: 190 839.0 70.46842105263158
dp: 219 736.0 39.09132420091324
fcfg: 219 914.0 97.22831050228311
dp: 201 690.0 27.412935323383085
fcfg: 201 824.0 64.30845771144278
dp: 208 732.0 24.004807692307693
fcfg: 208 764.0 54.45673076923077
dp: 208 700.0 24.53846153846154
fcfg: 208 866.0 64.69711538461539
dp: 206 704.0 38.75728155339806
fcfg: 206 887.0 85.6504854368932
dp: 194 699.0 24.97422680412371
fcfg: 194 823.0 61.381443298969074
dp: 194 705.0 24.561855670103093
fcfg: 194 823.0 57.391752577319586
dp: 178 683.0 14.191011235955056
fcfg: 178 758.0 32.96629213483146
dp: 171 663.0 13.619883040935672
fcfg: 171 742.0 36.59649122807018
dp: 196 713.0 20.096938775510203
fcfg: 196 846.0 53.484693877551024
dp: 188 702.0 22.49468085106383
fcfg: 188 782.0 43.66489361702128
dp: 206 706.0 24.844660194174757
fcfg: 206 856.0 66.45631067961165
dp: 209 734.0 26.598086124401913
fcfg: 209 770.0 55.20095693779904
dp: 199 721.0 21.386934673366834
fcfg: 199 832.0 46.824120603015075
dp: 230 749.0 47.404347826086955
fcfg: 230 810.0 79.30434782608695
dp: 194 697.0 22.804123711340207
fcfg: 194 803.0 59.18556701030928
dp: 213 724.0 31.333333333333332
fcfg: 213 780.0 70.6150234741784
dp: 202 733.0 24.27227722772277
fcfg: 202 844.0 57.44059405940594
dp: 187 710.0 16.989304812834224
fcfg: 187 831.0 51.106951871657756
dp: 189 685.0 26.063492063492063
fcfg: 189 814.0 65.96825396825396
dp: 197 712.0 18.85786802030457
fcfg: 197 842.0 49.80203045685279
dp: 175 679.0 15.937142857142858
fcfg: 175 794.0 50.97142857142857
dp: 196 712.0 25.974489795918366
fcfg: 196 813.0 48.826530612244895
dp: 200 715.0 23.505
fcfg: 200 846.0 65.8
dp: 217 725.0 30.599078341013826
fcfg: 217 783.0 66.1889400921659
dp: 185 706.0 20.0972972972973
fcfg: 185 813.0 49.37837837837838
dp: 206 713.0 31.699029126213592
fcfg: 206 874.0 67.00970873786407
dp: 215 739.0 29.42325581395349
fcfg: 215 795.0 55.92093023255814
dp: 199 711.0 21.155778894472363
fcfg: 199 841.0 54.34170854271357
dp: 194 700.0 17.8659793814433
fcfg: 194 817.0 51.49484536082474
dp: 198 705.0 26.87878787878788
fcfg: 198 821.0 53.333333333333336
dp: 197 728.0 25.583756345177665
fcfg: 197 857.0 64.54314720812182
dp: 227 734.0 40.48458149779736
fcfg: 227 775.0 65.84581497797357
dp: 180 671.0 13.566666666666666
fcfg: 180 751.0 28.455555555555556
dp: 190 719.0 23.74736842105263
fcfg: 190 853.0 58.584210526315786
dp: 202 703.0 38.7970297029703
fcfg: 202 859.0 82.51980198019803
dp: 210 741.0 29.504761904761907
fcfg: 210 832.0 54.76190476190476
dp: 196 706.0 17.244897959183675
fcfg: 196 832.0 52.19387755102041
dp: 193 695.0 19.533678756476682
fcfg: 193 817.0 57.295336787564764
dp: 170 671.0 14.670588235294117
fcfg: 170 763.0 45.10588235294118
dp: 196 725.0 18.244897959183675
fcfg: 196 814.0 45.816326530612244
dp: 203 717.0 32.54679802955665
fcfg: 203 767.0 69.07881773399015
dp: 182 702.0 16.247252747252748
fcfg: 182 756.0 28.346153846153847
dp: 193 695.0 17.145077720207254
fcfg: 193 818.0 53.015544041450774
dp: 202 720.0 24.193069306930692
fcfg: 202 857.0 54.73267326732673
dp: 182 677.0 14.148351648351648
fcfg: 182 735.0 26.467032967032967
dp: 209 694.0 25.00956937799043
fcfg: 209 887.0 71.80382775119617
dp: 225 757.0 30.302222222222223
fcfg: 225 817.0 73.68
dp: 192 707.0 16.151041666666668
fcfg: 192 835.0 47.015625
dp: 172 701.0 9.209302325581396
fcfg: 172 754.0 20.226744186046513
dp: 206 738.0 27.660194174757283
fcfg: 206 868.0 60.15533980582524
dp: 199 709.0 18.92964824120603
fcfg: 199 837.0 53.75879396984924
dp: 223 745.0 31.99103139013453
fcfg: 223 805.0 62.82959641255606
dp: 198 707.0 21.02020202020202
fcfg: 198 837.0 53.73737373737374
dp: 210 712.0 27.31904761904762
fcfg: 210 870.0 73.23809523809524
dp: 200 718.0 23.33
fcfg: 200 849.0 56.895
dp: 199 701.0 26.08040201005025
fcfg: 199 855.0 68.52261306532664
dp: 192 701.0 19.03125
fcfg: 192 819.0 54.447916666666664
dp: 205 713.0 25.24390243902439
fcfg: 205 864.0 63.34146341463415
dp: 210 714.0 27.428571428571427
fcfg: 210 893.0 74.87142857142857
dp: 211 725.0 22.592417061611375
fcfg: 211 845.0 54.66350710900474
dp: 196 712.0 23.096938775510203
fcfg: 196 838.0 63.04081632653061
dp: 197 704.0 23.543147208121827
fcfg: 197 823.0 51.16243654822335
dp: 208 738.0 26.39423076923077
fcfg: 208 847.0 59.14423076923077
dp: 185 691.0 18.832432432432434
fcfg: 185 797.0 44.03243243243243
dp: 221 719.0 43.0
fcfg: 221 777.0 69.24434389140272
dp: 204 726.0 29.245098039215687
fcfg: 204 867.0 61.5
dp: 202 724.0 24.242574257425744
fcfg: 202 852.0 60.73762376237624
dp: 213 746.0 32.46948356807512
fcfg: 213 777.0 58.352112676056336
dp: 202 736.0 25.23267326732673
fcfg: 202 860.0 49.381188118811885
dp: 197 714.0 22.588832487309645
fcfg: 197 847.0 60.4263959390863
dp: 181 682.0 16.5414364640884
fcfg: 181 762.0 42.49171270718232
dp: 206 707.0 34.9126213592233
fcfg: 206 852.0 66.85922330097087
dp: 185 690.0 18.45945945945946
fcfg: 185 790.0 51.097297297297295
dp: 211 718.0 23.76303317535545
fcfg: 211 890.0 71.29383886255924
dp: 233 744.0 44.42918454935622
fcfg: 233 792.0 68.66094420600858
dp: 178 681.0 17.696629213483146
fcfg: 178 764.0 40.79213483146067
dp: 224 743.0 35.36607142857143
fcfg: 224 888.0 85.20982142857143
dp: 201 705.0 25.597014925373134
fcfg: 201 836.0 65.32338308457712
dp: 195 701.0 24.287179487179486
fcfg: 195 836.0 59.36923076923077
dp: 196 711.0 18.066326530612244
fcfg: 196 818.0 56.88265306122449
dp: 218 747.0 29.587155963302752
fcfg: 218 784.0 64.60091743119266
dp: 193 689.0 20.015544041450777
fcfg: 193 720.0 44.87564766839378
dp: 208 740.0 25.057692307692307
fcfg: 208 776.0 52.52884615384615
dp: 207 712.0 26.917874396135264
fcfg: 207 865.0 85.73913043478261
dp: 211 722.0 22.170616113744074
fcfg: 211 862.0 48.58293838862559
dp: 200 710.0 18.135
fcfg: 200 829.0 46.775
dp: 204 720.0 30.975490196078432
fcfg: 204 866.0 72.33823529411765
dp: 239 787.0 48.8326359832636
fcfg: 239 924.0 104.7071129707113
dp: 177 694.0 10.621468926553673
fcfg: 177 766.0 37.19209039548023
dp: 172 686.0 15.133720930232558
fcfg: 172 762.0 34.76162790697674
dp: 213 740.0 39.4037558685446
fcfg: 213 786.0 65.47887323943662
dp: 197 702.0 19.873096446700508
fcfg: 197 854.0 56.92893401015228
dp: 214 739.0 32.126168224299064
fcfg: 214 911.0 91.44859813084112
dp: 202 711.0 28.524752475247524
fcfg: 202 865.0 68.99009900990099
dp: 188 682.0 19.73404255319149
fcfg: 188 781.0 44.148936170212764
dp: 194 694.0 23.623711340206185
fcfg: 194 842.0 75.48969072164948
dp: 178 683.0 16.415730337078653
fcfg: 178 771.0 46.04494382022472
dp: 199 717.0 22.251256281407034
fcfg: 199 842.0 61.57286432160804
dp: 202 694.0 24.099009900990097
fcfg: 202 858.0 72.29702970297029
dp: 195 714.0 20.95897435897436
fcfg: 195 835.0 55.01025641025641
dp: 214 707.0 26.957943925233646
fcfg: 214 765.0 57.925233644859816
dp: 202 709.0 24.613861386138613
fcfg: 202 841.0 63.75247524752475
dp: 214 717.0 29.200934579439252
fcfg: 214 885.0 70.51401869158879
dp: 196 699.0 18.127551020408163
fcfg: 196 813.0 50.17857142857143
dp: 207 735.0 28.44927536231884
fcfg: 207 857.0 67.60386473429952
dp: 214 734.0 35.257009345794394
fcfg: 214 816.0 75.35046728971963
dp: 196 713.0 22.091836734693878
fcfg: 196 854.0 61.285714285714285
dp: 205 704.0 29.034146341463416
fcfg: 205 897.0 70.78048780487805
dp: 208 707.0 32.45192307692308
fcfg: 208 758.0 66.41826923076923
dp: 182 705.0 11.73076923076923
fcfg: 182 781.0 29.708791208791208
dp: 216 723.0 24.421296296296298
fcfg: 216 912.0 73.0925925925926
dp: 189 705.0 15.83068783068783
fcfg: 189 809.0 48.6031746031746
dp: 210 743.0 34.03333333333333
fcfg: 210 901.0 80.51428571428572
dp: 202 719.0 32.004950495049506
fcfg: 202 899.0 75.74257425742574
dp: 198 707.0 22.257575757575758
fcfg: 198 815.0 47.30808080808081
dp: 212 728.0 37.971698113207545
fcfg: 212 783.0 73.51415094339623
dp: 165 678.0 8.44848484848485
fcfg: 165 718.0 18.193939393939395
dp: 182 709.0 16.587912087912088
fcfg: 182 787.0 36.81868131868132
dp: 193 725.0 23.82383419689119
fcfg: 193 832.0 49.575129533678755
dp: 190 700.0 17.46315789473684
fcfg: 190 803.0 44.915789473684214
dp: 188 699.0 19.0531914893617
fcfg: 188 815.0 62.21808510638298
dp: 184 702.0 14.722826086956522
fcfg: 184 805.0 40.22826086956522
dp: 217 713.0 34.193548387096776
fcfg: 217 782.0 58.15668202764977
dp: 202 715.0 26.183168316831683
fcfg: 202 830.0 55.93069306930693
dp: 213 727.0 29.990610328638496
fcfg: 213 766.0 61.075117370892016
dp: 221 725.0 37.366515837104075
fcfg: 221 827.0 57.42081447963801
dp: 193 727.0 17.155440414507773
fcfg: 193 831.0 36.13989637305699
dp: 222 734.0 31.405405405405407
fcfg: 222 915.0 70.74324324324324
dp: 205 690.0 31.190243902439025
fcfg: 205 765.0 56.09756097560975
dp: 236 751.0 46.83050847457627
fcfg: 236 846.0 97.4322033898305
dp: 199 696.0 25.85929648241206
fcfg: 199 862.0 77.73869346733669
dp: 188 679.0 21.574468085106382
fcfg: 188 786.0 51.46808510638298
dp: 217 739.0 33.0
fcfg: 217 921.0 78.37327188940093
dp: 194 687.0 25.262886597938145
fcfg: 194 808.0 51.68556701030928
dp: 206 733.0 27.349514563106798
fcfg: 206 861.0 63.72330097087379
dp: 228 739.0 39.333333333333336
fcfg: 228 790.0 69.63157894736842
dp: 195 696.0 36.86153846153846
fcfg: 195 817.0 66.65128205128205
dp: 205 723.0 32.02439024390244
fcfg: 205 865.0 76.20487804878049
dp: 195 700.0 19.8
fcfg: 195 813.0 50.96410256410256
dp: 206 730.0 25.57766990291262
fcfg: 206 832.0 52.83495145631068
dp: 189 692.0 24.04232804232804
fcfg: 189 824.0 60.6931216931217
dp: 192 707.0 15.984375
fcfg: 192 767.0 37.994791666666664
dp: 236 754.0 37.309322033898304
fcfg: 236 954.0 104.11440677966101
dp: 192 695.0 24.557291666666668
fcfg: 192 828.0 62.015625
dp: 205 711.0 23.585365853658537
fcfg: 205 899.0 72.30731707317074
dp: 205 714.0 25.26341463414634
fcfg: 205 837.0 63.48780487804878
dp: 214 742.0 39.299065420560744
fcfg: 214 800.0 58.94859813084112
dp: 194 702.0 25.47938144329897
fcfg: 194 818.0 53.175257731958766
dp: 201 711.0 28.383084577114428
fcfg: 201 868.0 71.96019900497512
dp: 197 713.0 27.497461928934012
fcfg: 197 823.0 67.62944162436548
dp: 190 728.0 18.794736842105262
fcfg: 190 828.0 46.85263157894737
dp: 218 706.0 40.72018348623853
fcfg: 218 887.0 82.27064220183486
dp: 197 709.0 21.482233502538072
fcfg: 197 830.0 50.32994923857868
dp: 179 690.0 16.70391061452514
fcfg: 179 792.0 47.385474860335194
dp: 181 691.0 12.502762430939226
fcfg: 181 797.0 39.193370165745854
dp: 214 704.0 35.92056074766355
fcfg: 214 862.0 83.71495327102804
dp: 217 727.0 27.6036866359447
fcfg: 217 876.0 65.48387096774194
dp: 204 705.0 20.92156862745098
fcfg: 204 870.0 55.083333333333336
dp: 204 709.0 36.22549019607843
fcfg: 204 850.0 77.32843137254902
dp: 228 756.0 46.223684210526315
fcfg: 228 799.0 61.0921052631579
dp: 203 711.0 22.960591133004925
fcfg: 203 865.0 59.9064039408867
dp: 180 689.0 17.766666666666666
fcfg: 180 778.0 39.61666666666667
dp: 199 713.0 24.417085427135678
fcfg: 199 868.0 69.41206030150754
dp: 207 703.0 29.58937198067633
fcfg: 207 761.0 66.89855072463769
dp: 194 706.0 18.18041237113402
fcfg: 194 860.0 62.58247422680412
dp: 189 694.0 16.904761904761905
fcfg: 189 789.0 45.37566137566137
dp: 208 722.0 21.745192307692307
fcfg: 208 839.0 56.3125
dp: 191 697.0 20.392670157068064
fcfg: 191 839.0 59.95811518324607
dp: 191 707.0 15.774869109947645
fcfg: 191 836.0 44.63350785340314
dp: 194 710.0 17.788659793814432
fcfg: 194 837.0 59.66494845360825
dp: 216 755.0 43.967592592592595
fcfg: 216 810.0 57.023148148148145
dp: 199 709.0 28.934673366834172
fcfg: 199 859.0 70.89949748743719
dp: 197 721.0 19.624365482233504
fcfg: 197 853.0 52.7005076142132
dp: 212 708.0 30.69811320754717
fcfg: 212 847.0 68.14150943396227
dp: 189 713.0 16.873015873015873
fcfg: 189 836.0 47.698412698412696
dp: 194 695.0 17.664948453608247
fcfg: 194 800.0 57.391752577319586
dp: 211 733.0 26.47867298578199
fcfg: 211 769.0 64.49763033175356
dp: 177 686.0 12.3954802259887
fcfg: 177 779.0 40.005649717514125
dp: 211 730.0 25.95260663507109
fcfg: 211 909.0 78.90521327014218
dp: 186 709.0 15.779569892473118
fcfg: 186 816.0 48.05913978494624
dp: 187 704.0 17.83957219251337
fcfg: 187 797.0 46.63636363636363
dp: 182 693.0 13.708791208791208
fcfg: 182 809.0 43.37362637362637
dp: 191 714.0 15.397905759162304
fcfg: 191 826.0 48.696335078534034
dp: 204 708.0 29.529411764705884
fcfg: 204 883.0 67.05392156862744
dp: 171 683.0 18.970760233918128
fcfg: 171 739.0 32.3859649122807
dp: 196 708.0 29.387755102040817
fcfg: 196 860.0 74.38265306122449
dp: 198 705.0 28.348484848484848
fcfg: 198 826.0 68.35858585858585
dp: 188 704.0 17.06382978723404
fcfg: 188 814.0 47.170212765957444
dp: 180 684.0 16.555555555555557
fcfg: 180 752.0 37.16111111111111
dp: 210 719.0 38.13333333333333
fcfg: 210 747.0 73.00952380952381
dp: 185 695.0 19.62162162162162
fcfg: 185 791.0 45.502702702702706
dp: 202 720.0 25.77227722772277
fcfg: 202 771.0 61.381188118811885
dp: 195 691.0 20.138461538461538
fcfg: 195 817.0 55.99487179487179
dp: 196 714.0 23.352040816326532
fcfg: 196 768.0 61.01020408163265
dp: 195 699.0 26.21025641025641
fcfg: 195 842.0 67.70769230769231
dp: 213 708.0 35.33802816901409
fcfg: 213 850.0 65.91079812206573
dp: 205 734.0 24.746341463414634
fcfg: 205 868.0 50.863414634146345
dp: 185 689.0 14.097297297297297
fcfg: 185 764.0 34.15675675675676
dp: 221 720.0 30.144796380090497
fcfg: 221 781.0 69.5972850678733
dp: 184 683.0 19.77173913043478
fcfg: 184 810.0 57.369565217391305
dp: 175 703.0 12.108571428571429
fcfg: 175 738.0 25.017142857142858
dp: 207 733.0 31.47342995169082
fcfg: 207 891.0 78.3913043478261
dp: 192 715.0 27.723958333333332
fcfg: 192 829.0 54.96875
dp: 231 732.0 34.17748917748918
fcfg: 231 822.0 83.9004329004329
dp: 204 723.0 24.166666666666668
fcfg: 204 814.0 49.970588235294116
dp: 231 735.0 40.134199134199136
fcfg: 231 781.0 66.25541125541126
dp: 195 706.0 21.215384615384615
fcfg: 195 837.0 58.04102564102564
dp: 195 705.0 23.594871794871796
fcfg: 195 815.0 56.87179487179487
dp: 195 718.0 22.953846153846154
fcfg: 195 833.0 48.261538461538464
dp: 208 726.0 26.822115384615383
fcfg: 208 878.0 71.80288461538461
dp: 209 709.0 29.36842105263158
fcfg: 209 891.0 87.622009569378
dp: 209 720.0 31.406698564593302
fcfg: 209 880.0 70.17224880382776
dp: 220 728.0 34.53636363636364
fcfg: 220 903.0 80.64545454545454
dp: 199 707.0 23.050251256281406
fcfg: 199 854.0 62.78894472361809
dp: 205 708.0 19.26341463414634
fcfg: 205 868.0 64.97073170731707
dp: 191 703.0 21.151832460732983
fcfg: 191 853.0 65.41361256544502
dp: 185 711.0 15.967567567567567
fcfg: 185 807.0 35.92972972972973
dp: 203 693.0 28.93103448275862
fcfg: 203 856.0 66.01970443349754
dp: 202 700.0 21.099009900990097
fcfg: 202 858.0 66.24257425742574
dp: 203 736.0 21.832512315270936
fcfg: 203 874.0 46.01970443349754
dp: 193 713.0 23.803108808290155
fcfg: 193 839.0 46.78238341968912
dp: 217 719.0 30.31336405529954
fcfg: 217 793.0 73.14285714285714
dp: 181 686.0 10.01657458563536
fcfg: 181 769.0 37.48618784530387
dp: 209 725.0 41.57416267942584
fcfg: 209 857.0 70.99521531100478
dp: 188 717.0 13.51063829787234
fcfg: 188 836.0 43.97872340425532
dp: 192 709.0 18.151041666666668
fcfg: 192 823.0 38.875
dp: 207 708.0 29.536231884057973
fcfg: 207 888.0 71.52173913043478
dp: 200 692.0 25.69
fcfg: 200 859.0 66.715
dp: 179 692.0 19.30167597765363
fcfg: 179 785.0 39.82122905027933
dp: 212 705.0 35.283018867924525
fcfg: 212 750.0 62.04245283018868
dp: 221 717.0 42.90950226244344
fcfg: 221 763.0 80.40723981900453
dp: 200 712.0 27.995
fcfg: 200 866.0 64.92
dp: 198 715.0 24.318181818181817
fcfg: 198 850.0 69.0959595959596
dp: 175 682.0 13.622857142857143
fcfg: 175 774.0 56.38857142857143
dp: 175 673.0 12.765714285714285
fcfg: 175 743.0 26.708571428571428
dp: 197 720.0 24.406091370558375
fcfg: 197 828.0 51.401015228426395
dp: 211 719.0 33.85781990521327
fcfg: 211 900.0 75.50710900473933
dp: 210 701.0 35.804761904761904
fcfg: 210 875.0 88.4095238095238
dp: 207 690.0 39.60386473429951
fcfg: 207 830.0 81.61352657004831
dp: 226 721.0 35.809734513274336
fcfg: 226 770.0 69.5
dp: 204 717.0 32.122549019607845
fcfg: 204 774.0 62.294117647058826
dp: 175 712.0 17.537142857142857
fcfg: 175 785.0 29.97142857142857
dp: 198 724.0 21.31313131313131
fcfg: 198 857.0 49.25252525252525
dp: 198 684.0 25.353535353535353
fcfg: 198 818.0 65.21717171717172
dp: 214 705.0 37.850467289719624
fcfg: 214 799.0 80.97196261682242
dp: 206 719.0 30.723300970873787
fcfg: 206 888.0 80.20873786407768
dp: 199 714.0 26.969849246231156
fcfg: 199 866.0 75.72361809045226
dp: 196 704.0 21.464285714285715
fcfg: 196 830.0 54.892857142857146
dp: 210 718.0 38.76190476190476
fcfg: 210 889.0 92.18571428571428
dp: 204 723.0 33.59803921568628
fcfg: 204 870.0 73.16176470588235
dp: 198 703.0 23.555555555555557
fcfg: 198 853.0 69.6919191919192
dp: 201 719.0 26.8407960199005
fcfg: 201 843.0 58.6318407960199
dp: 222 728.0 38.86486486486486
fcfg: 222 877.0 88.6981981981982
dp: 198 730.0 26.606060606060606
fcfg: 198 860.0 55.75252525252525
dp: 220 750.0 38.513636363636365
fcfg: 220 816.0 67.48636363636363
dp: 193 673.0 27.989637305699482
fcfg: 193 805.0 66.16580310880829
dp: 206 700.0 24.52912621359223
fcfg: 206 880.0 70.28155339805825
dp: 232 767.0 46.39655172413793
fcfg: 232 789.0 66.37931034482759
dp: 178 682.0 12.331460674157304
fcfg: 178 766.0 30.10112359550562
dp: 212 726.0 30.358490566037737
fcfg: 212 895.0 80.10849056603773
dp: 200 713.0 28.855
fcfg: 200 882.0 68.975
dp: 207 699.0 29.00966183574879
fcfg: 207 755.0 60.81642512077295
dp: 177 703.0 13.016949152542374
fcfg: 177 749.0 29.672316384180792
dp: 189 700.0 18.75132275132275
fcfg: 189 774.0 38.35978835978836
dp: 180 699.0 18.488888888888887
fcfg: 180 811.0 46.327777777777776
dp: 206 718.0 24.402912621359224
fcfg: 206 849.0 67.34466019417475
dp: 214 719.0 36.626168224299064
fcfg: 214 860.0 83.45794392523365
dp: 225 742.0 42.67111111111111
fcfg: 225 751.0 59.76
dp: 211 703.0 35.459715639810426
fcfg: 211 760.0 62.22748815165877
dp: 202 709.0 21.925742574257427
fcfg: 202 840.0 55.084158415841586
dp: 212 698.0 24.985849056603772
fcfg: 212 888.0 76.16037735849056
dp: 181 673.0 16.53038674033149
fcfg: 181 775.0 44.3756906077348
dp: 199 705.0 21.155778894472363
fcfg: 199 794.0 39.51256281407035
dp: 189 706.0 20.714285714285715
fcfg: 189 822.0 46.476190476190474
dp: 206 706.0 32.48543689320388
fcfg: 206 889.0 73.27184466019418
dp: 201 730.0 24.65174129353234
fcfg: 201 855.0 59.02985074626866
dp: 203 729.0 26.586206896551722
fcfg: 203 870.0 62.24630541871921
dp: 202 720.0 29.15841584158416
fcfg: 202 872.0 68.02475247524752
dp: 193 707.0 22.590673575129532
fcfg: 193 788.0 38.968911917098445
dp: 194 700.0 21.18041237113402
fcfg: 194 842.0 61.21134020618557
dp: 217 737.0 32.53917050691244
fcfg: 217 865.0 81.46543778801843
dp: 192 710.0 21.567708333333332
fcfg: 192 820.0 59.489583333333336
dp: 206 688.0 26.699029126213592
fcfg: 206 887.0 88.0
dp: 206 709.0 30.12135922330097
fcfg: 206 864.0 73.17961165048544
dp: 205 739.0 28.39512195121951
fcfg: 205 835.0 54.74146341463415
dp: 204 717.0 22.269607843137255
fcfg: 204 842.0 60.509803921568626
dp: 207 694.0 24.207729468599034
fcfg: 207 833.0 57.371980676328505
dp: 201 698.0 21.80597014925373
fcfg: 201 864.0 50.53233830845771
dp: 194 701.0 18.90721649484536
fcfg: 194 805.0 43.04639175257732
dp: 212 695.0 28.55188679245283
fcfg: 212 764.0 60.22641509433962
dp: 198 696.0 25.7979797979798
fcfg: 198 853.0 68.9090909090909
dp: 195 701.0 22.553846153846155
fcfg: 195 814.0 60.205128205128204
dp: 201 704.0 30.19402985074627
fcfg: 201 849.0 65.03482587064677
dp: 211 723.0 34.350710900473935
fcfg: 211 888.0 85.76303317535545
dp: 198 717.0 24.41919191919192
fcfg: 198 849.0 61.42929292929293
dp: 215 718.0 38.074418604651164
fcfg: 215 727.0 69.4
dp: 192 701.0 20.911458333333332
fcfg: 192 829.0 58.322916666666664
dp: 230 765.0 38.75217391304348
fcfg: 230 930.0 90.59130434782608
dp: 177 680.0 17.146892655367232
fcfg: 177 753.0 39.93785310734463
dp: 207 711.0 26.115942028985508
fcfg: 207 849.0 62.38647342995169
dp: 212 721.0 26.19811320754717
fcfg: 212 877.0 65.66981132075472
dp: 195 715.0 17.81025641025641
fcfg: 195 826.0 42.55897435897436
dp: 224 715.0 38.098214285714285
fcfg: 224 831.0 61.21875
dp: 219 692.0 35.62100456621005
fcfg: 219 785.0 65.6027397260274
dp: 197 718.0 31.446700507614214
fcfg: 197 826.0 65.61421319796955
dp: 196 715.0 21.341836734693878
fcfg: 196 855.0 54.816326530612244
dp: 203 723.0 31.142857142857142
fcfg: 203 863.0 73.35960591133005
dp: 226 724.0 40.008849557522126
fcfg: 226 910.0 78.19911504424779
dp: 196 707.0 25.25
fcfg: 196 855.0 62.19897959183673
dp: 222 738.0 40.869369369369366
fcfg: 222 791.0 74.509009009009
dp: 212 721.0 25.169811320754718
fcfg: 212 789.0 58.12264150943396
dp: 194 708.0 20.438144329896907
fcfg: 194 859.0 60.31958762886598
dp: 192 704.0 21.78125
fcfg: 192 827.0 51.947916666666664
dp: 210 715.0 33.94285714285714
fcfg: 210 787.0 73.22857142857143
dp: 204 707.0 26.416666666666668
fcfg: 204 860.0 69.86764705882354
dp: 195 707.0 18.194871794871794
fcfg: 195 833.0 50.12820512820513
dp: 191 711.0 20.23560209424084
fcfg: 191 837.0 51.518324607329845
dp: 221 723.0 41.755656108597286
fcfg: 221 916.0 94.8552036199095
dp: 183 716.0 10.972677595628415
fcfg: 183 778.0 23.863387978142075
dp: 196 726.0 27.785714285714285
fcfg: 196 852.0 55.295918367346935
dp: 192 719.0 17.458333333333332
fcfg: 192 837.0 51.609375
dp: 201 721.0 23.01492537313433
fcfg: 201 854.0 63.19402985074627
dp: 211 722.0 34.41706161137441
fcfg: 211 865.0 75.21800947867298
dp: 186 709.0 17.876344086021504
fcfg: 186 833.0 51.586021505376344
dp: 204 726.0 21.181372549019606
fcfg: 204 864.0 60.98039215686274
dp: 205 712.0 19.42439024390244
fcfg: 205 843.0 65.89268292682927
dp: 181 700.0 13.767955801104973
fcfg: 181 773.0 30.751381215469614
dp: 182 699.0 14.802197802197803
fcfg: 182 798.0 47.5989010989011
dp: 188 710.0 18.95212765957447
fcfg: 188 794.0 41.8563829787234
dp: 214 720.0 30.411214953271028
fcfg: 214 775.0 61.18691588785047
dp: 171 703.0 14.175438596491228
fcfg: 171 781.0 27.105263157894736
dp: 199 706.0 36.30653266331658
fcfg: 199 862.0 80.39698492462311
dp: 192 704.0 18.416666666666668
fcfg: 192 794.0 53.15625
dp: 200 720.0 20.56
fcfg: 200 869.0 65.16
dp: 204 708.0 23.176470588235293
fcfg: 204 863.0 70.59803921568627
dp: 207 723.0 27.59903381642512
fcfg: 207 885.0 72.58454106280193
dp: 215 726.0 26.358139534883723
fcfg: 215 781.0 61.632558139534886
dp: 192 701.0 18.255208333333332
fcfg: 192 808.0 41.46875
dp: 222 720.0 34.88288288288288
fcfg: 222 892.0 84.98648648648648
dp: 214 743.0 39.308411214953274
fcfg: 214 770.0 55.074766355140184
dp: 196 708.0 21.224489795918366
fcfg: 196 804.0 45.11224489795919
dp: 192 700.0 27.666666666666668
fcfg: 192 842.0 69.71354166666667
dp: 197 698.0 25.65989847715736
fcfg: 197 842.0 68.49746192893402
dp: 171 676.0 12.134502923976608
fcfg: 171 744.0 33.43859649122807
dp: 211 720.0 22.061611374407583
fcfg: 211 893.0 71.82938388625593
dp: 210 730.0 28.133333333333333
fcfg: 210 891.0 76.37619047619047
dp: 206 724.0 24.47087378640777
fcfg: 206 884.0 73.14077669902913
dp: 209 714.0 37.56459330143541
fcfg: 209 890.0 90.70334928229666
dp: 219 714.0 35.44292237442922
fcfg: 219 764.0 57.6986301369863
dp: 186 716.0 17.747311827956988
fcfg: 186 824.0 47.043010752688176
dp: 197 708.0 19.284263959390863
fcfg: 197 831.0 50.994923857868024
dp: 217 716.0 34.525345622119815
fcfg: 217 791.0 71.48387096774194
dp: 200 709.0 20.68
fcfg: 200 818.0 49.8
dp: 198 687.0 20.196969696969695
fcfg: 198 821.0 53.61616161616162
dp: 201 714.0 19.203980099502488
fcfg: 201 802.0 42.76119402985075
dp: 194 703.0 26.195876288659793
fcfg: 194 841.0 65.1340206185567
dp: 205 716.0 26.995121951219513
fcfg: 205 856.0 61.08780487804878
dp: 220 725.0 44.42272727272727
fcfg: 220 803.0 79.76818181818182
dp: 213 741.0 28.591549295774648
fcfg: 213 872.0 69.59624413145539
dp: 197 692.0 27.86294416243655
fcfg: 197 856.0 71.77157360406092
dp: 193 704.0 18.305699481865286
fcfg: 193 819.0 44.64766839378238
dp: 199 720.0 19.582914572864322
fcfg: 199 829.0 53.81909547738694
dp: 219 715.0 33.401826484018265
fcfg: 219 770.0 66.13698630136986
dp: 199 727.0 18.768844221105528
fcfg: 199 828.0 49.66834170854271
dp: 221 737.0 30.361990950226243
fcfg: 221 744.0 56.081447963800905
dp: 215 715.0 24.92093023255814
fcfg: 215 887.0 76.14883720930233
dp: 195 692.0 19.497435897435896
fcfg: 195 809.0 49.282051282051285
dp: 211 728.0 32.18009478672986
fcfg: 211 887.0 76.28436018957346
dp: 182 684.0 15.313186813186814
fcfg: 182 774.0 43.565934065934066
dp: 176 701.0 12.329545454545455
fcfg: 176 760.0 33.59659090909091
dp: 199 704.0 29.040201005025125
fcfg: 199 848.0 68.35175879396985
dp: 177 695.0 12.412429378531073
fcfg: 177 742.0 27.903954802259886
dp: 214 722.0 27.981308411214954
fcfg: 214 879.0 78.6214953271028
dp: 190 697.0 18.105263157894736
fcfg: 190 796.0 43.36842105263158
dp: 197 730.0 19.84771573604061
fcfg: 197 820.0 37.878172588832484
dp: 204 723.0 27.715686274509803
fcfg: 204 873.0 63.32843137254902
dp: 192 686.0 15.869791666666666
fcfg: 192 782.0 41.286458333333336
dp: 193 710.0 18.367875647668395
fcfg: 193 799.0 36.92227979274612
dp: 185 697.0 12.767567567567568
fcfg: 185 807.0 42.68108108108108
dp: 217 726.0 35.36866359447004
fcfg: 217 774.0 59.49769585253456
dp: 194 723.0 21.314432989690722
fcfg: 194 820.0 37.79381443298969
dp: 198 708.0 25.893939393939394
fcfg: 198 861.0 69.57575757575758
dp: 179 686.0 17.56983240223464
fcfg: 179 759.0 41.787709497206706
dp: 203 717.0 22.91625615763547
fcfg: 203 853.0 58.783251231527096
dp: 233 731.0 43.66094420600859
fcfg: 233 818.0 91.58798283261802
dp: 186 692.0 21.193548387096776
fcfg: 186 815.0 53.166666666666664
dp: 203 712.0 24.35960591133005
fcfg: 203 762.0 62.10344827586207
dp: 224 724.0 37.004464285714285
fcfg: 224 799.0 70.60714285714286
dp: 190 712.0 17.542105263157893
fcfg: 190 839.0 51.805263157894736
dp: 215 720.0 34.77209302325581
fcfg: 215 772.0 65.62790697674419
dp: 194 712.0 21.051546391752577
fcfg: 194 849.0 57.79381443298969
dp: 194 692.0 22.737113402061855
fcfg: 194 859.0 69.30412371134021
dp: 200 727.0 16.215
fcfg: 200 811.0 49.385
dp: 218 726.0 32.74311926605505
fcfg: 218 903.0 83.72935779816514
dp: 184 686.0 16.972826086956523
fcfg: 184 821.0 52.86413043478261
dp: 200 715.0 22.9
fcfg: 200 751.0 60.615
dp: 179 687.0 15.28491620111732
fcfg: 179 785.0 43.83798882681564
dp: 202 714.0 24.03960396039604
fcfg: 202 843.0 58.99009900990099
dp: 198 713.0 24.393939393939394
fcfg: 198 859.0 63.75252525252525
dp: 191 708.0 19.837696335078533
fcfg: 191 818.0 51.38743455497382
dp: 186 724.0 23.177419354838708
fcfg: 186 825.0 41.29032258064516
dp: 198 720.0 18.595959595959595
fcfg: 198 830.0 51.71212121212121
dp: 209 706.0 26.789473684210527
fcfg: 209 876.0 64.86602870813397
dp: 204 723.0 20.96078431372549
fcfg: 204 846.0 56.18627450980392
dp: 212 725.0 25.985849056603772
fcfg: 212 879.0 64.24528301886792
dp: 186 708.0 15.618279569892474
fcfg: 186 763.0 25.763440860215052
dp: 224 736.0 36.482142857142854
fcfg: 224 812.0 66.91071428571429
dp: 200 697.0 23.93
fcfg: 200 868.0 64.215
dp: 206 709.0 34.383495145631066
fcfg: 206 882.0 71.38349514563107
dp: 187 710.0 18.49197860962567
fcfg: 187 813.0 46.16577540106952
dp: 209 717.0 29.85645933014354
fcfg: 209 884.0 77.88038277511961
dp: 201 713.0 23.960199004975124
fcfg: 201 823.0 58.492537313432834
dp: 239 756.0 43.56066945606695
fcfg: 239 948.0 102.80334728033473
dp: 189 688.0 22.534391534391535
fcfg: 189 806.0 55.79365079365079
dp: 223 714.0 37.596412556053814
fcfg: 223 819.0 86.8609865470852
dp: 215 719.0 26.195348837209302
fcfg: 215 895.0 67.31627906976745
dp: 188 717.0 24.96276595744681
fcfg: 188 821.0 52.0
dp: 174 685.0 10.0
fcfg: 174 706.0 24.689655172413794
dp: 183 699.0 18.21311475409836
fcfg: 183 791.0 36.46448087431694
dp: 189 694.0 15.428571428571429
fcfg: 189 791.0 42.65079365079365
dp: 185 697.0 14.85945945945946
fcfg: 185 776.0 33.44864864864865
dp: 197 707.0 24.258883248730964
fcfg: 197 827.0 53.619289340101524
dp: 206 709.0 37.529126213592235
fcfg: 206 771.0 60.97572815533981
dp: 184 696.0 15.695652173913043
fcfg: 184 786.0 35.72282608695652
dp: 193 693.0 27.05699481865285
fcfg: 193 859.0 69.74611398963731
dp: 194 715.0 24.917525773195877
fcfg: 194 853.0 66.68041237113403
dp: 207 714.0 33.57487922705314
fcfg: 207 858.0 66.02898550724638
dp: 199 694.0 24.507537688442213
fcfg: 199 825.0 65.25628140703517
dp: 191 707.0 23.523560209424083
fcfg: 191 844.0 56.795811518324605
dp: 209 720.0 28.28708133971292
fcfg: 209 862.0 67.47368421052632
dp: 202 712.0 28.11881188118812
fcfg: 202 759.0 64.23762376237623
dp: 202 692.0 24.980198019801982
fcfg: 202 862.0 78.1930693069307
dp: 211 719.0 28.89099526066351
fcfg: 211 878.0 72.4739336492891
dp: 220 707.0 32.09090909090909
fcfg: 220 806.0 80.6
dp: 195 709.0 22.55897435897436
fcfg: 195 850.0 62.93846153846154
dp: 198 710.0 25.055555555555557
fcfg: 198 835.0 58.92929292929293
dp: 213 707.0 27.230046948356808
fcfg: 213 776.0 65.8169014084507
dp: 209 735.0 23.483253588516746
fcfg: 209 865.0 52.665071770334926
dp: 185 684.0 17.72972972972973
fcfg: 185 803.0 46.4
dp: 190 694.0 19.263157894736842
fcfg: 190 834.0 57.0
dp: 228 743.0 40.828947368421055
fcfg: 228 737.0 72.57456140350877
dp: 185 697.0 17.6
fcfg: 185 817.0 47.983783783783785
dp: 197 722.0 17.461928934010153
fcfg: 197 830.0 38.101522842639596
dp: 186 694.0 18.102150537634408
fcfg: 186 795.0 43.60752688172043
dp: 206 723.0 35.38834951456311
fcfg: 206 763.0 64.51941747572816
dp: 203 727.0 25.532019704433498
fcfg: 203 874.0 65.01477832512315
dp: 185 705.0 14.735135135135135
fcfg: 185 819.0 45.45945945945946
dp: 188 699.0 15.808510638297872
fcfg: 188 793.0 39.92553191489362
dp: 204 711.0 29.475490196078432
fcfg: 204 861.0 67.1029411764706
dp: 188 698.0 13.579787234042554
fcfg: 188 800.0 38.04255319148936
dp: 198 714.0 20.641414141414142
fcfg: 198 857.0 54.26767676767677
dp: 204 724.0 22.754901960784313
fcfg: 204 740.0 42.09313725490196
dp: 187 683.0 19.262032085561497
fcfg: 187 767.0 45.24064171122995
dp: 187 693.0 16.219251336898395
fcfg: 187 820.0 51.46524064171123
dp: 205 714.0 32.65853658536585
fcfg: 205 885.0 76.29268292682927
dp: 196 704.0 21.566326530612244
fcfg: 196 838.0 61.09183673469388
dp: 205 705.0 24.931707317073172
fcfg: 205 871.0 64.22439024390243
dp: 188 692.0 17.72872340425532
fcfg: 188 804.0 50.62765957446808
dp: 204 721.0 25.36764705882353
fcfg: 204 884.0 70.6029411764706
dp: 192 710.0 16.75
fcfg: 192 831.0 53.822916666666664
dp: 188 687.0 18.77127659574468
fcfg: 188 809.0 53.51063829787234
dp: 174 683.0 14.701149425287356
fcfg: 174 768.0 45.99425287356322
dp: 162 673.0 9.802469135802468
fcfg: 162 713.0 21.993827160493826
dp: 190 715.0 20.478947368421053
fcfg: 190 827.0 41.45263157894737
dp: 167 664.0 14.083832335329342
fcfg: 167 727.0 33.035928143712574
dp: 199 709.0 23.0
fcfg: 199 846.0 62.21608040201005
dp: 192 701.0 18.203125
fcfg: 192 788.0 40.984375
dp: 205 706.0 26.414634146341463
fcfg: 205 901.0 78.02439024390245
dp: 213 716.0 28.023474178403756
fcfg: 213 905.0 78.97652582159624
dp: 192 697.0 15.390625
fcfg: 192 830.0 49.375
dp: 197 723.0 31.86294416243655
fcfg: 197 859.0 69.25888324873097
dp: 215 713.0 30.27906976744186
fcfg: 215 929.0 90.12093023255814
dp: 183 704.0 14.28415300546448
fcfg: 183 759.0 23.896174863387976
dp: 201 718.0 27.90547263681592
fcfg: 201 858.0 68.92537313432835
dp: 188 672.0 20.590425531914892
fcfg: 188 774.0 56.6968085106383
dp: 199 713.0 23.366834170854272
fcfg: 199 833.0 48.02010050251256
dp: 180 679.0 18.333333333333332
fcfg: 180 785.0 52.705555555555556
dp: 176 694.0 15.431818181818182
fcfg: 176 792.0 43.54545454545455
dp: 205 711.0 32.44390243902439
fcfg: 205 853.0 67.1170731707317
dp: 191 691.0 18.832460732984295
fcfg: 191 793.0 49.696335078534034
dp: 183 705.0 16.524590163934427
fcfg: 183 802.0 36.87431693989071
dp: 206 712.0 31.694174757281555
fcfg: 206 852.0 75.46601941747574
dp: 206 714.0 20.262135922330096
fcfg: 206 851.0 55.067961165048544
dp: 226 732.0 36.18141592920354
fcfg: 226 794.0 74.51327433628319
dp: 189 706.0 16.96825396825397
fcfg: 189 821.0 45.925925925925924
dp: 210 735.0 42.25714285714286
fcfg: 210 789.0 73.05238095238096
dp: 218 743.0 41.36697247706422
fcfg: 218 893.0 90.18348623853211
dp: 202 699.0 27.480198019801982
fcfg: 202 850.0 61.757425742574256
dp: 194 697.0 21.70618556701031
fcfg: 194 797.0 39.55154639175258
dp: 210 709.0 38.10952380952381
fcfg: 210 764.0 66.71428571428571
dp: 198 718.0 32.74747474747475
fcfg: 198 845.0 69.97979797979798
dp: 206 716.0 26.941747572815533
fcfg: 206 861.0 60.077669902912625
dp: 232 736.0 52.19396551724138
fcfg: 232 816.0 69.86206896551724
dp: 175 685.0 13.548571428571428
fcfg: 175 730.0 26.96
dp: 198 708.0 18.055555555555557
fcfg: 198 835.0 50.71212121212121
dp: 200 738.0 27.565
fcfg: 200 895.0 66.89
dp: 206 703.0 35.5
fcfg: 206 770.0 70.29126213592232
dp: 204 727.0 30.151960784313726
fcfg: 204 886.0 75.41666666666667
dp: 207 703.0 23.17391304347826
fcfg: 207 860.0 70.34782608695652
dp: 200 689.0 33.7
fcfg: 200 821.0 66.27
dp: 203 726.0 22.532019704433498
fcfg: 203 867.0 60.847290640394085
dp: 206 711.0 22.66990291262136
fcfg: 206 850.0 63.52427184466019
dp: 194 716.0 22.216494845360824
fcfg: 194 845.0 52.628865979381445
dp: 198 707.0 23.681818181818183
fcfg: 198 830.0 55.621212121212125
dp: 193 720.0 23.740932642487046
fcfg: 193 861.0 48.0880829015544
dp: 194 706.0 24.175257731958762
fcfg: 194 850.0 61.871134020618555
dp: 209 721.0 25.411483253588518
fcfg: 209 886.0 77.19617224880383
dp: 191 721.0 32.890052356020945
fcfg: 191 844.0 60.21465968586387
dp: 208 729.0 26.20673076923077
fcfg: 208 860.0 59.54326923076923
dp: 212 705.0 29.212264150943398
fcfg: 212 870.0 75.14150943396227
dp: 181 695.0 16.099447513812155
fcfg: 181 771.0 36.91160220994475
dp: 224 752.0 40.388392857142854
fcfg: 224 781.0 70.09375
dp: 230 731.0 44.42173913043478
fcfg: 230 799.0 82.0695652173913
dp: 202 712.0 21.980198019801982
fcfg: 202 854.0 52.51980198019802
dp: 189 701.0 18.51851851851852
fcfg: 189 790.0 48.31216931216931
dp: 205 727.0 28.004878048780487
fcfg: 205 852.0 61.760975609756095
dp: 202 699.0 28.193069306930692
fcfg: 202 842.0 79.88118811881188
dp: 209 727.0 27.617224880382775
fcfg: 209 871.0 62.196172248803826
dp: 188 725.0 21.861702127659573
fcfg: 188 833.0 48.57446808510638
dp: 177 697.0 12.220338983050848
fcfg: 177 773.0 34.96045197740113
dp: 192 710.0 20.21875
fcfg: 192 812.0 48.359375
dp: 202 721.0 27.653465346534652
fcfg: 202 752.0 53.17326732673267
dp: 178 681.0 17.50561797752809
fcfg: 178 792.0 51.2247191011236
dp: 243 769.0 59.31275720164609
fcfg: 243 800.0 61.48148148148148
dp: 173 696.0 12.306358381502891
fcfg: 173 758.0 23.734104046242773
dp: 215 730.0 32.027906976744184
fcfg: 215 787.0 67.08372093023256
dp: 177 692.0 13.259887005649718
fcfg: 177 769.0 30.740112994350284
dp: 203 693.0 27.79310344827586
fcfg: 203 838.0 64.74384236453201
dp: 227 756.0 37.37885462555066
fcfg: 227 904.0 76.83259911894272
dp: 183 695.0 19.185792349726775
fcfg: 183 795.0 43.830601092896174
dp: 183 681.0 11.551912568306012
fcfg: 183 769.0 42.72677595628415
dp: 181 702.0 14.348066298342541
fcfg: 181 801.0 38.14364640883978
dp: 208 717.0 28.33173076923077
fcfg: 208 844.0 67.1201923076923
dp: 215 738.0 27.697674418604652
fcfg: 215 764.0 55.12093023255814
dp: 207 726.0 26.594202898550726
fcfg: 207 750.0 45.27536231884058
dp: 206 721.0 34.762135922330096
fcfg: 206 882.0 71.5631067961165
dp: 195 693.0 20.164102564102564
fcfg: 195 810.0 58.44615384615385
dp: 197 716.0 19.492385786802032
fcfg: 197 836.0 47.52791878172589
dp: 203 699.0 24.63054187192118
fcfg: 203 866.0 72.75862068965517
dp: 206 704.0 31.485436893203882
fcfg: 206 887.0 78.29611650485437
dp: 202 718.0 30.346534653465348
fcfg: 202 899.0 70.08910891089108
dp: 198 707.0 27.550505050505052
fcfg: 198 863.0 71.41414141414141
dp: 210 718.0 30.414285714285715
fcfg: 210 872.0 75.58095238095238
dp: 196 712.0 21.602040816326532
fcfg: 196 840.0 61.36224489795919
dp: 189 715.0 18.349206349206348
fcfg: 189 775.0 32.22751322751323
dp: 203 721.0 27.300492610837438
fcfg: 203 833.0 62.26108374384236
dp: 199 712.0 23.040201005025125
fcfg: 199 826.0 55.49748743718593
dp: 199 719.0 19.597989949748744
fcfg: 199 826.0 47.50251256281407
dp: 183 708.0 13.087431693989071
fcfg: 183 768.0 28.562841530054644
dp: 223 713.0 38.93273542600897
fcfg: 223 891.0 92.82511210762331
dp: 181 722.0 17.585635359116022
fcfg: 181 793.0 31.099447513812155
dp: 170 690.0 12.235294117647058
fcfg: 170 749.0 23.811764705882354
dp: 203 718.0 24.9064039408867
fcfg: 203 853.0 66.06403940886699
dp: 197 703.0 22.33502538071066
fcfg: 197 894.0 73.40609137055837
dp: 184 705.0 13.554347826086957
fcfg: 184 773.0 35.86413043478261
dp: 169 686.0 10.781065088757396
fcfg: 169 723.0 22.307692307692307
dp: 204 708.0 30.44607843137255
fcfg: 204 873.0 81.0343137254902
dp: 190 702.0 16.763157894736842
fcfg: 190 816.0 50.189473684210526
dp: 214 724.0 30.247663551401867
fcfg: 214 890.0 75.50467289719626
dp: 197 693.0 21.086294416243653
fcfg: 197 834.0 71.42131979695432
dp: 206 723.0 27.0873786407767
fcfg: 206 873.0 62.79611650485437
dp: 191 697.0 23.691099476439792
fcfg: 191 844.0 66.8848167539267
dp: 206 726.0 29.854368932038835
fcfg: 206 874.0 63.46601941747573
