dp: 142 672.0 9.450704225352112
fcfg: 142 708.0 19.528169014084508
dp: 130 681.0 5.015384615384615
fcfg: 130 694.0 9.138461538461538
dp: 136 690.0 6.301470588235294
fcfg: 136 696.0 6.242647058823529
dp: 127 653.0 3.5354330708661417
fcfg: 127 653.0 4.433070866141732
dp: 128 682.0 5.2578125
fcfg: 128 677.0 11.0703125
dp: 124 663.0 3.967741935483871
fcfg: 124 663.0 5.064516129032258
dp: 122 665.0 4.30327868852459
fcfg: 122 668.0 4.016393442622951
dp: 140 664.0 5.664285714285715
fcfg: 140 673.0 12.42142857142857
dp: 136 656.0 3.4779411764705883
fcfg: 136 656.0 2.625
dp: 146 699.0 7.013698630136986
fcfg: 146 713.0 9.582191780821917
