dp: 333 1121.0 24.564564564564563
fcfg: 333 1210.0 60.150150150150154
dp: 325 1114.0 24.51076923076923
fcfg: 325 1245.0 97.48
dp: 332 1113.0 31.259036144578314
fcfg: 332 1148.0 71.87349397590361
dp: 354 1163.0 38.57627118644068
fcfg: 354 1175.0 76.62146892655367
dp: 348 1130.0 39.4080459770115
fcfg: 348 1186.0 94.33333333333333
dp: 327 1095.0 26.501529051987767
fcfg: 327 1166.0 86.37920489296636
dp: 332 1133.0 31.67168674698795
fcfg: 332 1231.0 65.0632530120482
dp: 324 1096.0 24.41358024691358
fcfg: 324 1138.0 65.33333333333333
dp: 332 1101.0 26.466867469879517
fcfg: 332 1227.0 83.42168674698796
dp: 336 1120.0 29.675595238095237
fcfg: 336 1216.0 77.47321428571429
dp: 316 1123.0 21.705696202531644
fcfg: 316 1182.0 64.02848101265823
dp: 340 1147.0 29.71764705882353
fcfg: 340 1188.0 74.42941176470588
dp: 320 1132.0 23.865625
fcfg: 320 1255.0 71.878125
dp: 339 1131.0 30.28613569321534
fcfg: 339 1187.0 61.26843657817109
dp: 332 1136.0 26.771084337349397
fcfg: 332 1196.0 81.96987951807229
dp: 366 1187.0 40.795081967213115
fcfg: 366 1190.0 69.99453551912568
dp: 326 1147.0 24.874233128834355
fcfg: 326 1197.0 63.515337423312886
dp: 325 1139.0 21.4
fcfg: 325 1222.0 62.58461538461538
dp: 312 1097.0 19.817307692307693
fcfg: 312 1270.0 82.70833333333333
dp: 336 1109.0 28.053571428571427
fcfg: 336 1201.0 79.01190476190476
dp: 364 1188.0 47.535714285714285
fcfg: 364 1188.0 89.8956043956044
dp: 325 1116.0 21.495384615384616
fcfg: 325 1283.0 75.68
dp: 320 1103.0 18.41875
fcfg: 320 1153.0 69.790625
dp: 318 1110.0 20.437106918238992
fcfg: 318 1284.0 88.86163522012579
dp: 309 1095.0 20.508090614886733
fcfg: 309 1290.0 77.22330097087378
dp: 316 1114.0 16.667721518987342
fcfg: 316 1284.0 74.75949367088607
dp: 348 1153.0 38.47126436781609
fcfg: 348 1222.0 57.43390804597701
dp: 343 1117.0 35.12536443148688
fcfg: 343 1230.0 70.85131195335276
dp: 321 1109.0 23.6791277258567
fcfg: 321 1209.0 66.62928348909658
dp: 314 1097.0 28.729299363057326
fcfg: 314 1227.0 62.5859872611465
dp: 329 1097.0 26.316109422492403
fcfg: 329 1173.0 85.97872340425532
dp: 326 1122.0 22.273006134969325
fcfg: 326 1174.0 70.05828220858896
dp: 342 1122.0 26.804093567251464
fcfg: 342 1273.0 73.76023391812865
dp: 321 1104.0 25.373831775700936
fcfg: 321 1182.0 73.66043613707166
dp: 329 1107.0 27.80851063829787
fcfg: 329 1219.0 95.72036474164133
dp: 348 1126.0 33.63793103448276
fcfg: 348 1282.0 77.29310344827586
dp: 333 1121.0 27.345345345345347
fcfg: 333 1210.0 59.870870870870874
dp: 349 1141.0 33.34957020057307
fcfg: 349 1181.0 62.126074498567334
dp: 332 1110.0 30.8644578313253
fcfg: 332 1250.0 78.81626506024097
dp: 326 1140.0 19.279141104294478
fcfg: 326 1199.0 68.07668711656441
dp: 339 1123.0 31.103244837758112
fcfg: 339 1263.0 104.30678466076697
dp: 325 1105.0 29.073846153846155
fcfg: 325 1180.0 72.30153846153846
dp: 337 1129.0 30.347181008902076
fcfg: 337 1134.0 68.43620178041543
dp: 332 1122.0 32.56024096385542
fcfg: 332 1211.0 85.50301204819277
dp: 353 1171.0 41.14730878186969
fcfg: 353 1248.0 87.6827195467422
dp: 325 1152.0 26.68307692307692
fcfg: 325 1203.0 59.40923076923077
dp: 360 1133.0 45.08611111111111
fcfg: 360 1150.0 90.99444444444444
dp: 354 1158.0 39.92090395480226
fcfg: 354 1214.0 93.62146892655367
dp: 340 1162.0 31.11470588235294
fcfg: 340 1363.0 95.78529411764706
dp: 332 1137.0 32.23192771084337
fcfg: 332 1218.0 65.78915662650603
dp: 328 1122.0 21.929878048780488
fcfg: 328 1213.0 77.79878048780488
dp: 364 1156.0 42.37637362637363
fcfg: 364 1271.0 75.33516483516483
dp: 344 1143.0 33.979651162790695
fcfg: 344 1203.0 66.51744186046511
dp: 354 1128.0 40.03954802259887
fcfg: 354 1227.0 79.1638418079096
dp: 335 1124.0 27.1910447761194
fcfg: 335 1238.0 80.27164179104477
dp: 342 1146.0 31.55263157894737
fcfg: 342 1124.0 68.00584795321637
dp: 328 1107.0 24.640243902439025
fcfg: 328 1251.0 75.91158536585365
dp: 331 1118.0 22.093655589123866
fcfg: 331 1206.0 78.87009063444108
dp: 336 1133.0 33.339285714285715
fcfg: 336 1216.0 57.13690476190476
dp: 341 1111.0 37.6891495601173
fcfg: 341 1162.0 67.97360703812316
dp: 336 1120.0 26.833333333333332
fcfg: 336 1195.0 79.4375
dp: 359 1182.0 37.65181058495822
fcfg: 359 1229.0 65.06128133704735
dp: 358 1162.0 37.17039106145251
fcfg: 358 1278.0 74.53631284916202
dp: 346 1139.0 43.13294797687861
fcfg: 346 1165.0 105.19653179190752
dp: 348 1133.0 36.048850574712645
fcfg: 348 1231.0 99.83908045977012
dp: 304 1115.0 18.07894736842105
fcfg: 304 1243.0 49.07565789473684
dp: 350 1149.0 36.72857142857143
fcfg: 350 1271.0 73.80285714285715
dp: 310 1087.0 23.003225806451614
fcfg: 310 1169.0 68.68709677419355
dp: 326 1134.0 26.4079754601227
fcfg: 326 1197.0 61.785276073619634
dp: 352 1148.0 45.23011363636363
fcfg: 352 1128.0 73.82386363636364
dp: 350 1189.0 37.92285714285714
fcfg: 350 1192.0 73.20857142857143
dp: 336 1094.0 31.422619047619047
fcfg: 336 1216.0 71.05952380952381
dp: 340 1110.0 34.758823529411764
fcfg: 340 1230.0 80.23235294117647
dp: 327 1113.0 26.605504587155963
fcfg: 327 1187.0 91.07339449541284
dp: 319 1099.0 22.727272727272727
fcfg: 319 1187.0 67.55172413793103
dp: 360 1172.0 46.227777777777774
fcfg: 360 1254.0 94.53333333333333
dp: 326 1110.0 25.119631901840492
fcfg: 326 1198.0 58.58588957055215
dp: 341 1135.0 38.55425219941349
fcfg: 341 1166.0 62.81818181818182
dp: 344 1125.0 32.69767441860465
fcfg: 344 1228.0 72.94186046511628
dp: 345 1144.0 33.710144927536234
fcfg: 345 1301.0 84.25507246376812
dp: 339 1118.0 31.48967551622419
fcfg: 339 1240.0 73.71976401179941
dp: 323 1131.0 25.78018575851393
fcfg: 323 1188.0 75.9876160990712
dp: 348 1141.0 48.28735632183908
fcfg: 348 1237.0 76.16666666666667
dp: 318 1093.0 23.833333333333332
fcfg: 318 1291.0 94.96855345911949
dp: 336 1127.0 30.94345238095238
fcfg: 336 1192.0 80.85416666666667
dp: 336 1130.0 26.74404761904762
fcfg: 336 1149.0 58.086309523809526
dp: 320 1109.0 21.5375
fcfg: 320 1177.0 76.68125
dp: 339 1131.0 31.135693215339234
fcfg: 339 1241.0 69.33923303834808
dp: 320 1109.0 19.259375
fcfg: 320 1180.0 67.065625
dp: 318 1117.0 24.10062893081761
fcfg: 318 1301.0 78.88050314465409
dp: 317 1102.0 24.097791798107256
fcfg: 317 1128.0 69.47634069400631
dp: 322 1110.0 21.180124223602483
fcfg: 322 1303.0 78.96894409937889
dp: 309 1100.0 14.776699029126213
fcfg: 309 1164.0 56.33980582524272
dp: 326 1129.0 27.5
fcfg: 326 1224.0 69.78220858895706
dp: 315 1117.0 20.74920634920635
fcfg: 315 1296.0 74.25714285714285
dp: 333 1090.0 31.033033033033032
fcfg: 333 1194.0 63.34534534534534
dp: 347 1139.0 32.06628242074928
fcfg: 347 1219.0 100.0806916426513
dp: 330 1126.0 23.593939393939394
fcfg: 330 1308.0 83.7909090909091
dp: 344 1151.0 32.65406976744186
fcfg: 344 1239.0 82.25290697674419
dp: 311 1100.0 20.466237942122188
fcfg: 311 1267.0 61.858520900321544
