dp: 406 1136.0 28.24384236453202
fcfg: 406 1195.0 42.96305418719212
dp: 410 1145.0 32.326829268292684
fcfg: 410 1176.0 45.82439024390244
dp: 400 1101.0 28.5275
fcfg: 400 1166.0 48.65
dp: 415 1128.0 36.43855421686747
fcfg: 415 1182.0 49.33734939759036
dp: 404 1111.0 29.653465346534652
fcfg: 404 1170.0 46.21287128712871
dp: 421 1122.0 41.31353919239905
fcfg: 421 1159.0 55.342042755344416
dp: 408 1132.0 26.975490196078432
fcfg: 408 1176.0 40.43627450980392
dp: 383 1095.0 22.924281984334204
fcfg: 383 1183.0 36.60313315926893
dp: 433 1195.0 42.711316397228636
fcfg: 433 1192.0 41.23094688221709
dp: 424 1156.0 39.948113207547166
fcfg: 424 1195.0 60.59905660377358
dp: 396 1122.0 25.689393939393938
fcfg: 396 1218.0 34.717171717171716
dp: 435 1168.0 54.186206896551724
fcfg: 435 1162.0 60.47586206896552
dp: 399 1127.0 27.035087719298247
fcfg: 399 1173.0 36.636591478696744
dp: 398 1094.0 30.6356783919598
fcfg: 398 1124.0 51.834170854271356
dp: 412 1162.0 32.39320388349515
fcfg: 412 1195.0 41.189320388349515
dp: 411 1125.0 29.21654501216545
fcfg: 411 1185.0 50.84914841849148
dp: 400 1105.0 25.38
fcfg: 400 1206.0 42.12
dp: 366 1089.0 16.44535519125683
fcfg: 366 1122.0 21.631147540983605
dp: 411 1130.0 32.54744525547445
fcfg: 411 1202.0 49.627737226277375
dp: 413 1138.0 33.67796610169491
fcfg: 413 1176.0 42.62227602905569
dp: 410 1126.0 32.21463414634146
fcfg: 410 1208.0 45.68292682926829
dp: 382 1088.0 21.965968586387433
fcfg: 382 1176.0 34.609947643979055
dp: 400 1124.0 27.0975
fcfg: 400 1169.0 40.1875
dp: 407 1117.0 33.95331695331695
fcfg: 407 1195.0 54.36609336609337
dp: 385 1098.0 23.174025974025973
fcfg: 385 1187.0 39.25974025974026
dp: 397 1110.0 27.365239294710328
fcfg: 397 1167.0 41.95214105793451
dp: 412 1145.0 28.759708737864077
fcfg: 412 1179.0 48.28883495145631
dp: 386 1108.0 19.33937823834197
fcfg: 386 1186.0 30.512953367875646
dp: 403 1100.0 30.610421836228287
fcfg: 403 1162.0 49.20843672456576
dp: 433 1173.0 33.480369515011546
fcfg: 433 1198.0 44.19399538106236
dp: 364 1097.0 19.39835164835165
fcfg: 364 1132.0 17.395604395604394
dp: 382 1112.0 20.732984293193716
fcfg: 382 1174.0 27.259162303664922
dp: 384 1135.0 24.28125
fcfg: 384 1195.0 24.276041666666668
dp: 393 1107.0 24.84732824427481
fcfg: 393 1145.0 34.06106870229008
dp: 367 1099.0 17.90190735694823
fcfg: 367 1138.0 22.444141689373296
dp: 369 1079.0 22.897018970189702
fcfg: 369 1138.0 38.956639566395665
dp: 390 1105.0 24.156410256410258
fcfg: 390 1180.0 38.833333333333336
dp: 379 1109.0 20.25065963060686
fcfg: 379 1172.0 23.939313984168866
dp: 414 1138.0 39.79468599033817
fcfg: 414 1184.0 51.492753623188406
dp: 407 1127.0 27.525798525798525
fcfg: 407 1236.0 48.007371007371006
dp: 424 1158.0 33.0377358490566
fcfg: 424 1217.0 53.20283018867924
dp: 402 1107.0 32.582089552238806
fcfg: 402 1157.0 47.04726368159204
dp: 406 1112.0 33.5
fcfg: 406 1184.0 49.83990147783251
dp: 408 1117.0 29.504901960784313
fcfg: 408 1153.0 45.424019607843135
dp: 373 1099.0 16.41554959785523
fcfg: 373 1156.0 22.630026809651476
dp: 411 1137.0 31.688564476885645
fcfg: 411 1158.0 45.46715328467153
dp: 419 1135.0 35.739856801909305
fcfg: 419 1181.0 54.105011933174225
dp: 380 1120.0 19.489473684210527
fcfg: 380 1191.0 29.45
dp: 393 1106.0 27.25699745547074
fcfg: 393 1155.0 40.30534351145038
dp: 373 1119.0 20.699731903485254
fcfg: 373 1175.0 20.873994638069703
dp: 400 1123.0 27.03
fcfg: 400 1163.0 40.3125
dp: 421 1161.0 45.90498812351544
fcfg: 421 1204.0 44.42042755344418
dp: 386 1101.0 29.906735751295336
fcfg: 386 1134.0 49.14248704663213
dp: 426 1146.0 38.779342723004696
fcfg: 426 1181.0 58.41079812206573
dp: 398 1111.0 31.304020100502512
fcfg: 398 1193.0 53.92462311557789
dp: 379 1103.0 19.99208443271768
fcfg: 379 1173.0 28.319261213720317
dp: 375 1091.0 20.445333333333334
fcfg: 375 1150.0 27.482666666666667
dp: 402 1144.0 28.67412935323383
fcfg: 402 1177.0 37.149253731343286
dp: 431 1153.0 39.80046403712297
fcfg: 431 1156.0 50.8631090487239
dp: 359 1096.0 15.089136490250697
fcfg: 359 1109.0 11.445682451253482
dp: 401 1112.0 24.4214463840399
fcfg: 401 1221.0 45.254364089775564
dp: 390 1118.0 22.594871794871796
fcfg: 390 1213.0 37.794871794871796
dp: 409 1149.0 28.797066014669927
fcfg: 409 1189.0 40.484107579462105
dp: 385 1119.0 22.87012987012987
fcfg: 385 1194.0 32.737662337662336
dp: 389 1090.0 23.552699228791774
fcfg: 389 1194.0 38.724935732647815
dp: 394 1112.0 23.685279187817258
fcfg: 394 1149.0 37.95939086294416
dp: 409 1131.0 30.43520782396088
fcfg: 409 1179.0 48.41564792176039
dp: 370 1095.0 20.66216216216216
fcfg: 370 1154.0 23.43243243243243
dp: 375 1115.0 21.309333333333335
fcfg: 375 1178.0 26.784
dp: 418 1153.0 30.904306220095695
fcfg: 418 1166.0 42.22488038277512
dp: 414 1134.0 31.357487922705314
fcfg: 414 1213.0 55.591787439613526
dp: 374 1102.0 21.163101604278076
fcfg: 374 1177.0 25.954545454545453
dp: 366 1099.0 20.049180327868854
fcfg: 366 1160.0 24.382513661202186
dp: 396 1120.0 29.27020202020202
fcfg: 396 1189.0 46.436868686868685
dp: 410 1132.0 26.38780487804878
fcfg: 410 1187.0 45.11951219512195
dp: 388 1107.0 20.804123711340207
fcfg: 388 1196.0 36.06185567010309
dp: 426 1159.0 37.73004694835681
fcfg: 426 1152.0 46.22769953051643
dp: 404 1111.0 29.97772277227723
fcfg: 404 1170.0 47.35643564356435
dp: 373 1090.0 18.024128686327078
fcfg: 373 1142.0 23.420911528150135
dp: 367 1095.0 18.31607629427793
fcfg: 367 1140.0 24.302452316076295
dp: 417 1174.0 30.776978417266186
fcfg: 417 1174.0 36.47482014388489
dp: 376 1121.0 18.81648936170213
fcfg: 376 1172.0 23.851063829787233
dp: 406 1120.0 29.62807881773399
fcfg: 406 1239.0 51.110837438423644
dp: 423 1150.0 35.66193853427896
fcfg: 423 1231.0 46.69739952718676
dp: 404 1121.0 28.725247524752476
fcfg: 404 1186.0 50.15346534653465
dp: 419 1144.0 46.16945107398568
fcfg: 419 1189.0 45.13126491646778
dp: 388 1118.0 22.105670103092784
fcfg: 388 1180.0 27.65979381443299
dp: 371 1089.0 20.959568733153638
fcfg: 371 1160.0 33.0377358490566
dp: 394 1096.0 24.439086294416242
fcfg: 394 1156.0 30.68781725888325
dp: 403 1116.0 26.37468982630273
fcfg: 403 1179.0 36.168734491315135
dp: 393 1113.0 25.585241730279897
fcfg: 393 1161.0 40.12468193384224
dp: 390 1124.0 23.023076923076925
fcfg: 390 1198.0 33.12564102564102
dp: 397 1129.0 28.783375314861463
fcfg: 397 1137.0 36.876574307304786
dp: 429 1155.0 45.54079254079254
fcfg: 429 1162.0 48.81351981351981
dp: 396 1118.0 26.234848484848484
fcfg: 396 1214.0 40.696969696969695
dp: 415 1140.0 31.80722891566265
fcfg: 415 1185.0 49.97831325301205
dp: 450 1194.0 48.65111111111111
fcfg: 450 1181.0 56.22
dp: 383 1113.0 22.04177545691906
fcfg: 383 1185.0 31.195822454308093
dp: 402 1113.0 29.218905472636816
fcfg: 402 1156.0 43.06467661691542
dp: 392 1110.0 24.2015306122449
fcfg: 392 1198.0 38.06377551020408
