dp: 417 1175.0 56.05035971223022
fcfg: 417 1258.0 100.11270983213429
dp: 397 1139.0 41.448362720403026
fcfg: 397 1172.0 76.20654911838791
dp: 353 1130.0 29.858356940509914
fcfg: 353 1140.0 73.60623229461757
dp: 400 1187.0 44.86
fcfg: 400 1242.0 89.17
dp: 427 1195.0 66.49882903981265
fcfg: 427 1160.0 93.86182669789227
dp: 371 1106.0 36.35849056603774
fcfg: 371 1224.0 77.66846361185983
dp: 371 1100.0 33.6388140161725
fcfg: 371 1225.0 76.05121293800539
dp: 407 1134.0 49.65110565110565
fcfg: 407 1241.0 94.27764127764128
dp: 396 1147.0 45.70454545454545
fcfg: 396 1183.0 94.88131313131314
dp: 440 1210.0 62.825
fcfg: 440 1293.0 120.21818181818182
dp: 380 1140.0 37.93157894736842
fcfg: 380 1177.0 73.77894736842106
dp: 406 1177.0 50.391625615763544
fcfg: 406 1219.0 89.72167487684729
dp: 398 1154.0 47.095477386934675
fcfg: 398 1269.0 85.78894472361809
dp: 389 1142.0 44.04370179948586
fcfg: 389 1279.0 114.2879177377892
dp: 410 1168.0 46.80487804878049
fcfg: 410 1284.0 109.41951219512195
dp: 408 1164.0 51.02205882352941
fcfg: 408 1228.0 80.56372549019608
dp: 395 1125.0 46.12151898734177
fcfg: 395 1171.0 77.1746835443038
dp: 406 1140.0 52.152709359605915
fcfg: 406 1284.0 124.0
dp: 415 1157.0 52.1710843373494
fcfg: 415 1167.0 84.02650602409639
dp: 411 1160.0 50.15085158150852
fcfg: 411 1164.0 84.60827250608273
dp: 380 1141.0 32.78947368421053
fcfg: 380 1278.0 93.46052631578948
dp: 424 1174.0 55.424528301886795
fcfg: 424 1218.0 64.44811320754717
dp: 446 1252.0 64.53139013452915
fcfg: 446 1319.0 108.77354260089686
dp: 405 1126.0 47.25925925925926
fcfg: 405 1218.0 95.24938271604938
dp: 432 1182.0 58.49768518518518
fcfg: 432 1201.0 84.36574074074075
dp: 377 1168.0 37.673740053050395
fcfg: 377 1339.0 91.20424403183024
dp: 406 1172.0 48.275862068965516
fcfg: 406 1221.0 95.92857142857143
dp: 391 1119.0 46.95652173913044
fcfg: 391 1179.0 96.72634271099744
dp: 378 1159.0 38.574074074074076
fcfg: 378 1261.0 89.69576719576719
dp: 414 1146.0 49.05555555555556
fcfg: 414 1239.0 104.25603864734299
dp: 448 1215.0 71.23660714285714
fcfg: 448 1337.0 115.88616071428571
dp: 394 1151.0 43.70812182741117
fcfg: 394 1221.0 97.23857868020305
dp: 402 1165.0 46.6865671641791
fcfg: 402 1203.0 76.70398009950249
dp: 390 1134.0 40.07692307692308
fcfg: 390 1187.0 75.18461538461538
dp: 394 1143.0 44.45939086294416
fcfg: 394 1204.0 72.72081218274111
dp: 394 1133.0 37.84010152284264
fcfg: 394 1225.0 96.47208121827411
dp: 416 1182.0 47.29807692307692
fcfg: 416 1245.0 92.62740384615384
dp: 425 1175.0 52.762352941176474
fcfg: 425 1219.0 95.48705882352941
dp: 377 1145.0 36.54376657824934
fcfg: 377 1231.0 99.50397877984085
dp: 401 1125.0 44.4713216957606
fcfg: 401 1270.0 84.6783042394015
dp: 398 1151.0 42.94472361809045
fcfg: 398 1222.0 87.97738693467336
dp: 371 1127.0 40.264150943396224
fcfg: 371 1283.0 114.54716981132076
dp: 389 1171.0 38.796915167095115
fcfg: 389 1273.0 109.23393316195373
dp: 416 1181.0 52.06730769230769
fcfg: 416 1263.0 99.0673076923077
dp: 396 1163.0 38.66161616161616
fcfg: 396 1178.0 79.89141414141415
dp: 408 1157.0 56.81127450980392
fcfg: 408 1202.0 105.04901960784314
dp: 381 1110.0 38.645669291338585
fcfg: 381 1221.0 88.05511811023622
dp: 374 1140.0 33.75668449197861
fcfg: 374 1268.0 78.48663101604278
dp: 397 1153.0 48.77078085642317
fcfg: 397 1260.0 79.06045340050377
dp: 410 1186.0 50.38048780487805
fcfg: 410 1266.0 97.20487804878049
dp: 393 1131.0 37.0
fcfg: 393 1227.0 77.735368956743
dp: 396 1153.0 46.60353535353536
fcfg: 396 1181.0 76.45202020202021
dp: 388 1124.0 43.6958762886598
fcfg: 388 1173.0 81.33247422680412
dp: 403 1156.0 41.784119106699755
fcfg: 403 1153.0 74.61786600496278
dp: 417 1160.0 62.88009592326139
fcfg: 417 1340.0 132.09592326139088
dp: 379 1160.0 38.71240105540897
fcfg: 379 1240.0 76.41952506596306
dp: 397 1115.0 48.788413098236774
fcfg: 397 1158.0 99.1234256926952
dp: 389 1155.0 41.8586118251928
fcfg: 389 1261.0 88.5038560411311
dp: 398 1169.0 42.42964824120603
fcfg: 398 1220.0 105.05025125628141
dp: 376 1103.0 39.712765957446805
fcfg: 376 1196.0 79.80319148936171
dp: 397 1126.0 43.94458438287154
fcfg: 397 1278.0 99.3249370277078
dp: 387 1130.0 34.434108527131784
fcfg: 387 1209.0 77.05426356589147
dp: 412 1178.0 50.478155339805824
fcfg: 412 1305.0 109.09223300970874
dp: 395 1126.0 39.59493670886076
fcfg: 395 1213.0 71.0
dp: 381 1124.0 38.74803149606299
fcfg: 381 1208.0 82.70603674540682
dp: 405 1141.0 42.955555555555556
fcfg: 405 1240.0 84.45432098765433
dp: 394 1142.0 43.89340101522843
fcfg: 394 1212.0 87.52030456852792
dp: 360 1110.0 33.083333333333336
fcfg: 360 1143.0 75.21388888888889
dp: 384 1139.0 39.5234375
fcfg: 384 1275.0 110.01041666666667
dp: 372 1111.0 37.58064516129032
fcfg: 372 1200.0 85.1747311827957
dp: 397 1122.0 38.05541561712846
fcfg: 397 1158.0 79.46851385390428
dp: 385 1164.0 33.74285714285714
fcfg: 385 1308.0 77.54285714285714
dp: 377 1122.0 39.56763925729443
fcfg: 377 1265.0 88.27851458885942
dp: 399 1136.0 41.26817042606516
fcfg: 399 1231.0 101.3609022556391
dp: 408 1136.0 58.64950980392157
fcfg: 408 1204.0 85.40686274509804
dp: 393 1157.0 41.847328244274806
fcfg: 393 1281.0 92.33078880407125
dp: 392 1137.0 39.234693877551024
fcfg: 392 1273.0 121.19132653061224
dp: 407 1166.0 44.09336609336609
fcfg: 407 1252.0 90.87960687960688
dp: 435 1193.0 55.5448275862069
fcfg: 435 1325.0 116.27126436781609
dp: 402 1144.0 44.49004975124378
fcfg: 402 1182.0 86.66915422885572
dp: 411 1160.0 47.70559610705596
fcfg: 411 1267.0 104.14111922141119
dp: 379 1116.0 36.559366754617415
fcfg: 379 1246.0 83.48548812664907
dp: 384 1138.0 41.765625
fcfg: 384 1240.0 107.578125
dp: 439 1204.0 62.7630979498861
fcfg: 439 1266.0 126.74715261958998
dp: 411 1134.0 44.18491484184915
fcfg: 411 1310.0 85.62773722627738
dp: 400 1117.0 45.98
fcfg: 400 1282.0 82.9425
dp: 405 1174.0 50.6395061728395
fcfg: 405 1282.0 109.61975308641975
dp: 414 1167.0 41.38405797101449
fcfg: 414 1269.0 111.15217391304348
dp: 410 1149.0 58.41951219512195
fcfg: 410 1220.0 93.79268292682927
dp: 385 1158.0 41.78961038961039
fcfg: 385 1221.0 67.27272727272727
dp: 408 1151.0 50.443627450980394
fcfg: 408 1183.0 88.07843137254902
dp: 400 1140.0 38.385
fcfg: 400 1228.0 88.2225
dp: 367 1121.0 36.7275204359673
fcfg: 367 1176.0 85.19346049046321
dp: 370 1114.0 37.932432432432435
fcfg: 370 1281.0 110.17297297297297
dp: 382 1156.0 34.00523560209424
fcfg: 382 1198.0 81.13089005235602
dp: 389 1117.0 36.51413881748072
fcfg: 389 1217.0 89.57840616966581
dp: 372 1124.0 29.561827956989248
fcfg: 372 1244.0 89.19086021505376
dp: 398 1153.0 44.45477386934673
fcfg: 398 1216.0 83.92713567839196
dp: 375 1152.0 36.66133333333333
fcfg: 375 1206.0 92.84
dp: 384 1121.0 34.6640625
fcfg: 384 1200.0 75.33333333333333
