dp: 744 3675.0 7.65994623655914
fafg: 744 3713.0 9.888440860215054
dp: 764 3665.0 10.178010471204189
fafg: 764 3665.0 6.3442408376963355
dp: 763 3670.0 74.02228047182176
fafg: 763 3659.0 37.87549148099607
dp: 713 3674.0 6.579242636746143
fafg: 713 3700.0 6.046283309957924
dp: 712 3685.0 3.4634831460674156
fafg: 712 3678.0 2.7612359550561796
dp: 772 3669.0 6.6904145077720205
fafg: 772 3669.0 19.145077720207254
dp: 734 3676.0 29.893732970027248
fafg: 734 3676.0 23.277929155313352
dp: 744 3668.0 9.004032258064516
fafg: 744 3668.0 13.381720430107526
dp: 740 3741.0 21.68918918918919
fafg: 740 3665.0 13.012162162162163
dp: 756 3721.0 19.70899470899471
fafg: 756 3681.0 11.49074074074074
dp: 736 3662.0 2.2051630434782608
fafg: 736 3662.0 2.130434782608696
dp: 727 3680.0 5.2530949105914715
fafg: 727 3680.0 5.046767537826685
dp: 750 3684.0 9.704
fafg: 750 3681.0 12.893333333333333
dp: 725 3680.0 2.4827586206896552
fafg: 725 3686.0 4.931034482758621
dp: 717 3689.0 12.97071129707113
fafg: 717 3666.0 2.5244072524407253
dp: 745 3702.0 3.7261744966442953
fafg: 745 3678.0 3.475167785234899
dp: 742 3747.0 146.2210242587601
fafg: 742 3667.0 64.74258760107817
dp: 757 3708.0 10.128137384412152
fafg: 757 3668.0 4.063408190224571
dp: 713 3673.0 3.2903225806451615
fafg: 713 3678.0 4.663394109396914
dp: 770 3764.0 26.383116883116884
fafg: 770 3702.0 20.116883116883116
dp: 761 3673.0 7.0551905387647835
fafg: 761 3673.0 4.42838370565046
dp: 772 3699.0 8.357512953367875
fafg: 772 3717.0 16.444300518134714
dp: 741 3679.0 13.902834008097166
fafg: 741 3679.0 25.02968960863698
dp: 773 3670.0 34.28978007761966
fafg: 773 3670.0 12.468305304010348
dp: 758 3663.0 26.678100263852244
fafg: 758 3663.0 17.142480211081793
dp: 747 3677.0 4.930388219544846
fafg: 747 3681.0 2.8125836680053546
dp: 787 3683.0 6.428208386277001
fafg: 787 3680.0 49.73570520965693
dp: 714 3685.0 6.921568627450981
fafg: 714 3671.0 8.109243697478991
dp: 771 3668.0 31.897535667963684
fafg: 771 3668.0 6.555123216601816
dp: 729 3716.0 11.934156378600823
fafg: 729 3666.0 3.5665294924554183
dp: 785 3669.0 25.12611464968153
fafg: 785 3668.0 7.663694267515924
dp: 783 3841.0 75.35632183908046
fafg: 783 3682.0 14.159642401021712
dp: 752 3666.0 4.405585106382978
fafg: 752 3666.0 8.933510638297872
dp: 742 3685.0 5.952830188679245
fafg: 742 3683.0 3.440700808625337
dp: 721 3653.0 4.826629680998613
fafg: 721 3653.0 6.345353675450763
dp: 754 3751.0 22.351458885941646
fafg: 754 3659.0 11.648541114058355
dp: 705 3667.0 9.33049645390071
fafg: 705 3667.0 2.9418439716312057
dp: 715 3658.0 6.135664335664336
fafg: 715 3656.0 5.8895104895104895
dp: 741 3674.0 7.2105263157894735
fafg: 741 3666.0 7.51417004048583
dp: 735 3658.0 14.131972789115647
fafg: 735 3669.0 10.280272108843537
dp: 766 3686.0 3.7950391644908614
fafg: 766 3681.0 2.950391644908616
dp: 720 3673.0 6.618055555555555
fafg: 720 3700.0 13.084722222222222
dp: 765 3659.0 54.430065359477126
fafg: 765 3659.0 7.73202614379085
dp: 734 3677.0 3.6158038147138964
fafg: 734 3678.0 3.457765667574932
dp: 776 3677.0 16.33118556701031
fafg: 776 3685.0 8.188144329896907
dp: 773 3676.0 77.16170763260025
fafg: 773 3676.0 9.936610608020699
dp: 753 3670.0 2.6759628154050463
fafg: 753 3670.0 9.339973439575033
dp: 701 3659.0 2.689015691868759
fafg: 701 3659.0 3.8074179743223966
dp: 761 3663.0 20.341655716162943
fafg: 761 3698.0 21.56504599211564
dp: 786 3717.0 20.33206106870229
fafg: 786 3687.0 20.053435114503817
dp: 723 3671.0 7.398340248962656
fafg: 723 3671.0 6.8838174273858925
dp: 718 3659.0 2.371866295264624
fafg: 718 3663.0 2.447075208913649
dp: 750 3679.0 36.69733333333333
fafg: 750 3667.0 11.08
dp: 695 3673.0 4.364028776978417
fafg: 695 3683.0 4.3755395683453235
dp: 779 3691.0 13.500641848523749
fafg: 779 3691.0 9.265725288831836
dp: 755 3665.0 4.006622516556291
fafg: 755 3665.0 4.160264900662252
dp: 764 3657.0 15.221204188481675
fafg: 764 3657.0 21.7565445026178
dp: 744 3678.0 9.147849462365592
fafg: 744 3679.0 32.276881720430104
dp: 736 3673.0 87.2961956521739
fafg: 736 3699.0 6.282608695652174
dp: 729 3677.0 10.102880658436215
fafg: 729 3674.0 12.633744855967079
dp: 733 3649.0 8.66712141882674
fafg: 733 3649.0 13.013642564802183
dp: 719 3706.0 4.620305980528512
fafg: 719 3700.0 4.827538247566064
dp: 729 3663.0 21.47599451303155
fafg: 729 3663.0 7.031550068587106
dp: 713 3663.0 6.047685834502103
fafg: 713 3663.0 3.9761570827489483
dp: 747 3686.0 13.036144578313253
fafg: 747 3691.0 6.472556894243641
dp: 727 3681.0 8.092159559834938
fafg: 727 3677.0 7.574965612104539
dp: 748 3664.0 8.70187165775401
fafg: 748 3664.0 10.695187165775401
dp: 732 3661.0 4.172131147540983
fafg: 732 3661.0 5.73224043715847
dp: 774 3695.0 11.378552971576227
fafg: 774 3695.0 10.322997416020671
dp: 742 3652.0 5.84366576819407
fafg: 742 3652.0 7.126684636118599
dp: 736 3665.0 4.639945652173913
fafg: 736 3665.0 5.403532608695652
dp: 727 3673.0 5.126547455295736
fafg: 727 3673.0 2.108665749656121
dp: 790 3776.0 38.68607594936709
fafg: 790 3692.0 28.49240506329114
dp: 749 3759.0 18.578104138851803
fafg: 749 3687.0 5.161548731642189
dp: 696 3662.0 13.89080459770115
fafg: 696 3662.0 7.031609195402299
dp: 753 3844.0 54.462151394422314
fafg: 753 3764.0 33.99601593625498
dp: 734 3665.0 3.2084468664850134
fafg: 734 3672.0 4.8732970027247955
dp: 743 3695.0 6.698519515477793
fafg: 743 3695.0 4.620457604306864
dp: 719 3658.0 7.343532684283727
fafg: 719 3658.0 2.5396383866481225
dp: 781 3679.0 5.805377720870679
fafg: 781 3673.0 7.0550576184379
dp: 747 3667.0 54.08299866131191
fafg: 747 3667.0 27.60776439089692
dp: 741 3670.0 2.5020242914979756
fafg: 741 3670.0 3.56140350877193
dp: 764 3663.0 20.798429319371728
fafg: 764 3661.0 14.193717277486911
dp: 756 3701.0 9.738095238095237
fafg: 756 3672.0 5.141534391534392
dp: 762 3662.0 12.622047244094489
fafg: 762 3671.0 3.888451443569554
dp: 740 3685.0 2.2554054054054054
fafg: 740 3679.0 2.191891891891892
dp: 733 3658.0 18.35743519781719
fafg: 733 3664.0 2.5416098226466577
dp: 745 3670.0 26.87248322147651
fafg: 745 3661.0 21.851006711409397
dp: 767 3675.0 4.001303780964798
fafg: 767 3670.0 19.63885267275098
dp: 725 3668.0 5.289655172413793
fafg: 725 3680.0 4.4206896551724135
dp: 736 3672.0 5.078804347826087
fafg: 736 3672.0 2.0380434782608696
dp: 769 3726.0 78.43953185955787
fafg: 769 3688.0 12.011703511053316
dp: 763 3671.0 10.99737876802097
fafg: 763 3668.0 10.743119266055047
dp: 712 3663.0 14.311797752808989
fafg: 712 3663.0 9.323033707865168
dp: 772 3664.0 22.376943005181346
fafg: 772 3693.0 81.37305699481865
dp: 746 3678.0 4.943699731903485
fafg: 746 3678.0 4.341823056300268
dp: 721 3732.0 9.345353675450763
fafg: 721 3732.0 9.850208044382802
dp: 747 3663.0 4.404283801874163
fafg: 747 3666.0 15.28380187416332
dp: 771 3703.0 11.511024643320363
fafg: 771 3731.0 14.486381322957198
dp: 753 3673.0 3.0783532536520584
fafg: 753 3673.0 3.730411686586985
dp: 800 3667.0 47.8125
fafg: 800 3667.0 39.555
dp: 710 3672.0 3.9957746478873237
fafg: 710 3672.0 11.698591549295775
dp: 743 3691.0 6.600269179004037
fafg: 743 3677.0 3.5074024226110363
dp: 734 3674.0 13.098092643051771
fafg: 734 3674.0 2.645776566757493
dp: 769 3717.0 15.622886866059819
fafg: 769 3671.0 5.266579973992197
dp: 773 3690.0 3.6248382923673996
fafg: 773 3681.0 4.408796895213454
dp: 695 3670.0 4.886330935251799
fafg: 695 3670.0 5.3280575539568344
dp: 788 3751.0 39.06345177664975
fafg: 788 3695.0 19.32741116751269
dp: 763 3665.0 18.72083879423329
fafg: 763 3683.0 14.621231979030144
dp: 755 3677.0 8.839735099337748
fafg: 755 3678.0 15.154966887417219
dp: 758 3675.0 13.098944591029024
fafg: 758 3680.0 10.407651715039577
dp: 765 3666.0 25.6
fafg: 765 3666.0 21.227450980392156
dp: 751 3670.0 11.275632490013315
fafg: 751 3670.0 10.982689747003995
dp: 728 3680.0 3.2115384615384617
fafg: 728 3680.0 9.673076923076923
dp: 755 3685.0 8.931125827814569
fafg: 755 3685.0 7.577483443708609
dp: 720 3716.0 24.415277777777778
fafg: 720 3656.0 2.9875
dp: 719 3669.0 9.015299026425591
fafg: 719 3670.0 3.6161335187760777
dp: 735 3663.0 7.873469387755102
fafg: 735 3663.0 11.342857142857143
dp: 763 3695.0 15.230668414154653
fafg: 763 3695.0 6.984272608125819
dp: 768 3684.0 11.118489583333334
fafg: 768 3760.0 49.15625
dp: 755 3663.0 10.472847682119205
fafg: 755 3669.0 8.263576158940397
dp: 742 3681.0 17.768194070080863
fafg: 742 3687.0 13.012129380053908
dp: 757 3663.0 8.624834874504623
fafg: 757 3663.0 8.137384412153237
dp: 761 3671.0 11.304862023653088
fafg: 761 3668.0 4.348226018396846
dp: 720 3671.0 30.7125
fafg: 720 3671.0 4.718055555555556
dp: 763 3686.0 23.674967234600263
fafg: 763 3689.0 70.61861074705111
dp: 743 3667.0 2.531628532974428
fafg: 743 3669.0 3.1413189771197847
dp: 765 3677.0 12.469281045751634
fafg: 765 3676.0 11.841830065359478
dp: 789 3719.0 10.20659062103929
fafg: 789 3697.0 14.248415716096325
dp: 696 3664.0 8.46264367816092
fafg: 696 3680.0 4.067528735632184
dp: 733 3665.0 5.869031377899045
fafg: 733 3668.0 4.757162346521146
dp: 762 3818.0 66.9028871391076
fafg: 762 3743.0 48.79002624671916
dp: 752 3701.0 10.466755319148936
fafg: 752 3679.0 9.351063829787234
dp: 749 3690.0 10.587449933244326
fafg: 749 3690.0 6.664886515353805
dp: 750 3671.0 19.488
fafg: 750 3672.0 12.566666666666666
dp: 776 3674.0 24.896907216494846
fafg: 776 3690.0 9.725515463917526
dp: 760 3670.0 3.8697368421052634
fafg: 760 3721.0 22.527631578947368
dp: 740 3729.0 26.751351351351353
fafg: 740 3721.0 20.78918918918919
dp: 747 3671.0 14.10441767068273
fafg: 747 3671.0 15.329317269076306
dp: 720 3647.0 3.8097222222222222
fafg: 720 3647.0 2.7527777777777778
dp: 733 3677.0 24.658935879945428
fafg: 733 3677.0 15.905866302864938
dp: 753 3675.0 7.066401062416999
fafg: 753 3714.0 39.39309428950863
dp: 758 3673.0 75.12532981530343
fafg: 758 3669.0 5.054089709762533
dp: 754 3723.0 9.116710875331565
fafg: 754 3676.0 7.844827586206897
dp: 763 3678.0 18.63826998689384
fafg: 763 3678.0 15.79816513761468
dp: 736 3662.0 6.923913043478261
fafg: 736 3662.0 17.14266304347826
dp: 752 3661.0 2.904255319148936
fafg: 752 3688.0 12.300531914893616
dp: 726 3671.0 40.30853994490358
fafg: 726 3672.0 11.509641873278238
dp: 725 3724.0 19.497931034482757
fafg: 725 3664.0 10.02344827586207
dp: 745 3699.0 27.526174496644295
fafg: 745 3681.0 11.825503355704697
dp: 756 3670.0 89.32539682539682
fafg: 756 3670.0 9.701058201058201
dp: 747 3664.0 5.444444444444445
fafg: 747 3708.0 10.947791164658634
dp: 815 3681.0 9.230674846625767
fafg: 815 3681.0 7.9963190184049076
dp: 729 3659.0 15.330589849108367
fafg: 729 3659.0 18.242798353909464
dp: 719 3650.0 4.275382475660639
fafg: 719 3650.0 3.5354659248956883
dp: 738 3673.0 14.037940379403794
fafg: 738 3673.0 7.630081300813008
dp: 744 3658.0 38.13172043010753
fafg: 744 3658.0 25.271505376344088
dp: 750 3657.0 9.272
fafg: 750 3657.0 12.606666666666667
dp: 719 3674.0 8.563282336578581
fafg: 719 3661.0 4.065368567454798
dp: 773 3670.0 39.85252263906857
fafg: 773 3670.0 16.57438551099612
dp: 726 3675.0 7.870523415977962
fafg: 726 3675.0 9.108815426997245
dp: 780 3713.0 29.287179487179486
fafg: 780 3738.0 11.82948717948718
dp: 726 3804.0 81.1694214876033
fafg: 726 3676.0 15.530303030303031
dp: 779 3677.0 5.258023106546855
fafg: 779 3677.0 3.186136071887035
dp: 736 3672.0 8.563858695652174
fafg: 736 3672.0 5.809782608695652
dp: 763 3671.0 5.346002621231979
fafg: 763 3671.0 8.699868938401048
dp: 725 3652.0 11.256551724137932
fafg: 725 3652.0 15.664827586206897
dp: 763 3670.0 5.204456094364351
fafg: 763 3670.0 8.191349934469201
dp: 754 3671.0 3.9045092838196287
fafg: 754 3671.0 5.090185676392573
dp: 742 3694.0 16.08625336927224
fafg: 742 3664.0 12.66576819407008
dp: 735 3693.0 25.816326530612244
fafg: 735 3702.0 24.787755102040816
dp: 732 3659.0 5.629781420765028
fafg: 732 3659.0 5.5
dp: 776 3676.0 11.37242268041237
fafg: 776 3676.0 34.46907216494845
dp: 741 3691.0 11.870445344129555
fafg: 741 3672.0 16.60323886639676
dp: 766 3685.0 21.823759791122715
fafg: 766 3685.0 10.030026109660575
dp: 756 3664.0 7.349206349206349
fafg: 756 3672.0 12.574074074074074
dp: 768 3652.0 9.174479166666666
fafg: 768 3652.0 5.3828125
dp: 766 3675.0 12.724543080939947
fafg: 766 3675.0 13.285900783289817
dp: 777 3739.0 11.893178893178893
fafg: 777 3664.0 6.128700128700129
dp: 745 3665.0 6.617449664429531
fafg: 745 3665.0 10.99731543624161
dp: 701 3664.0 21.741797432239657
fafg: 701 3664.0 16.08416547788873
dp: 789 3678.0 22.457541191381495
fafg: 789 3678.0 18.41191381495564
dp: 722 3688.0 2.038781163434903
fafg: 722 3690.0 2.511080332409972
dp: 795 3756.0 19.530817610062893
fafg: 795 3766.0 26.230188679245284
dp: 789 3736.0 33.2915082382763
fafg: 789 3735.0 31.6425855513308
dp: 780 3685.0 7.4653846153846155
fafg: 780 3685.0 7.826923076923077
dp: 744 3707.0 15.935483870967742
fafg: 744 3708.0 19.009408602150536
dp: 790 3678.0 22.753164556962027
fafg: 790 3678.0 14.046835443037974
dp: 751 3666.0 31.470039946737682
fafg: 751 3707.0 23.749667110519308
dp: 762 3652.0 3.661417322834646
fafg: 762 3652.0 8.192913385826772
dp: 703 3704.0 23.883357041251777
fafg: 703 3684.0 7.549075391180654
dp: 751 3681.0 2.491344873501997
fafg: 751 3696.0 4.358189081225033
dp: 772 3729.0 32.33549222797927
fafg: 772 3778.0 59.8860103626943
dp: 725 3667.0 18.05793103448276
fafg: 725 3667.0 15.812413793103449
dp: 742 3665.0 14.024258760107816
fafg: 742 3674.0 33.94070080862534
dp: 726 3671.0 6.745179063360881
fafg: 726 3671.0 6.129476584022038
dp: 725 3667.0 4.987586206896552
fafg: 725 3667.0 3.667586206896552
dp: 700 3655.0 8.454285714285714
fafg: 700 3657.0 7.025714285714286
dp: 742 3678.0 3.723719676549865
fafg: 742 3680.0 3.952830188679245
dp: 772 3688.0 13.2279792746114
fafg: 772 3672.0 10.610103626943005
dp: 737 3765.0 38.651289009497965
fafg: 737 3659.0 20.815468113975577
dp: 801 3722.0 22.48314606741573
fafg: 801 3670.0 19.091136079900124
dp: 751 3677.0 2.7230359520639147
fafg: 751 3683.0 3.5952063914780292
dp: 743 3707.0 40.405114401076716
fafg: 743 3897.0 45.13189771197847
dp: 713 3678.0 4.3983169705469845
fafg: 713 3678.0 4.998597475455821
dp: 785 3676.0 4.928662420382166
fafg: 785 3676.0 14.713375796178344
dp: 703 3669.0 5.277382645803699
fafg: 703 3669.0 3.5704125177809387
dp: 747 3681.0 21.457831325301203
fafg: 747 3687.0 6.323962516733601
dp: 721 3679.0 30.328710124826628
fafg: 721 3679.0 16.59778085991678
dp: 753 3673.0 3.9787516600265604
fafg: 753 3673.0 7.5936254980079685
dp: 753 3676.0 10.215139442231076
fafg: 753 3676.0 12.523240371845949
dp: 762 3669.0 7.8871391076115485
fafg: 762 3671.0 7.6141732283464565
dp: 700 3642.0 12.731428571428571
fafg: 700 3642.0 10.594285714285714
dp: 724 3676.0 6.469613259668508
fafg: 724 3676.0 7.93232044198895
dp: 774 3695.0 10.643410852713178
fafg: 774 3776.0 23.27002583979328
dp: 705 3764.0 30.756028368794325
fafg: 705 3741.0 19.91063829787234
dp: 721 3700.0 10.889042995839112
fafg: 721 3700.0 11.220527045769764
dp: 758 3738.0 36.778364116094984
fafg: 758 3837.0 21.771767810026386
dp: 786 3670.0 41.17430025445292
fafg: 786 3670.0 13.319338422391857
dp: 753 3685.0 14.296148738379815
fafg: 753 3678.0 15.442231075697212
dp: 717 3721.0 18.375174337517432
fafg: 717 3721.0 20.493723849372383
dp: 786 3682.0 5.421119592875318
fafg: 786 3682.0 14.615776081424936
dp: 737 3671.0 21.953867028493896
fafg: 737 3671.0 31.26729986431479
dp: 745 3711.0 38.225503355704696
fafg: 745 3671.0 4.473825503355704
dp: 747 3702.0 158.99196787148594
fafg: 747 3658.0 17.834002677376173
dp: 714 3691.0 7.014005602240896
fafg: 714 3693.0 12.123249299719888
dp: 733 3664.0 17.828103683492497
fafg: 733 3664.0 10.125511596180083
dp: 712 3673.0 2.936797752808989
fafg: 712 3673.0 1.675561797752809
dp: 774 3747.0 25.645994832041342
fafg: 774 3676.0 13.775193798449612
dp: 718 3662.0 6.1504178272980505
fafg: 718 3662.0 5.8774373259052926
dp: 782 3709.0 10.479539641943735
fafg: 782 3710.0 7.661125319693094
dp: 755 3668.0 9.2
fafg: 755 3668.0 15.826490066225166
dp: 773 3677.0 7.3686934023285895
fafg: 773 3677.0 11.566623544631307
dp: 729 3672.0 5.279835390946502
fafg: 729 3683.0 14.689986282578875
dp: 767 3679.0 7.8956975228161665
fafg: 767 3682.0 22.928292046936114
dp: 788 3677.0 7.5469543147208125
fafg: 788 3677.0 48.43274111675127
dp: 751 3671.0 3.4687083888149135
fafg: 751 3670.0 4.948069241011984
dp: 734 3698.0 8.8283378746594
fafg: 734 3698.0 6.0
dp: 693 3665.0 12.643578643578644
fafg: 693 3665.0 2.981240981240981
dp: 741 3673.0 4.685560053981106
fafg: 741 3673.0 8.241565452091768
dp: 720 3669.0 21.413888888888888
fafg: 720 3669.0 17.245833333333334
dp: 751 3659.0 44.25699067909454
fafg: 751 3659.0 11.121171770972037
dp: 696 3666.0 1.610632183908046
fafg: 696 3668.0 4.918103448275862
dp: 757 3664.0 13.51783355350066
fafg: 757 3664.0 17.313077939233818
dp: 709 3679.0 1.849083215796897
fafg: 709 3679.0 2.3286318758815234
dp: 741 3673.0 18.700404858299596
fafg: 741 3697.0 26.682860998650472
dp: 737 3668.0 5.075983717774762
fafg: 737 3668.0 11.260515603799186
dp: 684 3667.0 5.656432748538012
fafg: 684 3667.0 3.646198830409357
dp: 756 3712.0 13.884920634920634
fafg: 756 3678.0 5.059523809523809
dp: 750 3702.0 14.161333333333333
fafg: 750 3693.0 11.065333333333333
dp: 716 3669.0 3.727653631284916
fafg: 716 3669.0 5.343575418994414
dp: 745 3672.0 3.6429530201342284
fafg: 745 3672.0 4.998657718120805
dp: 738 3677.0 2.032520325203252
fafg: 738 3677.0 2.8956639566395665
dp: 770 3665.0 2.290909090909091
fafg: 770 3672.0 6.332467532467533
dp: 738 3651.0 3.5826558265582658
fafg: 738 3651.0 3.5718157181571817
dp: 785 3731.0 33.01273885350319
fafg: 785 3677.0 26.740127388535033
dp: 728 3688.0 7.141483516483516
fafg: 728 3689.0 2.7486263736263736
dp: 765 3719.0 58.530718954248364
fafg: 765 3673.0 4.250980392156863
dp: 765 3696.0 3.3398692810457518
fafg: 765 3696.0 2.8705882352941177
dp: 763 3716.0 56.66186107470511
fafg: 763 3685.0 4.750982961992136
dp: 788 3680.0 15.34010152284264
fafg: 788 3680.0 22.91751269035533
dp: 705 3666.0 3.824113475177305
fafg: 705 3666.0 3.9617021276595743
dp: 778 3664.0 31.624678663239074
fafg: 778 3664.0 29.47814910025707
dp: 729 3700.0 7.053497942386831
fafg: 729 3699.0 9.068587105624143
dp: 754 3681.0 5.586206896551724
fafg: 754 3680.0 7.043766578249337
dp: 760 3669.0 6.126315789473685
fafg: 760 3669.0 8.269736842105264
dp: 748 3667.0 5.3088235294117645
fafg: 748 3667.0 8.653743315508022
dp: 739 3722.0 14.30446549391069
fafg: 739 3723.0 16.907983761840324
dp: 709 3659.0 5.616361071932299
fafg: 709 3659.0 4.596614950634697
dp: 756 3670.0 14.788359788359788
fafg: 756 3670.0 7.054232804232805
dp: 754 3674.0 8.537135278514588
fafg: 754 3674.0 2.592838196286472
dp: 790 3667.0 6.439240506329114
fafg: 790 3689.0 18.363291139240506
dp: 765 3724.0 25.094117647058823
fafg: 765 3700.0 13.830065359477125
dp: 709 3667.0 3.6220028208744712
fafg: 709 3667.0 3.063469675599436
dp: 764 3666.0 15.212041884816754
fafg: 764 3678.0 28.599476439790575
dp: 762 3653.0 8.772965879265092
fafg: 762 3698.0 11.979002624671915
dp: 751 3662.0 13.197070572569906
fafg: 751 3663.0 18.10785619174434
dp: 761 3667.0 19.35479632063075
fafg: 761 3667.0 10.43101182654402
dp: 768 3654.0 33.485677083333336
fafg: 768 3654.0 15.79296875
dp: 732 3752.0 22.131147540983605
fafg: 732 3685.0 6.3224043715847
dp: 709 3675.0 7.414668547249647
fafg: 709 3680.0 3.744710860366714
dp: 728 3685.0 24.932692307692307
fafg: 728 3675.0 17.531593406593405
dp: 708 3676.0 3.6920903954802258
fafg: 708 3676.0 4.288135593220339
dp: 772 3667.0 35.11010362694301
fafg: 772 3679.0 33.1839378238342
dp: 791 3700.0 168.17446270543616
fafg: 791 3662.0 39.86978508217446
dp: 742 3677.0 3.3099730458221024
fafg: 742 3675.0 18.51752021563342
dp: 758 3669.0 8.04089709762533
fafg: 758 3669.0 14.808707124010555
dp: 715 3680.0 8.979020979020978
fafg: 715 3680.0 18.65874125874126
dp: 746 3702.0 25.987935656836463
fafg: 746 3715.0 18.70509383378016
dp: 783 3682.0 21.300127713920816
fafg: 783 3682.0 20.727969348659006
dp: 746 3669.0 8.593833780160859
fafg: 746 3701.0 30.58445040214477
dp: 723 3662.0 13.970954356846473
fafg: 723 3662.0 6.733056708160443
dp: 738 3667.0 50.613821138211385
fafg: 738 3670.0 3.9810298102981028
dp: 708 3663.0 2.0437853107344632
fafg: 708 3669.0 2.2401129943502824
dp: 760 3663.0 28.54342105263158
fafg: 760 3663.0 11.509210526315789
dp: 721 3662.0 8.174757281553399
fafg: 721 3662.0 6.454923717059639
dp: 757 3669.0 5.593130779392339
fafg: 757 3669.0 5.90224570673712
dp: 782 3736.0 88.96547314578005
fafg: 782 3673.0 19.254475703324808
dp: 755 3674.0 15.398675496688742
fafg: 755 3674.0 3.8264900662251655
dp: 733 3681.0 28.73806275579809
fafg: 733 3772.0 25.15006821282401
dp: 730 3681.0 43.016438356164386
fafg: 730 3681.0 9.517808219178082
dp: 772 3669.0 13.617875647668393
fafg: 772 3669.0 44.8860103626943
dp: 757 3665.0 7.052840158520476
fafg: 757 3675.0 53.03170409511228
dp: 726 3689.0 4.264462809917355
fafg: 726 3683.0 11.87603305785124
dp: 731 3666.0 2.7906976744186047
fafg: 731 3667.0 6.0861833105335155
dp: 725 3664.0 5.987586206896552
fafg: 725 3664.0 6.404137931034483
dp: 771 3668.0 9.82360570687419
fafg: 771 3668.0 5.631647211413749
dp: 750 3665.0 5.34
fafg: 750 3693.0 8.253333333333334
dp: 744 3668.0 1.6303763440860215
fafg: 744 3690.0 3.842741935483871
dp: 795 3681.0 10.382389937106918
fafg: 795 3681.0 14.532075471698112
dp: 744 3663.0 22.125
fafg: 744 3663.0 6.82258064516129
dp: 709 3660.0 3.918194640338505
fafg: 709 3660.0 5.2016925246826515
dp: 743 3670.0 20.288021534320322
fafg: 743 3670.0 37.825033647375506
dp: 726 3670.0 11.201101928374655
fafg: 726 3670.0 8.662534435261708
dp: 726 3669.0 4.209366391184573
fafg: 726 3669.0 11.09228650137741
dp: 765 3660.0 17.163398692810457
fafg: 765 3702.0 26.934640522875817
dp: 736 3683.0 10.622282608695652
fafg: 736 3709.0 14.891304347826088
dp: 705 3664.0 3.6141843971631205
fafg: 705 3664.0 2.9617021276595743
dp: 760 3712.0 13.430263157894737
fafg: 760 3696.0 4.4526315789473685
dp: 770 3667.0 6.328571428571428
fafg: 770 3667.0 5.507792207792208
dp: 780 3729.0 22.24230769230769
fafg: 780 3696.0 33.88461538461539
dp: 789 3661.0 15.818757921419518
fafg: 789 3661.0 55.89100126742712
dp: 756 3698.0 98.57804232804233
fafg: 756 3782.0 49.673280423280424
dp: 762 3695.0 13.149606299212598
fafg: 762 3694.0 16.64829396325459
dp: 716 3666.0 3.2360335195530725
fafg: 716 3666.0 3.016759776536313
dp: 762 3652.0 21.86745406824147
fafg: 762 3652.0 33.00524934383202
dp: 769 3664.0 3.2041612483745125
fafg: 769 3664.0 4.1079323797139145
dp: 777 3669.0 6.4066924066924065
fafg: 777 3669.0 35.87773487773488
dp: 755 3684.0 9.863576158940397
fafg: 755 3700.0 8.635761589403973
dp: 707 3667.0 8.98019801980198
fafg: 707 3667.0 19.082036775106083
dp: 731 3665.0 19.49794801641587
fafg: 731 3664.0 66.27496580027359
dp: 776 3674.0 3.2280927835051547
fafg: 776 3674.0 4.112113402061856
dp: 718 3671.0 3.831476323119777
fafg: 718 3671.0 4.1225626740947074
dp: 719 3661.0 8.53546592489569
fafg: 719 3661.0 6.0
dp: 725 3673.0 2.913103448275862
fafg: 725 3673.0 4.253793103448276
dp: 722 3700.0 22.422437673130194
fafg: 722 3665.0 6.577562326869806
dp: 733 3668.0 38.83628922237381
fafg: 733 3668.0 8.751705320600273
dp: 768 3688.0 28.89453125
fafg: 768 3671.0 42.123697916666664
dp: 773 3673.0 14.036222509702458
fafg: 773 3675.0 13.241914618369988
dp: 739 3693.0 10.446549391069013
fafg: 739 3691.0 21.181326116373477
dp: 702 3670.0 8.188034188034187
fafg: 702 3670.0 6.4415954415954415
dp: 744 3678.0 7.663978494623656
fafg: 744 3678.0 13.073924731182796
dp: 723 3671.0 12.695712309820193
fafg: 723 3671.0 14.586445366528354
dp: 743 3661.0 5.069986541049798
fafg: 743 3661.0 9.764468371467025
dp: 764 3689.0 49.268324607329845
fafg: 764 3660.0 16.408376963350786
dp: 768 3660.0 5.092447916666667
fafg: 768 3660.0 3.2018229166666665
dp: 715 3681.0 19.32867132867133
fafg: 715 3676.0 2.7454545454545456
dp: 802 3668.0 58.46758104738154
fafg: 802 3668.0 19.574812967581046
dp: 748 3656.0 18.926470588235293
fafg: 748 3656.0 9.883689839572192
dp: 749 3670.0 6.950600801068091
fafg: 749 3670.0 9.91588785046729
dp: 722 3667.0 14.754847645429363
fafg: 722 3672.0 8.524930747922438
dp: 785 3706.0 36.264968152866246
fafg: 785 3711.0 62.92484076433121
dp: 732 3681.0 2.8825136612021858
fafg: 732 3692.0 3.9836065573770494
dp: 749 3677.0 44.75834445927904
fafg: 749 3672.0 30.667556742323097
dp: 735 3681.0 6.595918367346939
fafg: 735 3666.0 17.63809523809524
dp: 762 3663.0 16.098425196850393
fafg: 762 3663.0 11.494750656167978
dp: 741 3747.0 23.76788124156545
fafg: 741 3751.0 23.624831309041834
dp: 726 3683.0 6.658402203856749
fafg: 726 3701.0 8.319559228650137
dp: 728 3708.0 14.138736263736265
fafg: 728 3654.0 3.633241758241758
dp: 765 3664.0 16.301960784313724
fafg: 765 3691.0 13.065359477124183
dp: 766 3669.0 24.58355091383812
fafg: 766 3669.0 21.7088772845953
dp: 761 3676.0 42.24441524310118
fafg: 761 3676.0 36.73981603153745
dp: 772 3679.0 3.566062176165803
fafg: 772 3682.0 3.400259067357513
dp: 716 3653.0 6.2751396648044695
fafg: 716 3653.0 8.991620111731844
dp: 775 3675.0 6.341935483870968
fafg: 775 3675.0 20.4
dp: 711 3681.0 6.50773558368495
fafg: 711 3681.0 7.770745428973277
dp: 770 3685.0 19.71818181818182
fafg: 770 3685.0 23.874025974025972
dp: 752 3676.0 9.654255319148936
fafg: 752 3754.0 23.256648936170212
dp: 780 3681.0 15.3
fafg: 780 3681.0 44.187179487179485
dp: 772 3669.0 5.553108808290156
fafg: 772 3669.0 6.791450777202073
dp: 729 3663.0 4.873799725651578
fafg: 729 3663.0 8.733882030178327
dp: 734 3693.0 4.986376021798365
fafg: 734 3675.0 3.8365122615803813
dp: 733 3664.0 4.946793997271487
fafg: 733 3664.0 7.772169167803547
dp: 771 3671.0 4.990920881971466
fafg: 771 3671.0 2.324254215304799
dp: 755 3666.0 8.258278145695364
fafg: 755 3666.0 23.389403973509935
dp: 705 3665.0 2.0907801418439718
fafg: 705 3665.0 9.201418439716312
dp: 770 3676.0 7.47012987012987
fafg: 770 3727.0 40.03376623376624
dp: 817 3662.0 36.18971848225214
fafg: 817 3662.0 18.813953488372093
dp: 751 3707.0 31.873501997336884
fafg: 751 3672.0 8.748335552596538
dp: 783 3683.0 13.753512132822477
fafg: 783 3683.0 10.457215836526181
dp: 742 3678.0 7.619946091644205
fafg: 742 3676.0 17.67924528301887
dp: 783 3776.0 62.910600255427845
fafg: 783 3699.0 9.075351213282248
dp: 704 3672.0 9.181818181818182
fafg: 704 3672.0 10.011363636363637
dp: 776 3673.0 36.71649484536083
fafg: 776 3671.0 29.596649484536083
dp: 734 3671.0 4.833787465940055
fafg: 734 3676.0 5.888283378746594
dp: 752 3685.0 4.848404255319149
fafg: 752 3685.0 4.595744680851064
dp: 774 3655.0 31.41343669250646
fafg: 774 3654.0 23.970284237726098
dp: 732 3651.0 7.389344262295082
fafg: 732 3651.0 14.78551912568306
dp: 750 3674.0 14.049333333333333
fafg: 750 3678.0 8.661333333333333
dp: 755 3678.0 10.781456953642385
fafg: 755 3678.0 4.56158940397351
dp: 718 3663.0 10.688022284122562
fafg: 718 3663.0 17.778551532033426
dp: 731 3673.0 6.946648426812586
fafg: 731 3673.0 4.366621067031463
dp: 713 3679.0 14.722300140252454
fafg: 713 3679.0 6.061711079943899
dp: 751 3706.0 69.0039946737683
fafg: 751 3668.0 13.613848202396804
dp: 738 3708.0 4.211382113821138
fafg: 738 3691.0 4.956639566395664
dp: 769 3701.0 6.637191157347204
fafg: 769 3727.0 16.674902470741223
dp: 750 3688.0 16.365333333333332
fafg: 750 3707.0 13.28
dp: 742 3726.0 9.692722371967655
fafg: 742 3679.0 4.971698113207547
dp: 738 3679.0 2.5149051490514904
fafg: 738 3679.0 9.184281842818429
dp: 746 3721.0 26.33243967828418
fafg: 746 3721.0 32.84182305630027
dp: 679 3688.0 4.254786450662739
fafg: 679 3684.0 2.011782032400589
dp: 753 3678.0 6.754316069057105
fafg: 753 3683.0 8.02257636122178
dp: 699 3658.0 3.3147353361945635
fafg: 699 3658.0 6.570815450643777
dp: 753 3683.0 4.329349269588313
fafg: 753 3683.0 3.555112881806109
dp: 693 3679.0 2.018759018759019
fafg: 693 3680.0 2.4242424242424243
dp: 720 3676.0 7.648611111111111
fafg: 720 3676.0 4.688888888888889
dp: 737 3661.0 11.677069199457259
fafg: 737 3661.0 26.025780189959296
dp: 781 3670.0 11.103713188220231
fafg: 781 3670.0 9.238156209987196
dp: 763 3664.0 19.03669724770642
fafg: 763 3664.0 3.8414154652686765
dp: 755 3665.0 21.941721854304635
fafg: 755 3665.0 19.39072847682119
dp: 802 3661.0 11.51496259351621
fafg: 802 3661.0 25.184538653366584
dp: 757 3673.0 5.249669749009247
fafg: 757 3673.0 20.599735799207398
dp: 729 3675.0 19.517146776406037
fafg: 729 3675.0 14.23045267489712
dp: 738 3685.0 5.738482384823849
fafg: 738 3675.0 2.540650406504065
dp: 752 3674.0 8.863031914893616
fafg: 752 3679.0 4.172872340425532
dp: 736 3668.0 15.75679347826087
fafg: 736 3713.0 18.53125
dp: 745 3675.0 11.85234899328859
fafg: 745 3675.0 7.534228187919463
dp: 720 3670.0 13.465277777777779
fafg: 720 3670.0 10.688888888888888
dp: 773 3707.0 8.347994825355757
fafg: 773 3693.0 7.822768434670117
dp: 753 3673.0 9.44887118193891
fafg: 753 3673.0 5.094289508632138
dp: 760 3668.0 22.74078947368421
fafg: 760 3668.0 5.092105263157895
dp: 724 3658.0 4.667127071823204
fafg: 724 3658.0 4.886740331491713
dp: 748 3664.0 9.946524064171124
fafg: 748 3664.0 16.100267379679146
dp: 727 3678.0 11.13755158184319
fafg: 727 3697.0 16.693259972489685
dp: 774 3675.0 33.31912144702842
fafg: 774 3673.0 15.042635658914728
dp: 743 3669.0 3.8411843876177656
fafg: 743 3669.0 6.570659488559892
dp: 717 3683.0 4.168758716875872
fafg: 717 3679.0 3.9748953974895396
dp: 751 3671.0 8.941411451398135
fafg: 751 3702.0 14.753661784287617
dp: 775 3668.0 24.483870967741936
fafg: 775 3680.0 50.545806451612904
dp: 776 3675.0 12.087628865979381
fafg: 776 3675.0 20.22036082474227
dp: 774 3681.0 11.94186046511628
fafg: 774 3681.0 24.63953488372093
dp: 761 3671.0 8.935611038107753
fafg: 761 3671.0 8.981603153745072
dp: 782 3710.0 69.3542199488491
fafg: 782 3712.0 36.62276214833759
dp: 721 3667.0 6.463245492371706
fafg: 721 3657.0 6.872399445214979
dp: 798 3668.0 14.38345864661654
fafg: 798 3668.0 20.305764411027567
dp: 749 3736.0 36.11882510013351
fafg: 749 3659.0 14.794392523364486
dp: 768 3692.0 29.361979166666668
fafg: 768 3663.0 31.0859375
dp: 778 3661.0 27.97172236503856
fafg: 778 3661.0 16.825192802056556
dp: 771 3668.0 53.79896238651102
fafg: 771 3685.0 37.072632944228275
dp: 767 3660.0 5.764015645371577
fafg: 767 3660.0 14.367666232073011
dp: 740 3665.0 22.206756756756757
fafg: 740 3665.0 35.87432432432433
dp: 750 3665.0 13.134666666666666
fafg: 750 3665.0 12.109333333333334
dp: 808 3718.0 25.293316831683168
fafg: 808 3666.0 81.66584158415841
dp: 723 3682.0 6.681881051175657
fafg: 723 3687.0 7.479944674965422
dp: 749 3669.0 13.516688918558078
fafg: 749 3669.0 22.24966622162884
dp: 773 3704.0 21.58732212160414
fafg: 773 3671.0 6.214747736093144
dp: 736 3678.0 54.09510869565217
fafg: 736 3676.0 2.345108695652174
dp: 792 3703.0 38.40530303030303
fafg: 792 3686.0 32.541666666666664
dp: 757 3725.0 10.527080581241744
fafg: 757 3725.0 7.869220607661823
dp: 757 3667.0 8.217965653896961
fafg: 757 3667.0 15.220607661822985
dp: 732 3675.0 2.4057377049180326
fafg: 732 3675.0 3.6038251366120218
dp: 731 3680.0 2.2243502051983586
fafg: 731 3671.0 5.050615595075239
dp: 791 3668.0 13.049304677623262
fafg: 791 3698.0 16.962073324905184
dp: 734 3674.0 10.262942779291553
fafg: 734 3674.0 4.132152588555858
dp: 799 3677.0 18.006257822277846
fafg: 799 3683.0 21.380475594493117
dp: 761 3671.0 20.529566360052563
fafg: 761 3765.0 54.20105124835742
dp: 776 3682.0 16.246134020618555
fafg: 776 3683.0 2.6804123711340204
dp: 754 3666.0 12.993368700265252
fafg: 754 3681.0 24.244031830238725
dp: 709 3681.0 2.0535966149506346
fafg: 709 3676.0 3.1339915373765868
dp: 689 3681.0 2.72133526850508
fafg: 689 3681.0 3.41799709724238
dp: 789 3686.0 20.622306717363752
fafg: 789 3686.0 25.377693282636248
dp: 794 3665.0 2.9534005037783375
fafg: 794 3665.0 45.3073047858942
dp: 679 3697.0 8.219440353460971
fafg: 679 3675.0 4.6539027982326955
dp: 795 3749.0 21.30314465408805
fafg: 795 3715.0 19.547169811320753
dp: 713 3674.0 4.859747545582048
fafg: 713 3682.0 4.9326788218793824
dp: 813 3677.0 97.56826568265683
fafg: 813 4196.0 176.96063960639606
dp: 769 3714.0 50.98439531859558
fafg: 769 3665.0 7.345903771131339
dp: 773 3707.0 4.248382923673997
fafg: 773 3915.0 80.15782664941786
dp: 752 3685.0 13.043882978723405
fafg: 752 3690.0 8.518617021276595
dp: 732 3680.0 4.953551912568306
fafg: 732 3672.0 4.717213114754099
dp: 779 3681.0 105.57509627727856
fafg: 779 3679.0 46.69833119383826
dp: 751 3670.0 17.11051930758988
fafg: 751 3674.0 12.430093209054593
dp: 761 3790.0 58.54664914586071
fafg: 761 3649.0 11.0473061760841
dp: 749 3670.0 4.775700934579439
fafg: 749 3670.0 13.966622162883844
dp: 771 3732.0 9.756160830090792
fafg: 771 3759.0 26.527885862516214
dp: 745 3666.0 25.663087248322146
fafg: 745 3665.0 27.390604026845637
dp: 713 3699.0 6.225806451612903
fafg: 713 3669.0 16.32959326788219
dp: 758 3668.0 29.192612137203167
fafg: 758 3668.0 8.149076517150396
dp: 750 3660.0 29.317333333333334
fafg: 750 3660.0 6.912
dp: 732 3718.0 15.979508196721312
fafg: 732 3690.0 13.031420765027322
dp: 766 3682.0 23.223237597911226
fafg: 766 3683.0 16.862924281984334
dp: 700 3669.0 18.65
fafg: 700 3669.0 10.84
dp: 752 3673.0 2.8949468085106385
fafg: 752 3686.0 4.160904255319149
dp: 789 3709.0 17.174904942965778
fafg: 789 3709.0 10.12040557667934
dp: 745 3676.0 4.065771812080537
fafg: 745 3676.0 10.115436241610738
dp: 719 3665.0 10.403337969401948
fafg: 719 3665.0 5.9443671766342145
dp: 730 3680.0 8.449315068493151
fafg: 730 3697.0 14.013698630136986
dp: 779 3691.0 22.61617458279846
fafg: 779 3683.0 35.19768934531451
dp: 715 3652.0 5.013986013986014
fafg: 715 3652.0 5.998601398601399
dp: 768 3668.0 56.727864583333336
fafg: 768 3661.0 48.022135416666664
dp: 742 3756.0 21.230458221024257
fafg: 742 3652.0 3.1091644204851754
dp: 668 3670.0 22.393712574850298
fafg: 668 3664.0 11.576347305389222
dp: 739 3670.0 8.897158322056834
fafg: 739 3698.0 11.85385656292287
dp: 737 3658.0 12.245590230664858
fafg: 737 3689.0 10.525101763907735
dp: 810 3711.0 13.796296296296296
fafg: 810 3676.0 35.31604938271605
dp: 730 3660.0 9.906849315068493
fafg: 730 3660.0 5.536986301369863
dp: 734 3707.0 32.00408719346049
fafg: 734 3671.0 14.747956403269756
dp: 788 3681.0 14.66243654822335
fafg: 788 3747.0 37.18527918781726
dp: 717 3669.0 14.91771269177127
fafg: 717 3669.0 11.548117154811715
dp: 730 3686.0 8.3
fafg: 730 3706.0 7.642465753424657
dp: 758 3674.0 14.407651715039577
fafg: 758 3674.0 23.718997361477573
dp: 771 3685.0 116.6083009079118
fafg: 771 3677.0 30.090791180285343
dp: 755 3678.0 4.659602649006622
fafg: 755 3678.0 4.328476821192053
dp: 768 3687.0 3.2473958333333335
fafg: 768 3686.0 3.6744791666666665
dp: 818 3847.0 194.87408312958436
fafg: 818 3686.0 27.143031784841074
dp: 735 3667.0 30.304761904761904
fafg: 735 3667.0 15.782312925170068
dp: 726 3683.0 5.946280991735537
fafg: 726 3699.0 8.590909090909092
dp: 752 3662.0 19.91622340425532
fafg: 752 3674.0 4.809840425531915
dp: 777 3678.0 7.631917631917632
fafg: 777 3722.0 18.543114543114545
dp: 746 3692.0 16.726541554959784
fafg: 746 3674.0 6.414209115281501
dp: 788 3671.0 14.154822335025381
fafg: 788 3671.0 17.1751269035533
dp: 783 3681.0 5.717752234993615
fafg: 783 3681.0 5.614303959131545
dp: 749 3657.0 2.184245660881175
fafg: 749 3740.0 20.427236315086784
dp: 755 3704.0 42.57218543046358
fafg: 755 3704.0 23.00662251655629
dp: 743 3674.0 10.131897711978466
fafg: 743 3674.0 7.765814266487214
dp: 716 3723.0 19.991620111731844
fafg: 716 3674.0 17.145251396648046
dp: 796 3670.0 37.44597989949749
fafg: 796 3670.0 7.016331658291457
dp: 753 3676.0 7.853917662682603
fafg: 753 3676.0 6.1181938911022575
dp: 716 3655.0 2.814245810055866
fafg: 716 3655.0 3.856145251396648
dp: 752 3670.0 11.74468085106383
fafg: 752 3670.0 4.795212765957447
dp: 755 3673.0 3.7894039735099336
fafg: 755 3673.0 3.190728476821192
dp: 756 3666.0 13.357142857142858
fafg: 756 3666.0 14.903439153439153
dp: 800 3681.0 7.7175
fafg: 800 3701.0 24.615
dp: 760 3685.0 63.123684210526314
fafg: 760 3685.0 19.00657894736842
dp: 716 3656.0 7.850558659217877
fafg: 716 3656.0 6.062849162011173
dp: 750 3670.0 4.858666666666666
fafg: 750 3670.0 5.777333333333333
dp: 774 3675.0 31.642118863049095
fafg: 774 3675.0 32.843669250645995
dp: 751 3679.0 17.315579227696404
fafg: 751 3679.0 11.789613848202396
dp: 769 3651.0 52.69310793237971
fafg: 769 3644.0 2.8049414824447334
dp: 727 3685.0 4.320495185694636
fafg: 727 3682.0 13.270976616231087
dp: 751 3665.0 16.201065246338217
fafg: 751 3665.0 16.821571238348866
dp: 795 3670.0 46.969811320754715
fafg: 795 3670.0 15.618867924528303
dp: 738 3662.0 10.909214092140921
fafg: 738 3662.0 9.508130081300813
dp: 739 3697.0 7.047361299052774
fafg: 739 3670.0 8.926928281461434
dp: 765 3658.0 19.51372549019608
fafg: 765 3783.0 30.766013071895426
dp: 736 3663.0 38.56385869565217
fafg: 736 3663.0 32.01766304347826
dp: 727 3659.0 4.78404401650619
fafg: 727 3659.0 5.998624484181568
dp: 727 3739.0 17.92022008253095
fafg: 727 3746.0 10.671251719394773
dp: 729 3726.0 11.761316872427983
fafg: 729 3675.0 5.224965706447188
dp: 784 3680.0 61.83163265306123
fafg: 784 3723.0 124.16071428571429
dp: 729 3677.0 16.419753086419753
fafg: 729 3677.0 15.500685871056241
dp: 754 3673.0 5.827586206896552
fafg: 754 3673.0 10.346153846153847
dp: 800 3664.0 44.89875
fafg: 800 3665.0 82.35625
dp: 722 3677.0 22.650969529085874
fafg: 722 3677.0 3.0249307479224377
dp: 731 3682.0 9.567715458276334
fafg: 731 3682.0 6.410396716826265
dp: 762 3670.0 22.401574803149607
fafg: 762 3670.0 12.60761154855643
dp: 754 3669.0 21.450928381962864
fafg: 754 3669.0 35.758620689655174
dp: 745 3670.0 62.23355704697987
fafg: 745 3670.0 53.45771812080537
dp: 719 3658.0 1.5479833101529903
fafg: 719 3658.0 12.219749652294855
dp: 772 3743.0 16.634715025906736
fafg: 772 3766.0 34.130829015544045
dp: 772 3720.0 37.005181347150256
fafg: 772 3656.0 6.594559585492228
dp: 775 3675.0 8.592258064516129
fafg: 775 3678.0 16.13290322580645
dp: 764 3667.0 4.982984293193717
fafg: 764 3663.0 6.9188481675392675
dp: 736 3665.0 19.849184782608695
fafg: 736 3665.0 8.311141304347826
dp: 746 3691.0 19.831099195710454
fafg: 746 3672.0 16.4798927613941
dp: 737 3667.0 4.644504748982361
fafg: 737 3667.0 5.797829036635007
dp: 745 3671.0 2.3422818791946307
fafg: 745 3672.0 9.063087248322148
dp: 786 3694.0 47.13740458015267
fafg: 786 3738.0 33.5089058524173
dp: 773 3676.0 66.35705045278137
fafg: 773 3676.0 48.39197930142303
dp: 723 3667.0 2.7856154910096818
fafg: 723 3667.0 3.6307053941908713
dp: 803 3845.0 80.7148194271482
fafg: 803 3665.0 14.465753424657533
dp: 740 3668.0 6.286486486486487
fafg: 740 3668.0 8.385135135135135
dp: 752 3657.0 17.131648936170212
fafg: 752 3657.0 4.31781914893617
dp: 762 3667.0 19.349081364829395
fafg: 762 3667.0 19.30708661417323
dp: 770 3688.0 34.63376623376623
fafg: 770 3665.0 14.12987012987013
dp: 744 3661.0 1.3400537634408602
fafg: 744 3661.0 1.2029569892473118
dp: 740 3675.0 4.402702702702703
fafg: 740 3683.0 3.95
dp: 767 3752.0 38.86310299869622
fafg: 767 3674.0 18.022164276401565
dp: 752 3663.0 5.917553191489362
fafg: 752 3667.0 8.025265957446809
dp: 766 3678.0 83.55874673629243
fafg: 766 3684.0 10.369451697127937
dp: 758 3681.0 5.12532981530343
fafg: 758 3680.0 6.783641160949868
dp: 712 3675.0 24.457865168539325
fafg: 712 3675.0 19.85814606741573
dp: 767 3676.0 10.198174706649283
fafg: 767 3676.0 15.195567144719687
dp: 777 3679.0 18.662805662805663
fafg: 777 3681.0 16.423423423423422
dp: 790 3675.0 10.154430379746836
fafg: 790 3686.0 7.3632911392405065
dp: 763 3711.0 27.97903014416776
fafg: 763 3687.0 11.395806028833551
dp: 735 3716.0 19.710204081632654
fafg: 735 3675.0 12.45170068027211
dp: 780 3727.0 12.103846153846154
fafg: 780 3710.0 5.141025641025641
dp: 769 3666.0 8.710013003901171
fafg: 769 3666.0 10.17295188556567
dp: 747 3711.0 25.346720214190093
fafg: 747 3707.0 30.44578313253012
dp: 766 3666.0 9.180156657963446
fafg: 766 3666.0 13.468668407310705
dp: 749 3723.0 23.679572763684913
fafg: 749 3681.0 9.419225634178906
dp: 722 3656.0 26.6606648199446
fafg: 722 3656.0 30.60803324099723
dp: 751 3665.0 12.37017310252996
fafg: 751 3665.0 4.422103861517976
dp: 755 3698.0 5.952317880794702
fafg: 755 3695.0 6.5602649006622515
dp: 781 3766.0 47.572343149807935
fafg: 781 3680.0 32.014084507042256
dp: 746 3772.0 66.97184986595174
fafg: 746 3670.0 13.871313672922252
dp: 736 3678.0 9.404891304347826
fafg: 736 3709.0 11.160326086956522
dp: 775 3679.0 3.9548387096774196
fafg: 775 3744.0 13.658064516129032
dp: 719 3652.0 2.5702364394993045
fafg: 719 3652.0 4.063977746870654
dp: 763 3719.0 8.650065530799475
fafg: 763 3715.0 12.90170380078637
dp: 765 3683.0 39.06797385620915
fafg: 765 3683.0 9.312418300653595
dp: 762 3660.0 82.12204724409449
fafg: 762 3665.0 14.646981627296588
dp: 734 3700.0 6.077656675749319
fafg: 734 3699.0 3.2888283378746594
dp: 772 3681.0 41.99740932642487
fafg: 772 3667.0 25.95336787564767
dp: 741 3671.0 7.97165991902834
fafg: 741 3671.0 10.67476383265857
dp: 731 3662.0 7.593707250341997
fafg: 731 3662.0 10.690834473324214
dp: 737 3691.0 4.708276797829036
fafg: 737 3677.0 1.8778833107191315
dp: 726 3673.0 10.0633608815427
fafg: 726 3673.0 6.352617079889807
dp: 781 3748.0 104.97567221510883
fafg: 781 3729.0 55.749039692701665
dp: 769 3672.0 48.647594278283485
fafg: 769 3660.0 4.652795838751626
dp: 737 3676.0 5.510176390773406
fafg: 737 3676.0 7.4382632293080055
dp: 733 3665.0 28.847203274215552
fafg: 733 3665.0 19.285129604365622
dp: 727 3663.0 4.127922971114168
fafg: 727 3663.0 2.9642365887207704
dp: 750 3679.0 28.748
fafg: 750 3679.0 27.11466666666667
dp: 717 3685.0 7.058577405857741
fafg: 717 3668.0 8.02928870292887
dp: 765 3663.0 28.550326797385623
fafg: 765 3663.0 8.541176470588235
dp: 702 3670.0 11.54131054131054
fafg: 702 3670.0 3.2122507122507122
dp: 718 3660.0 13.423398328690809
fafg: 718 3660.0 3.661559888579387
dp: 723 3673.0 2.698478561549101
fafg: 723 3673.0 3.1023513139695713
dp: 743 3668.0 17.103633916554507
fafg: 743 3668.0 13.174966352624494
dp: 746 3673.0 32.67426273458445
fafg: 746 3673.0 8.690348525469169
dp: 798 3693.0 29.57769423558897
fafg: 798 3675.0 16.265664160401002
dp: 761 3664.0 4.549277266754271
fafg: 761 3664.0 5.026281208935611
dp: 727 3686.0 23.931224209078405
fafg: 727 3688.0 21.84319119669876
dp: 745 3669.0 7.296644295302014
fafg: 745 3669.0 4.449664429530201
dp: 778 3672.0 3.736503856041131
fafg: 778 3672.0 11.406169665809768
dp: 784 3679.0 40.95790816326531
fafg: 784 3677.0 3.9693877551020407
dp: 694 3652.0 1.436599423631124
fafg: 694 3652.0 5.795389048991354
dp: 744 3657.0 7.229838709677419
fafg: 744 3657.0 6.571236559139785
