dp: 360 1866.0 1.211111111111111
fcfg: 360 1879.0 16.283333333333335
dp: 361 1864.0 1.293628808864266
fcfg: 361 1869.0 11.10803324099723
dp: 350 1860.0 0.7885714285714286
fcfg: 350 1867.0 10.105714285714285
dp: 362 1862.0 1.058011049723757
fcfg: 362 1862.0 9.027624309392266
dp: 345 1857.0 0.5942028985507246
fcfg: 345 1864.0 5.611594202898551
dp: 373 1850.0 2.7184986595174263
fcfg: 373 1910.0 18.831099195710454
dp: 351 1856.0 1.0341880341880343
fcfg: 351 1859.0 4.823361823361823
dp: 387 1858.0 1.7596899224806202
fcfg: 387 1876.0 17.896640826873384
dp: 351 1857.0 0.9772079772079773
fcfg: 351 1857.0 4.136752136752137
dp: 379 1865.0 0.49076517150395776
fcfg: 379 1868.0 11.593667546174142
dp: 354 1870.0 0.7966101694915254
fcfg: 354 1870.0 4.692090395480226
dp: 398 1876.0 2.0854271356783918
fcfg: 398 1980.0 23.05276381909548
dp: 410 1870.0 1.6073170731707318
fcfg: 410 1966.0 27.014634146341464
dp: 366 1854.0 1.03551912568306
fcfg: 366 1854.0 17.112021857923498
dp: 371 1874.0 0.9299191374663073
fcfg: 371 1892.0 10.557951482479785
dp: 345 1864.0 0.9478260869565217
fcfg: 345 1869.0 9.257971014492753
dp: 412 1859.0 1.953883495145631
fcfg: 412 1922.0 19.888349514563107
dp: 365 1866.0 0.9534246575342465
fcfg: 365 1883.0 12.906849315068493
dp: 353 1867.0 0.8526912181303116
fcfg: 353 1867.0 5.235127478753541
dp: 371 1856.0 1.679245283018868
fcfg: 371 1872.0 14.288409703504042
dp: 381 1871.0 1.4724409448818898
fcfg: 381 1887.0 16.514435695538058
dp: 389 1859.0 1.179948586118252
fcfg: 389 1900.0 21.704370179948587
dp: 375 1864.0 1.664
fcfg: 375 1864.0 15.394666666666666
dp: 393 1864.0 1.8396946564885497
fcfg: 393 1926.0 20.37913486005089
dp: 359 1858.0 1.565459610027855
fcfg: 359 1858.0 9.715877437325906
dp: 383 1859.0 1.8067885117493472
fcfg: 383 1871.0 21.31592689295039
dp: 370 1854.0 1.5432432432432432
fcfg: 370 1854.0 9.524324324324324
dp: 363 1849.0 1.440771349862259
fcfg: 363 1854.0 8.0633608815427
dp: 383 1866.0 2.023498694516971
fcfg: 383 1916.0 17.422976501305484
dp: 377 1870.0 2.938992042440318
fcfg: 377 1875.0 20.153846153846153
dp: 385 1864.0 1.0935064935064935
fcfg: 385 1906.0 7.444155844155844
dp: 366 1864.0 0.6939890710382514
fcfg: 366 1893.0 13.12295081967213
dp: 375 1860.0 1.904
fcfg: 375 1864.0 23.010666666666665
dp: 389 1866.0 1.4395886889460154
fcfg: 389 1890.0 17.223650385604113
dp: 399 1863.0 2.5137844611528823
fcfg: 399 1947.0 34.11528822055138
dp: 396 1856.0 2.085858585858586
fcfg: 396 1860.0 15.207070707070708
dp: 390 1847.0 1.2487179487179487
fcfg: 390 1912.0 13.171794871794871
dp: 369 1856.0 1.6802168021680217
fcfg: 369 1872.0 16.24390243902439
dp: 412 1858.0 3.5849514563106797
fcfg: 412 1897.0 26.08495145631068
dp: 419 1865.0 3.8520286396181382
fcfg: 419 1865.0 18.682577565632457
dp: 371 1864.0 0.889487870619946
fcfg: 371 1897.0 9.245283018867925
dp: 345 1870.0 0.30144927536231886
fcfg: 345 1874.0 5.008695652173913
dp: 395 1869.0 1.5848101265822785
fcfg: 395 1888.0 28.227848101265824
dp: 350 1880.0 1.08
fcfg: 350 1897.0 6.185714285714286
dp: 386 1858.0 2.0466321243523318
fcfg: 386 1882.0 10.367875647668393
dp: 373 1858.0 1.2868632707774799
fcfg: 373 1863.0 12.729222520107239
dp: 374 1861.0 2.06951871657754
fcfg: 374 1863.0 14.997326203208557
dp: 373 1861.0 2.1420911528150133
fcfg: 373 1886.0 27.35656836461126
dp: 379 1860.0 2.4775725593667546
fcfg: 379 1877.0 14.965699208443272
dp: 402 1869.0 2.509950248756219
fcfg: 402 1898.0 28.3407960199005
dp: 397 1881.0 2.7052896725440805
fcfg: 397 2004.0 21.838790931989923
dp: 364 1864.0 0.8763736263736264
fcfg: 364 1895.0 9.469780219780219
dp: 368 1859.0 0.9918478260869565
fcfg: 368 1865.0 8.58695652173913
dp: 381 1864.0 1.4356955380577427
fcfg: 381 1866.0 17.753280839895012
dp: 361 1876.0 1.6509695290858726
fcfg: 361 1961.0 15.695290858725762
dp: 355 1867.0 0.8394366197183099
fcfg: 355 1871.0 8.174647887323944
dp: 377 1859.0 1.0954907161803713
fcfg: 377 1867.0 11.907161803713528
dp: 379 1860.0 1.6781002638522426
fcfg: 379 1869.0 14.968337730870713
dp: 355 1859.0 0.676056338028169
fcfg: 355 1899.0 7.152112676056338
dp: 381 1868.0 1.6220472440944882
fcfg: 381 1878.0 13.120734908136482
dp: 375 1854.0 2.2053333333333334
fcfg: 375 1893.0 16.290666666666667
dp: 381 1869.0 1.0446194225721785
fcfg: 381 1929.0 8.813648293963254
dp: 403 1874.0 1.2406947890818858
fcfg: 403 1902.0 13.870967741935484
dp: 356 1852.0 0.9943820224719101
fcfg: 356 1852.0 5.438202247191011
dp: 380 1875.0 1.85
fcfg: 380 1927.0 14.236842105263158
dp: 380 1877.0 1.3789473684210527
fcfg: 380 1948.0 18.11315789473684
dp: 380 1856.0 3.318421052631579
fcfg: 380 1858.0 24.58684210526316
dp: 342 1860.0 0.7485380116959064
fcfg: 342 1862.0 5.824561403508772
dp: 387 1858.0 3.746770025839793
fcfg: 387 1858.0 24.059431524547804
dp: 388 1862.0 1.2010309278350515
fcfg: 388 1862.0 10.77319587628866
dp: 373 1857.0 1.613941018766756
fcfg: 373 1861.0 7.60857908847185
dp: 363 1849.0 1.2038567493112948
fcfg: 363 1902.0 15.146005509641872
dp: 392 1849.0 1.2857142857142858
fcfg: 392 1865.0 19.482142857142858
dp: 384 1867.0 0.9244791666666666
fcfg: 384 1984.0 23.0
dp: 361 1874.0 0.8947368421052632
fcfg: 361 1914.0 8.875346260387811
dp: 390 1861.0 2.764102564102564
fcfg: 390 1894.0 26.305128205128206
dp: 385 1876.0 2.5064935064935066
fcfg: 385 1898.0 16.05974025974026
dp: 384 1862.0 1.0364583333333333
fcfg: 384 1931.0 11.6875
dp: 374 1873.0 0.9812834224598931
fcfg: 374 1906.0 10.713903743315509
dp: 357 1854.0 1.7647058823529411
fcfg: 357 1918.0 11.658263305322128
dp: 404 1858.0 1.891089108910891
fcfg: 404 1911.0 15.195544554455445
dp: 391 1864.0 1.3248081841432224
fcfg: 391 1924.0 22.51918158567775
dp: 413 1872.0 2.750605326876513
fcfg: 413 2002.0 36.077481840193705
dp: 352 1863.0 0.9119318181818182
fcfg: 352 1863.0 8.965909090909092
dp: 390 1862.0 2.1846153846153844
fcfg: 390 1918.0 25.98974358974359
dp: 368 1864.0 1.266304347826087
fcfg: 368 1880.0 11.103260869565217
dp: 349 1869.0 1.6189111747851004
fcfg: 349 1883.0 9.318051575931232
dp: 387 1864.0 1.4987080103359174
fcfg: 387 1879.0 12.529715762273902
dp: 381 1875.0 0.8976377952755905
fcfg: 381 1882.0 8.587926509186351
dp: 397 1861.0 0.9949622166246851
fcfg: 397 1927.0 22.8992443324937
dp: 367 1863.0 1.0
fcfg: 367 1896.0 9.359673024523161
dp: 378 1863.0 1.8227513227513228
fcfg: 378 1924.0 16.632275132275133
dp: 374 1855.0 1.7245989304812834
fcfg: 374 1879.0 7.994652406417113
dp: 340 1858.0 1.1558823529411764
fcfg: 340 1864.0 7.805882352941176
dp: 349 1866.0 1.6819484240687679
fcfg: 349 1871.0 12.948424068767908
dp: 380 1868.0 2.207894736842105
fcfg: 380 1883.0 9.921052631578947
dp: 360 1877.0 1.0027777777777778
fcfg: 360 1910.0 10.777777777777779
dp: 399 1856.0 2.50125313283208
fcfg: 399 1954.0 21.616541353383457
dp: 383 1867.0 1.524804177545692
fcfg: 383 1889.0 12.96083550913838
dp: 359 1857.0 1.7465181058495822
fcfg: 359 1870.0 14.75208913649025
dp: 389 1851.0 2.7223650385604112
fcfg: 389 1932.0 28.94087403598972
dp: 397 1865.0 2.065491183879093
fcfg: 397 1979.0 24.71536523929471
dp: 382 1870.0 1.7984293193717278
fcfg: 382 1926.0 21.99214659685864
dp: 383 1876.0 1.8015665796344646
fcfg: 383 1893.0 14.167101827676241
dp: 370 1871.0 1.6054054054054054
fcfg: 370 1932.0 8.91081081081081
dp: 400 1863.0 2.8925
fcfg: 400 1940.0 25.11
dp: 355 1860.0 0.7098591549295775
fcfg: 355 1860.0 4.092957746478874
dp: 335 1862.0 1.1194029850746268
fcfg: 335 1880.0 7.6895522388059705
dp: 380 1861.0 0.9026315789473685
fcfg: 380 1861.0 14.007894736842106
dp: 351 1855.0 0.9401709401709402
fcfg: 351 1855.0 5.7749287749287745
dp: 385 1869.0 1.4363636363636363
fcfg: 385 1891.0 13.52987012987013
dp: 392 1871.0 2.556122448979592
fcfg: 392 1935.0 19.834183673469386
dp: 364 1853.0 0.7087912087912088
fcfg: 364 1860.0 10.793956043956044
dp: 382 1869.0 0.9554973821989529
fcfg: 382 1874.0 8.112565445026178
dp: 390 1875.0 1.235897435897436
fcfg: 390 1879.0 8.48974358974359
dp: 381 1866.0 1.1443569553805775
fcfg: 381 1874.0 9.918635170603675
dp: 374 1871.0 0.6898395721925134
fcfg: 374 1899.0 13.042780748663102
dp: 338 1857.0 0.7485207100591716
fcfg: 338 1859.0 6.396449704142012
dp: 401 1861.0 1.5810473815461346
fcfg: 401 1871.0 10.942643391521196
dp: 408 1866.0 1.4485294117647058
fcfg: 408 1921.0 19.737745098039216
dp: 354 1866.0 0.7909604519774012
fcfg: 354 1908.0 6.7175141242937855
dp: 360 1867.0 0.8805555555555555
fcfg: 360 1875.0 5.941666666666666
dp: 361 1869.0 1.5152354570637119
fcfg: 361 1909.0 10.725761772853186
dp: 369 1864.0 1.4065040650406504
fcfg: 369 1915.0 13.257452574525745
dp: 375 1862.0 1.0666666666666667
fcfg: 375 1927.0 14.786666666666667
dp: 378 1861.0 1.3915343915343916
fcfg: 378 1877.0 9.661375661375661
dp: 336 1864.0 1.2410714285714286
fcfg: 336 1870.0 4.529761904761905
dp: 376 1863.0 1.2845744680851063
fcfg: 376 1888.0 18.66223404255319
dp: 358 1860.0 1.3491620111731844
fcfg: 358 1880.0 9.449720670391061
dp: 386 1851.0 1.810880829015544
fcfg: 386 1877.0 24.064766839378237
dp: 384 1886.0 1.265625
fcfg: 384 1936.0 22.763020833333332
dp: 382 1868.0 1.4607329842931938
fcfg: 382 1913.0 14.235602094240837
dp: 373 1864.0 0.8525469168900804
fcfg: 373 1892.0 7.024128686327078
dp: 385 1863.0 1.4987012987012986
fcfg: 385 1870.0 9.444155844155844
dp: 369 1875.0 0.9349593495934959
fcfg: 369 1910.0 8.016260162601625
dp: 411 1864.0 2.338199513381995
fcfg: 411 1937.0 30.24574209245742
dp: 358 1867.0 1.5279329608938548
fcfg: 358 1906.0 10.927374301675977
dp: 381 1871.0 1.6509186351706038
fcfg: 381 1921.0 23.118110236220474
dp: 360 1870.0 1.6611111111111112
fcfg: 360 1924.0 13.963888888888889
dp: 418 1883.0 2.9138755980861246
fcfg: 418 1967.0 29.555023923444978
dp: 395 1863.0 1.3924050632911393
fcfg: 395 1899.0 22.835443037974684
dp: 364 1859.0 1.3763736263736264
fcfg: 364 1859.0 11.961538461538462
dp: 366 1858.0 1.0191256830601092
fcfg: 366 1861.0 11.434426229508198
dp: 347 1858.0 2.446685878962536
fcfg: 347 1860.0 11.997118155619596
dp: 358 1877.0 2.0670391061452515
fcfg: 358 1927.0 11.695530726256983
dp: 401 1863.0 1.5810473815461346
fcfg: 401 1887.0 16.216957605985037
dp: 382 1873.0 2.3089005235602094
fcfg: 382 1886.0 15.722513089005236
dp: 398 1859.0 2.550251256281407
fcfg: 398 1915.0 19.306532663316585
dp: 374 1862.0 1.4304812834224598
fcfg: 374 1934.0 13.855614973262032
dp: 372 1861.0 1.3172043010752688
fcfg: 372 1864.0 8.508064516129032
dp: 382 1867.0 1.044502617801047
fcfg: 382 1928.0 18.68848167539267
dp: 382 1872.0 1.036649214659686
fcfg: 382 1878.0 11.392670157068062
dp: 351 1867.0 1.2421652421652423
fcfg: 351 1871.0 10.472934472934472
dp: 382 1870.0 1.2539267015706805
fcfg: 382 1912.0 10.489528795811518
dp: 380 1863.0 1.6236842105263158
fcfg: 380 1890.0 10.405263157894737
dp: 393 1861.0 1.5165394402035624
fcfg: 393 1888.0 18.603053435114504
dp: 335 1869.0 0.7044776119402985
fcfg: 335 1892.0 5.286567164179105
dp: 338 1845.0 0.8520710059171598
fcfg: 338 1866.0 5.127218934911243
dp: 356 1849.0 0.7191011235955056
fcfg: 356 1854.0 6.134831460674158
dp: 392 1856.0 2.0357142857142856
fcfg: 392 1880.0 20.028061224489797
dp: 409 1882.0 2.359413202933985
fcfg: 409 1981.0 14.508557457212714
dp: 326 1846.0 0.9141104294478528
fcfg: 326 1850.0 8.47239263803681
dp: 358 1854.0 0.8603351955307262
fcfg: 358 1869.0 8.153631284916202
dp: 367 1871.0 1.2615803814713897
fcfg: 367 1899.0 12.901907356948229
dp: 367 1863.0 1.106267029972752
fcfg: 367 1868.0 9.716621253405995
dp: 396 1852.0 2.98989898989899
fcfg: 396 1852.0 18.383838383838384
dp: 393 1853.0 0.9669211195928753
fcfg: 393 1876.0 10.43765903307888
dp: 418 1869.0 5.315789473684211
fcfg: 418 2039.0 36.68421052631579
dp: 369 1860.0 0.9105691056910569
fcfg: 369 1886.0 12.766937669376693
dp: 368 1857.0 1.8423913043478262
fcfg: 368 1871.0 16.277173913043477
dp: 383 1869.0 1.268929503916449
fcfg: 383 1917.0 16.60052219321149
dp: 377 1869.0 1.1803713527851458
fcfg: 377 1869.0 17.6684350132626
dp: 354 1864.0 1.2259887005649717
fcfg: 354 1917.0 11.864406779661017
dp: 369 1866.0 1.1165311653116532
fcfg: 369 1878.0 11.734417344173442
dp: 374 1860.0 1.7941176470588236
fcfg: 374 1862.0 17.22994652406417
dp: 376 1871.0 1.8085106382978724
fcfg: 376 1871.0 18.382978723404257
dp: 403 1851.0 2.1464019851116625
fcfg: 403 1893.0 35.79404466501241
dp: 401 1862.0 1.7930174563591021
fcfg: 401 1900.0 14.526184538653366
dp: 375 1849.0 0.8453333333333334
fcfg: 375 1883.0 7.949333333333334
dp: 360 1865.0 1.2805555555555554
fcfg: 360 1874.0 11.008333333333333
dp: 364 1878.0 2.258241758241758
fcfg: 364 1887.0 10.0
dp: 380 1873.0 1.931578947368421
fcfg: 380 1946.0 16.852631578947367
dp: 382 1868.0 1.5654450261780104
fcfg: 382 1886.0 10.651832460732985
dp: 348 1870.0 0.7183908045977011
fcfg: 348 1903.0 6.474137931034483
dp: 382 1861.0 2.269633507853403
fcfg: 382 1891.0 19.013089005235603
dp: 416 1873.0 3.4134615384615383
fcfg: 416 2032.0 58.83173076923077
dp: 401 1875.0 2.2219451371571073
fcfg: 401 1958.0 21.23940149625935
dp: 374 1873.0 0.9705882352941176
fcfg: 374 1892.0 5.045454545454546
dp: 351 1857.0 0.9259259259259259
fcfg: 351 1857.0 4.17948717948718
dp: 359 1851.0 0.7966573816155988
fcfg: 359 1868.0 6.43175487465181
dp: 361 1888.0 2.10803324099723
fcfg: 361 1955.0 11.700831024930748
dp: 386 1866.0 2.2176165803108807
fcfg: 386 1947.0 11.33419689119171
dp: 385 1870.0 2.8857142857142857
fcfg: 385 1893.0 20.51688311688312
dp: 364 1859.0 1.1483516483516483
fcfg: 364 1859.0 11.252747252747254
dp: 360 1865.0 0.9611111111111111
fcfg: 360 1873.0 10.511111111111111
dp: 386 1868.0 1.3860103626943006
fcfg: 386 1882.0 12.7720207253886
dp: 379 1862.0 1.1556728232189974
fcfg: 379 1885.0 16.678100263852244
dp: 419 1860.0 2.782816229116945
fcfg: 419 1934.0 37.9236276849642
dp: 367 1850.0 0.8474114441416893
fcfg: 367 1870.0 6.923705722070845
dp: 358 1858.0 0.6201117318435754
fcfg: 358 1892.0 6.058659217877095
dp: 381 1869.0 1.3070866141732282
fcfg: 381 1871.0 19.2257217847769
dp: 364 1865.0 0.9862637362637363
fcfg: 364 1883.0 17.068681318681318
dp: 379 1875.0 1.0554089709762533
fcfg: 379 1896.0 10.744063324538258
dp: 372 1864.0 0.9758064516129032
fcfg: 372 1870.0 8.626344086021506
dp: 370 1853.0 0.8567567567567568
fcfg: 370 1853.0 9.508108108108107
dp: 364 1859.0 1.3379120879120878
fcfg: 364 1859.0 12.760989010989011
dp: 371 1850.0 1.8409703504043127
fcfg: 371 1852.0 14.778975741239892
dp: 362 1865.0 1.3259668508287292
fcfg: 362 1865.0 12.226519337016574
dp: 408 1855.0 2.661764705882353
fcfg: 408 1931.0 21.78921568627451
dp: 329 1857.0 0.5319148936170213
fcfg: 329 1858.0 3.8419452887537995
dp: 354 1867.0 1.5508474576271187
fcfg: 354 1874.0 7.906779661016949
dp: 407 1867.0 1.3341523341523343
fcfg: 407 1921.0 14.61916461916462
dp: 365 1859.0 0.7095890410958904
fcfg: 365 1862.0 5.536986301369863
dp: 371 1852.0 1.5121293800539084
fcfg: 371 1891.0 13.320754716981131
dp: 375 1859.0 2.7333333333333334
fcfg: 375 1863.0 21.666666666666668
dp: 367 1859.0 1.4277929155313351
fcfg: 367 1862.0 7.108991825613079
dp: 383 1879.0 2.9347258485639687
fcfg: 383 1910.0 18.451697127937337
dp: 373 1856.0 1.5281501340482573
fcfg: 373 1871.0 6.474530831099195
dp: 388 1855.0 1.2139175257731958
fcfg: 388 1863.0 10.507731958762887
dp: 394 1867.0 1.5609137055837563
fcfg: 394 1884.0 23.555837563451778
dp: 382 1864.0 2.0340314136125652
fcfg: 382 1898.0 16.274869109947645
dp: 351 1873.0 0.9373219373219374
fcfg: 351 1885.0 11.732193732193732
dp: 371 1864.0 0.9892183288409704
fcfg: 371 1871.0 8.754716981132075
dp: 375 1879.0 0.96
fcfg: 375 1908.0 8.282666666666668
dp: 361 1862.0 1.2853185595567866
fcfg: 361 1870.0 8.831024930747922
dp: 382 1857.0 1.6518324607329844
fcfg: 382 1896.0 16.94764397905759
dp: 363 1850.0 1.4049586776859504
fcfg: 363 1858.0 8.757575757575758
dp: 371 1855.0 1.9514824797843666
fcfg: 371 1905.0 21.752021563342318
dp: 404 1854.0 3.9232673267326734
fcfg: 404 1977.0 34.54455445544554
dp: 379 1878.0 1.7519788918205805
fcfg: 379 1945.0 12.477572559366754
dp: 370 1851.0 1.4486486486486487
fcfg: 370 1872.0 18.127027027027026
dp: 356 1881.0 2.0308988764044944
fcfg: 356 1892.0 7.314606741573034
dp: 386 1852.0 1.1968911917098446
fcfg: 386 1880.0 14.544041450777202
dp: 398 1852.0 1.9874371859296482
fcfg: 398 1858.0 19.90954773869347
dp: 374 1866.0 1.3262032085561497
fcfg: 374 1945.0 15.032085561497325
dp: 383 1862.0 1.6631853785900783
fcfg: 383 1871.0 20.929503916449086
dp: 386 1859.0 2.209844559585492
fcfg: 386 1930.0 23.468911917098445
dp: 392 1862.0 1.3061224489795917
fcfg: 392 1884.0 17.997448979591837
dp: 395 1876.0 1.5443037974683544
fcfg: 395 1931.0 15.448101265822785
dp: 355 1860.0 0.9380281690140845
fcfg: 355 1882.0 7.577464788732394
dp: 367 1853.0 1.6403269754768393
fcfg: 367 1867.0 8.678474114441418
dp: 392 1859.0 1.1989795918367347
fcfg: 392 1909.0 25.053571428571427
dp: 367 1858.0 1.0517711171662125
fcfg: 367 1929.0 11.817438692098092
dp: 402 1873.0 1.8805970149253732
fcfg: 402 1908.0 18.104477611940297
dp: 340 1862.0 0.9588235294117647
fcfg: 340 1925.0 7.66764705882353
dp: 377 1868.0 0.7877984084880637
fcfg: 377 1900.0 11.241379310344827
dp: 355 1870.0 1.0056338028169014
fcfg: 355 1899.0 10.056338028169014
dp: 394 1852.0 2.9263959390862944
fcfg: 394 1955.0 19.507614213197968
dp: 360 1866.0 0.8305555555555556
fcfg: 360 1866.0 5.055555555555555
dp: 366 1863.0 1.2978142076502732
fcfg: 366 1877.0 10.59016393442623
dp: 378 1871.0 1.4497354497354498
fcfg: 378 1897.0 15.746031746031745
dp: 368 1860.0 1.1983695652173914
fcfg: 368 1864.0 7.932065217391305
dp: 357 1872.0 0.8431372549019608
fcfg: 357 1895.0 8.647058823529411
dp: 350 1864.0 0.9657142857142857
fcfg: 350 1864.0 11.371428571428572
dp: 388 1874.0 0.9922680412371134
fcfg: 388 1888.0 15.255154639175258
dp: 356 1853.0 1.5140449438202248
fcfg: 356 1871.0 12.775280898876405
dp: 376 1868.0 1.3404255319148937
fcfg: 376 1880.0 10.787234042553191
dp: 395 1857.0 1.9974683544303797
fcfg: 395 1899.0 28.38227848101266
dp: 350 1872.0 1.1942857142857144
fcfg: 350 1875.0 13.117142857142857
dp: 377 1854.0 1.220159151193634
fcfg: 377 1869.0 6.726790450928382
dp: 382 1876.0 2.4031413612565444
fcfg: 382 1891.0 16.345549738219894
dp: 386 1851.0 1.0155440414507773
fcfg: 386 1860.0 12.005181347150259
dp: 375 1863.0 1.3626666666666667
fcfg: 375 1873.0 19.232
dp: 395 1858.0 1.9367088607594938
fcfg: 395 1862.0 18.037974683544302
dp: 367 1864.0 0.9945504087193461
fcfg: 367 1902.0 10.449591280653951
dp: 365 1866.0 1.0712328767123287
fcfg: 365 1892.0 6.238356164383561
dp: 351 1863.0 0.7378917378917379
fcfg: 351 1870.0 9.86039886039886
dp: 382 1872.0 2.913612565445026
fcfg: 382 1951.0 22.1282722513089
dp: 375 1859.0 1.0
fcfg: 375 1890.0 12.248
dp: 407 1868.0 1.1793611793611793
fcfg: 407 1895.0 15.692874692874692
dp: 386 1847.0 1.3523316062176165
fcfg: 386 1880.0 10.370466321243523
dp: 346 1861.0 1.1011560693641618
fcfg: 346 1861.0 6.404624277456647
dp: 353 1864.0 0.8215297450424929
fcfg: 353 1873.0 6.827195467422096
dp: 394 1863.0 2.3604060913705585
fcfg: 394 1882.0 14.33756345177665
dp: 354 1857.0 0.9576271186440678
fcfg: 354 1873.0 9.734463276836157
dp: 423 1867.0 3.0
fcfg: 423 1994.0 29.95271867612293
dp: 372 1861.0 1.5403225806451613
fcfg: 372 1898.0 15.612903225806452
dp: 392 1858.0 1.596938775510204
fcfg: 392 1916.0 21.98469387755102
dp: 370 1867.0 1.508108108108108
fcfg: 370 1881.0 10.724324324324325
dp: 412 1858.0 2.1674757281553396
fcfg: 412 1960.0 33.99757281553398
dp: 390 1850.0 1.0717948717948718
fcfg: 390 1874.0 9.728205128205127
dp: 407 1871.0 1.5823095823095823
fcfg: 407 1970.0 29.56019656019656
dp: 372 1861.0 1.564516129032258
fcfg: 372 1897.0 29.120967741935484
dp: 412 1862.0 2.320388349514563
fcfg: 412 1870.0 20.733009708737864
dp: 362 1860.0 1.0718232044198894
fcfg: 362 1898.0 11.359116022099448
dp: 375 1858.0 1.0906666666666667
fcfg: 375 1893.0 13.453333333333333
dp: 387 1866.0 1.5917312661498708
fcfg: 387 1928.0 15.58656330749354
dp: 355 1864.0 0.7211267605633803
fcfg: 355 1908.0 6.650704225352112
dp: 394 1871.0 1.2055837563451777
fcfg: 394 1886.0 19.413705583756347
dp: 343 1885.0 2.545189504373178
fcfg: 343 1906.0 8.810495626822158
dp: 369 1854.0 1.6341463414634145
fcfg: 369 1930.0 18.390243902439025
dp: 349 1873.0 1.177650429799427
fcfg: 349 1897.0 6.567335243553009
dp: 368 1856.0 0.842391304347826
fcfg: 368 1864.0 8.4375
dp: 372 1860.0 2.814516129032258
fcfg: 372 1860.0 17.884408602150536
dp: 429 1868.0 1.7529137529137528
fcfg: 429 1945.0 41.27039627039627
dp: 359 1863.0 2.2256267409470754
fcfg: 359 1940.0 11.793871866295264
dp: 368 1862.0 0.5244565217391305
fcfg: 368 1878.0 4.864130434782608
dp: 366 1853.0 0.7185792349726776
fcfg: 366 1868.0 7.0109289617486334
dp: 358 1867.0 0.9329608938547486
fcfg: 358 1900.0 7.290502793296089
dp: 388 1857.0 1.2216494845360826
fcfg: 388 1884.0 22.260309278350515
dp: 358 1868.0 0.6201117318435754
fcfg: 358 1885.0 5.494413407821229
dp: 351 1862.0 1.2307692307692308
fcfg: 351 1883.0 8.407407407407407
dp: 383 1872.0 1.7467362924281984
fcfg: 383 1876.0 22.51697127937337
dp: 356 1857.0 0.9662921348314607
fcfg: 356 1877.0 8.202247191011235
dp: 375 1864.0 1.3893333333333333
fcfg: 375 1886.0 11.290666666666667
dp: 407 1855.0 1.7371007371007372
fcfg: 407 1919.0 14.302211302211303
dp: 388 1862.0 2.1056701030927836
fcfg: 388 1879.0 19.417525773195877
dp: 346 1868.0 0.861271676300578
fcfg: 346 1876.0 7.361271676300578
dp: 386 1850.0 1.9818652849740932
fcfg: 386 1872.0 15.370466321243523
dp: 392 1851.0 2.1607142857142856
fcfg: 392 1892.0 36.0
dp: 364 1858.0 1.2554945054945055
fcfg: 364 1858.0 11.090659340659341
dp: 363 1856.0 1.6198347107438016
fcfg: 363 1882.0 11.550964187327823
dp: 365 1855.0 0.6383561643835617
fcfg: 365 1867.0 7.873972602739726
dp: 329 1864.0 0.5653495440729484
fcfg: 329 1866.0 3.60790273556231
dp: 385 1861.0 1.7896103896103897
fcfg: 385 1879.0 27.69090909090909
dp: 343 1868.0 0.8862973760932945
fcfg: 343 1891.0 6.664723032069971
dp: 388 1863.0 1.7809278350515463
fcfg: 388 1863.0 16.649484536082475
dp: 397 1863.0 1.5415617128463477
fcfg: 397 1925.0 18.513853904282115
dp: 356 1867.0 1.5252808988764044
fcfg: 356 1877.0 12.370786516853933
dp: 370 1867.0 1.135135135135135
fcfg: 370 1894.0 14.713513513513513
dp: 370 1852.0 1.2135135135135136
fcfg: 370 1893.0 9.894594594594595
dp: 350 1871.0 1.1542857142857144
fcfg: 350 1871.0 9.98
dp: 376 1866.0 1.5212765957446808
fcfg: 376 1877.0 23.324468085106382
dp: 406 1854.0 2.416256157635468
fcfg: 406 1879.0 22.711822660098523
dp: 393 1871.0 1.5826972010178118
fcfg: 393 1883.0 10.063613231552162
dp: 381 1872.0 1.4146981627296589
fcfg: 381 1899.0 10.359580052493438
dp: 377 1873.0 1.3342175066312998
fcfg: 377 1897.0 9.73474801061008
dp: 416 1875.0 4.0985576923076925
fcfg: 416 1939.0 29.177884615384617
dp: 356 1857.0 1.0168539325842696
fcfg: 356 1873.0 7.547752808988764
dp: 322 1860.0 1.0776397515527951
fcfg: 322 1860.0 4.838509316770186
dp: 381 1874.0 1.094488188976378
fcfg: 381 1920.0 13.233595800524935
dp: 371 1860.0 2.188679245283019
fcfg: 371 1869.0 15.355795148247978
dp: 388 1859.0 2.1881443298969074
fcfg: 388 1870.0 16.8659793814433
dp: 350 1850.0 0.58
fcfg: 350 1859.0 5.322857142857143
dp: 365 1861.0 1.1178082191780823
fcfg: 365 1873.0 7.153424657534247
dp: 352 1867.0 0.7642045454545454
fcfg: 352 1897.0 10.71875
dp: 342 1866.0 0.8070175438596491
fcfg: 342 1866.0 6.739766081871345
dp: 361 1859.0 1.5013850415512466
fcfg: 361 1859.0 9.614958448753463
dp: 372 1843.0 0.8198924731182796
fcfg: 372 1869.0 7.174731182795699
dp: 368 1861.0 1.1548913043478262
fcfg: 368 1907.0 6.269021739130435
dp: 404 1853.0 1.2896039603960396
fcfg: 404 1911.0 21.34158415841584
dp: 377 1862.0 1.2281167108753315
fcfg: 377 1897.0 11.76392572944297
dp: 367 1863.0 2.455040871934605
fcfg: 367 1870.0 18.490463215258856
dp: 389 1851.0 1.7583547557840618
fcfg: 389 1873.0 13.231362467866324
dp: 367 1858.0 1.3623978201634876
fcfg: 367 1867.0 13.659400544959128
dp: 375 1866.0 1.3226666666666667
fcfg: 375 1878.0 9.122666666666667
dp: 356 1858.0 0.7387640449438202
fcfg: 356 1864.0 6.342696629213483
dp: 368 1866.0 0.9347826086956522
fcfg: 368 1889.0 11.084239130434783
dp: 397 1858.0 1.7758186397984888
fcfg: 397 1867.0 31.919395465994963
dp: 393 1866.0 1.806615776081425
fcfg: 393 1930.0 19.552162849872772
dp: 360 1862.0 0.7277777777777777
fcfg: 360 1894.0 9.766666666666667
dp: 360 1867.0 1.2972222222222223
fcfg: 360 1886.0 9.966666666666667
dp: 389 1868.0 1.3187660668380463
fcfg: 389 1910.0 13.760925449871465
dp: 388 1866.0 1.347938144329897
fcfg: 388 1948.0 23.265463917525775
dp: 375 1865.0 1.6293333333333333
fcfg: 375 1885.0 18.197333333333333
dp: 352 1868.0 0.7585227272727273
fcfg: 352 1880.0 11.528409090909092
dp: 387 1870.0 1.3488372093023255
fcfg: 387 1931.0 10.89922480620155
dp: 401 1851.0 3.0224438902743143
fcfg: 401 1858.0 40.077306733167084
dp: 362 1864.0 1.1685082872928176
fcfg: 362 1868.0 10.972375690607734
dp: 374 1863.0 1.0160427807486632
fcfg: 374 1903.0 11.919786096256685
dp: 370 1866.0 1.3108108108108107
fcfg: 370 1883.0 13.502702702702702
dp: 380 1866.0 1.5447368421052632
fcfg: 380 1915.0 10.378947368421052
dp: 362 1862.0 1.7513812154696133
fcfg: 362 1882.0 17.11878453038674
dp: 394 1858.0 3.296954314720812
fcfg: 394 1907.0 32.05329949238579
dp: 356 1853.0 1.050561797752809
fcfg: 356 1906.0 11.76123595505618
dp: 380 1866.0 1.9526315789473685
fcfg: 380 1873.0 14.421052631578947
dp: 363 1850.0 1.4490358126721763
fcfg: 363 1910.0 16.12947658402204
dp: 391 1865.0 2.5089514066496164
fcfg: 391 1871.0 29.892583120204602
dp: 360 1863.0 0.7833333333333333
fcfg: 360 1876.0 8.022222222222222
dp: 362 1862.0 0.7292817679558011
fcfg: 362 1864.0 5.0
dp: 353 1867.0 0.6118980169971672
fcfg: 353 1896.0 9.725212464589235
dp: 373 1857.0 1.3458445040214477
fcfg: 373 1892.0 9.447721179624665
dp: 350 1869.0 1.58
fcfg: 350 1873.0 14.411428571428571
dp: 339 1866.0 1.536873156342183
fcfg: 339 1867.0 9.932153392330383
dp: 362 1869.0 1.0138121546961325
fcfg: 362 1890.0 7.848066298342541
dp: 394 1876.0 2.302030456852792
fcfg: 394 1955.0 23.949238578680202
dp: 379 1870.0 1.6860158311345645
fcfg: 379 1948.0 18.80211081794195
dp: 378 1871.0 1.0343915343915344
fcfg: 378 1897.0 7.087301587301587
dp: 377 1869.0 1.9257294429708223
fcfg: 377 1959.0 21.193633952254643
dp: 371 1864.0 1.0377358490566038
fcfg: 371 1879.0 6.482479784366577
dp: 354 1868.0 1.192090395480226
fcfg: 354 1868.0 12.045197740112995
dp: 369 1849.0 1.2086720867208671
fcfg: 369 1849.0 8.192411924119241
dp: 380 1868.0 1.0842105263157895
fcfg: 380 1882.0 16.4
dp: 408 1858.0 4.125
fcfg: 408 1936.0 29.816176470588236
dp: 396 1864.0 1.5782828282828283
fcfg: 396 1901.0 13.70959595959596
dp: 336 1863.0 0.39285714285714285
fcfg: 336 1870.0 4.199404761904762
dp: 386 1868.0 2.5155440414507773
fcfg: 386 1887.0 18.60621761658031
dp: 358 1865.0 1.0
fcfg: 358 1917.0 7.312849162011173
dp: 387 1857.0 1.3359173126614987
fcfg: 387 1917.0 11.48062015503876
dp: 357 1858.0 1.319327731092437
fcfg: 357 1858.0 14.680672268907562
dp: 409 1879.0 1.2420537897310513
fcfg: 409 1992.0 22.921760391198045
dp: 378 1868.0 1.5846560846560847
fcfg: 378 1913.0 16.253968253968253
dp: 387 1894.0 1.8837209302325582
fcfg: 387 1935.0 11.434108527131784
dp: 421 1859.0 2.619952494061758
fcfg: 421 2015.0 40.211401425178146
dp: 357 1870.0 1.0056022408963585
fcfg: 357 1874.0 5.633053221288516
dp: 375 1871.0 1.9786666666666666
fcfg: 375 1899.0 14.8
dp: 355 1865.0 1.3690140845070422
fcfg: 355 1869.0 10.780281690140844
dp: 408 1867.0 3.5784313725490198
fcfg: 408 1979.0 37.036764705882355
dp: 368 1879.0 1.763586956521739
fcfg: 368 1893.0 19.453804347826086
dp: 372 1850.0 1.14247311827957
fcfg: 372 1913.0 16.5752688172043
dp: 349 1862.0 0.839541547277937
fcfg: 349 1892.0 7.43839541547278
dp: 377 1866.0 1.3952254641909814
fcfg: 377 1866.0 8.774535809018568
dp: 356 1868.0 1.5252808988764044
fcfg: 356 1872.0 14.884831460674157
dp: 360 1867.0 1.6777777777777778
fcfg: 360 1879.0 28.575
dp: 373 1864.0 0.517426273458445
fcfg: 373 1890.0 7.442359249329758
dp: 380 1866.0 2.018421052631579
fcfg: 380 1873.0 17.597368421052632
dp: 373 1850.0 1.549597855227882
fcfg: 373 1863.0 9.308310991957105
dp: 343 1859.0 1.793002915451895
fcfg: 343 1890.0 10.346938775510203
dp: 376 1864.0 2.377659574468085
fcfg: 376 1958.0 21.10372340425532
dp: 353 1862.0 0.7422096317280453
fcfg: 353 1866.0 8.810198300283286
dp: 391 1863.0 1.5524296675191815
fcfg: 391 1869.0 24.695652173913043
dp: 379 1865.0 1.3773087071240107
fcfg: 379 1880.0 16.96833773087071
dp: 407 1867.0 2.800982800982801
fcfg: 407 1899.0 24.82063882063882
dp: 356 1847.0 1.6685393258426966
fcfg: 356 1889.0 11.356741573033707
dp: 373 1862.0 1.0857908847184987
fcfg: 373 1956.0 18.482573726541556
dp: 405 1853.0 2.9308641975308642
fcfg: 405 1936.0 24.619753086419752
dp: 374 1851.0 1.3235294117647058
fcfg: 374 1873.0 8.393048128342246
dp: 390 1862.0 1.441025641025641
fcfg: 390 1940.0 17.76153846153846
dp: 384 1862.0 2.0390625
fcfg: 384 1919.0 20.177083333333332
dp: 374 1859.0 2.0240641711229945
fcfg: 374 1861.0 10.743315508021391
dp: 372 1859.0 1.64247311827957
fcfg: 372 1944.0 14.852150537634408
dp: 389 1862.0 1.7017994858611825
fcfg: 389 1895.0 10.83547557840617
dp: 402 1859.0 2.455223880597015
fcfg: 402 1902.0 29.402985074626866
dp: 349 1859.0 1.1117478510028653
fcfg: 349 1859.0 7.358166189111748
dp: 371 1878.0 1.5660377358490567
fcfg: 371 1916.0 10.366576819407008
dp: 400 1853.0 2.86
fcfg: 400 1856.0 25.44
dp: 369 1859.0 0.6585365853658537
fcfg: 369 1911.0 13.100271002710027
dp: 396 1857.0 3.457070707070707
fcfg: 396 1860.0 20.03030303030303
dp: 371 1856.0 1.0781671159029649
fcfg: 371 1882.0 7.070080862533692
dp: 325 1866.0 0.5353846153846153
fcfg: 325 1880.0 3.9907692307692306
dp: 402 1860.0 1.4303482587064678
fcfg: 402 1879.0 7.843283582089552
dp: 362 1858.0 1.292817679558011
fcfg: 362 1879.0 18.743093922651934
dp: 376 1871.0 1.3457446808510638
fcfg: 376 1886.0 15.25
dp: 365 1856.0 1.0383561643835617
fcfg: 365 1877.0 15.04109589041096
dp: 382 1862.0 1.1858638743455496
fcfg: 382 1862.0 16.850785340314136
dp: 356 1870.0 1.0224719101123596
fcfg: 356 1922.0 6.306179775280899
dp: 375 1862.0 1.0693333333333332
fcfg: 375 1880.0 12.386666666666667
dp: 389 1864.0 1.0796915167095116
fcfg: 389 1927.0 16.52185089974293
dp: 372 1866.0 1.7741935483870968
fcfg: 372 1870.0 13.516129032258064
dp: 354 1869.0 0.6779661016949152
fcfg: 354 1872.0 5.556497175141243
dp: 384 1857.0 1.4947916666666667
fcfg: 384 1898.0 18.3515625
dp: 380 1861.0 1.9473684210526316
fcfg: 380 1946.0 17.1
dp: 400 1868.0 1.8725
fcfg: 400 1895.0 10.7875
dp: 395 1861.0 1.6658227848101266
fcfg: 395 1879.0 16.739240506329114
dp: 377 1868.0 1.9496021220159152
fcfg: 377 1875.0 16.148541114058354
dp: 358 1866.0 1.2681564245810055
fcfg: 358 1890.0 10.240223463687151
dp: 398 1868.0 2.7613065326633164
fcfg: 398 1954.0 37.527638190954775
dp: 368 1856.0 0.9266304347826086
fcfg: 368 1856.0 6.836956521739131
dp: 340 1858.0 0.8823529411764706
fcfg: 340 1882.0 4.358823529411764
dp: 381 1866.0 1.031496062992126
fcfg: 381 1900.0 9.514435695538058
dp: 385 1875.0 1.3194805194805195
fcfg: 385 1916.0 18.23896103896104
dp: 391 1846.0 0.8849104859335039
fcfg: 391 1859.0 14.895140664961637
dp: 373 1857.0 1.158176943699732
fcfg: 373 1893.0 11.35656836461126
dp: 383 1866.0 1.8903394255874673
fcfg: 383 1896.0 12.52219321148825
dp: 384 1855.0 0.6484375
fcfg: 384 1884.0 13.140625
dp: 356 1865.0 0.9129213483146067
fcfg: 356 1877.0 6.525280898876405
dp: 392 1856.0 1.4285714285714286
fcfg: 392 1909.0 17.178571428571427
dp: 343 1856.0 0.5335276967930029
fcfg: 343 1886.0 11.848396501457726
dp: 377 1867.0 1.0079575596816976
fcfg: 377 1880.0 11.225464190981432
dp: 388 1850.0 1.8556701030927836
fcfg: 388 1922.0 21.74742268041237
dp: 378 1862.0 1.3174603174603174
fcfg: 378 1905.0 12.39153439153439
dp: 405 1849.0 2.8518518518518516
fcfg: 405 1899.0 21.28641975308642
dp: 398 1849.0 2.3944723618090453
fcfg: 398 1915.0 18.743718592964825
dp: 370 1866.0 0.7027027027027027
fcfg: 370 1893.0 9.981081081081081
dp: 361 1885.0 0.9362880886426593
fcfg: 361 1927.0 10.523545706371191
dp: 377 1870.0 0.6843501326259946
fcfg: 377 1895.0 6.954907161803714
dp: 365 1852.0 1.4575342465753425
fcfg: 365 1852.0 8.610958904109589
dp: 367 1860.0 1.2016348773841963
fcfg: 367 1901.0 7.64850136239782
dp: 353 1864.0 0.8356940509915014
fcfg: 353 1870.0 10.26912181303116
dp: 372 1871.0 1.4005376344086022
fcfg: 372 1888.0 16.338709677419356
dp: 390 1869.0 1.3025641025641026
fcfg: 390 1877.0 10.728205128205127
dp: 363 1857.0 1.234159779614325
fcfg: 363 1901.0 10.49862258953168
dp: 359 1868.0 1.3565459610027855
fcfg: 359 1894.0 6.247910863509749
dp: 354 1853.0 1.6977401129943503
fcfg: 354 1853.0 8.570621468926554
dp: 370 1864.0 1.2567567567567568
fcfg: 370 1892.0 13.756756756756756
dp: 387 1859.0 1.6925064599483204
fcfg: 387 1942.0 30.958656330749353
dp: 337 1864.0 0.7210682492581603
fcfg: 337 1883.0 11.083086053412464
dp: 377 1887.0 1.0026525198938991
fcfg: 377 1895.0 9.36870026525199
dp: 357 1859.0 1.2633053221288515
fcfg: 357 1859.0 7.714285714285714
dp: 374 1852.0 1.411764705882353
fcfg: 374 1852.0 23.21390374331551
dp: 360 1862.0 1.4472222222222222
fcfg: 360 1920.0 10.016666666666667
dp: 376 1864.0 1.273936170212766
fcfg: 376 1896.0 9.981382978723405
dp: 363 1851.0 2.4545454545454546
fcfg: 363 1911.0 14.082644628099173
dp: 365 1842.0 1.273972602739726
fcfg: 365 1857.0 8.23013698630137
dp: 350 1858.0 0.7257142857142858
fcfg: 350 1858.0 5.234285714285714
dp: 374 1862.0 1.4010695187165776
fcfg: 374 1862.0 17.82620320855615
dp: 356 1856.0 1.353932584269663
fcfg: 356 1860.0 13.682584269662922
dp: 348 1863.0 1.8275862068965518
fcfg: 348 1876.0 11.020114942528735
dp: 379 1847.0 2.6068601583113455
fcfg: 379 1853.0 19.989445910290236
dp: 345 1865.0 1.153623188405797
fcfg: 345 1882.0 7.057971014492754
dp: 379 1871.0 1.9868073878627968
fcfg: 379 1895.0 21.58047493403694
dp: 361 1865.0 1.113573407202216
fcfg: 361 1867.0 8.861495844875346
dp: 372 1861.0 1.3118279569892473
fcfg: 372 1896.0 10.083333333333334
dp: 356 1859.0 1.5702247191011236
fcfg: 356 1876.0 11.573033707865168
dp: 373 1855.0 1.6997319034852547
fcfg: 373 1878.0 14.013404825737265
dp: 400 1852.0 3.1475
fcfg: 400 1950.0 28.085
dp: 383 1865.0 2.563968668407311
fcfg: 383 1941.0 27.140992167101828
dp: 394 1853.0 1.9746192893401016
fcfg: 394 1857.0 15.687817258883248
dp: 372 1837.0 1.586021505376344
fcfg: 372 1837.0 10.505376344086022
dp: 371 1858.0 1.5606469002695418
fcfg: 371 1908.0 14.878706199460916
dp: 369 1865.0 1.8238482384823849
fcfg: 369 1883.0 10.94308943089431
dp: 367 1858.0 1.779291553133515
fcfg: 367 1865.0 16.885558583106267
dp: 374 1864.0 1.1898395721925135
fcfg: 374 1864.0 10.446524064171124
dp: 403 1858.0 1.6749379652605458
fcfg: 403 1903.0 15.334987593052109
dp: 376 1875.0 0.7952127659574468
fcfg: 376 1884.0 8.73936170212766
dp: 362 1860.0 0.8287292817679558
fcfg: 362 1862.0 8.875690607734807
dp: 379 1860.0 1.4670184696569921
fcfg: 379 1900.0 17.688654353562004
dp: 380 1869.0 1.4578947368421054
fcfg: 380 1977.0 16.24736842105263
dp: 359 1852.0 1.1476323119777159
fcfg: 359 1856.0 15.147632311977716
dp: 355 1871.0 1.2056338028169014
fcfg: 355 1879.0 11.430985915492958
dp: 366 1868.0 1.1284153005464481
fcfg: 366 1878.0 11.008196721311476
dp: 371 1853.0 0.9353099730458221
fcfg: 371 1853.0 14.115902964959568
dp: 370 1859.0 1.5675675675675675
fcfg: 370 1868.0 14.586486486486486
dp: 366 1868.0 1.6202185792349726
fcfg: 366 1895.0 13.390710382513662
dp: 347 1860.0 1.181556195965418
fcfg: 347 1860.0 13.198847262247838
dp: 361 1862.0 0.8227146814404432
fcfg: 361 1885.0 7.022160664819944
dp: 386 1890.0 2.0
fcfg: 386 1912.0 21.137305699481864
dp: 347 1858.0 1.414985590778098
fcfg: 347 1864.0 6.198847262247838
dp: 371 1849.0 1.3908355795148248
fcfg: 371 1873.0 12.493261455525607
dp: 376 1861.0 1.2420212765957446
fcfg: 376 1900.0 13.252659574468085
dp: 374 1857.0 1.7085561497326203
fcfg: 374 1876.0 25.240641711229948
dp: 400 1868.0 1.5225
fcfg: 400 1907.0 16.5025
dp: 343 1860.0 1.2740524781341107
fcfg: 343 1875.0 6.026239067055394
dp: 373 1856.0 1.581769436997319
fcfg: 373 1862.0 20.804289544235925
dp: 385 1866.0 1.625974025974026
fcfg: 385 1901.0 13.519480519480519
dp: 353 1870.0 0.5382436260623229
fcfg: 353 1871.0 6.847025495750708
dp: 393 1870.0 1.811704834605598
fcfg: 393 1877.0 14.936386768447838
dp: 366 1855.0 0.9180327868852459
fcfg: 366 1875.0 14.609289617486338
dp: 366 1859.0 0.912568306010929
fcfg: 366 1866.0 9.707650273224044
dp: 365 1864.0 0.8602739726027397
fcfg: 365 1866.0 10.334246575342465
dp: 367 1878.0 1.1280653950953679
fcfg: 367 1905.0 9.520435967302452
dp: 382 1868.0 1.638743455497382
fcfg: 382 1889.0 17.706806282722514
dp: 337 1842.0 0.6765578635014837
fcfg: 337 1842.0 4.584569732937686
dp: 397 1862.0 1.7405541561712847
fcfg: 397 1927.0 33.141057934508815
dp: 357 1863.0 0.865546218487395
fcfg: 357 1881.0 7.568627450980392
dp: 382 1867.0 1.0392670157068062
fcfg: 382 1867.0 11.858638743455497
dp: 377 1856.0 1.9840848806366047
fcfg: 377 1887.0 13.172413793103448
dp: 386 1875.0 1.7279792746113989
fcfg: 386 1961.0 22.45336787564767
dp: 365 1855.0 1.2821917808219179
fcfg: 365 1857.0 7.531506849315068
dp: 359 1859.0 0.8440111420612814
fcfg: 359 1882.0 6.559888579387187
dp: 389 1860.0 2.082262210796915
fcfg: 389 1896.0 24.426735218509
dp: 371 1852.0 1.7654986522911051
fcfg: 371 1881.0 17.253369272237197
dp: 373 1872.0 0.9061662198391421
fcfg: 373 1883.0 7.576407506702413
dp: 381 1867.0 1.8713910761154855
fcfg: 381 1871.0 21.921259842519685
dp: 392 1848.0 1.8979591836734695
fcfg: 392 1938.0 28.247448979591837
dp: 366 1862.0 1.0765027322404372
fcfg: 366 1895.0 11.46174863387978
dp: 393 1854.0 1.8549618320610688
fcfg: 393 1901.0 19.389312977099237
dp: 368 1857.0 1.3396739130434783
fcfg: 368 1903.0 12.67663043478261
dp: 407 1861.0 1.5847665847665848
fcfg: 407 1943.0 39.32432432432432
dp: 371 1852.0 1.2830188679245282
fcfg: 371 1892.0 13.60377358490566
dp: 399 1862.0 1.9774436090225564
fcfg: 399 1904.0 18.854636591478698
dp: 391 1861.0 2.6163682864450126
fcfg: 391 1886.0 19.066496163682864
dp: 369 1861.0 1.5989159891598916
fcfg: 369 1901.0 12.346883468834688
dp: 393 1855.0 1.6055979643765903
fcfg: 393 1908.0 20.959287531806616
dp: 388 1864.0 2.1262886597938144
fcfg: 388 1878.0 19.739690721649485
dp: 356 1859.0 2.1797752808988764
fcfg: 356 1871.0 13.289325842696629
dp: 337 1861.0 0.6913946587537092
fcfg: 337 1870.0 5.415430267062314
dp: 388 1863.0 1.9974226804123711
fcfg: 388 1877.0 14.448453608247423
dp: 369 1856.0 0.7073170731707317
fcfg: 369 1866.0 8.121951219512194
dp: 384 1865.0 1.4973958333333333
fcfg: 384 1900.0 18.8046875
dp: 360 1860.0 1.6666666666666667
fcfg: 360 1944.0 19.619444444444444
dp: 388 1864.0 1.5025773195876289
fcfg: 388 1866.0 11.804123711340207
dp: 376 1859.0 2.127659574468085
fcfg: 376 1878.0 21.502659574468087
dp: 379 1870.0 1.3324538258575198
fcfg: 379 1895.0 18.311345646437996
dp: 372 1860.0 1.0053763440860215
fcfg: 372 1894.0 17.333333333333332
dp: 379 1876.0 2.496042216358839
fcfg: 379 1888.0 18.614775725593667
dp: 365 1871.0 0.8986301369863013
fcfg: 365 1913.0 7.361643835616438
dp: 383 1866.0 1.720626631853786
fcfg: 383 1894.0 10.127937336814622
dp: 417 1855.0 3.645083932853717
fcfg: 417 1929.0 42.97362110311751
dp: 382 1869.0 2.054973821989529
fcfg: 382 1933.0 22.227748691099478
dp: 377 1868.0 1.0291777188328912
fcfg: 377 1887.0 6.69761273209549
dp: 368 1860.0 0.8315217391304348
fcfg: 368 1888.0 6.9728260869565215
dp: 377 1871.0 1.4190981432360743
fcfg: 377 1948.0 10.941644562334217
dp: 378 1870.0 1.439153439153439
fcfg: 378 1879.0 16.044973544973544
dp: 355 1847.0 1.0507042253521126
fcfg: 355 1878.0 8.216901408450704
dp: 372 1858.0 1.3333333333333333
fcfg: 372 1880.0 8.92741935483871
dp: 394 1857.0 1.6979695431472082
fcfg: 394 1940.0 17.614213197969544
dp: 392 1860.0 1.6198979591836735
fcfg: 392 1909.0 13.946428571428571
dp: 386 1888.0 1.9455958549222798
fcfg: 386 1937.0 12.821243523316062
dp: 353 1861.0 1.3172804532577904
fcfg: 353 1868.0 15.186968838526912
dp: 350 1863.0 0.9428571428571428
fcfg: 350 1863.0 5.445714285714286
dp: 363 1857.0 1.1074380165289257
fcfg: 363 1862.0 13.661157024793388
dp: 371 1864.0 0.9649595687331537
fcfg: 371 1879.0 10.722371967654986
dp: 393 1855.0 1.7506361323155217
fcfg: 393 1888.0 29.63613231552163
dp: 366 1868.0 1.3633879781420766
fcfg: 366 1920.0 17.18032786885246
dp: 377 1867.0 1.5649867374005304
fcfg: 377 1872.0 8.381962864721485
dp: 366 1864.0 1.144808743169399
fcfg: 366 1895.0 16.07650273224044
dp: 381 1882.0 1.8241469816272966
fcfg: 381 1912.0 11.89763779527559
dp: 374 1861.0 1.1336898395721926
fcfg: 374 1903.0 9.272727272727273
dp: 394 1862.0 1.3350253807106598
fcfg: 394 1915.0 13.728426395939087
dp: 370 1855.0 1.4135135135135135
fcfg: 370 1856.0 8.786486486486487
dp: 403 1855.0 3.2580645161290325
fcfg: 403 1895.0 29.71712158808933
dp: 363 1857.0 1.2231404958677685
fcfg: 363 1869.0 15.256198347107437
dp: 374 1863.0 2.125668449197861
fcfg: 374 1917.0 24.40374331550802
dp: 378 1863.0 1.2195767195767195
fcfg: 378 1898.0 11.24074074074074
dp: 358 1858.0 1.106145251396648
fcfg: 358 1858.0 7.960893854748603
dp: 356 1846.0 1.9213483146067416
fcfg: 356 1853.0 14.23876404494382
dp: 387 1859.0 1.7002583979328165
fcfg: 387 1951.0 20.204134366925064
dp: 383 1870.0 1.1592689295039165
fcfg: 383 1891.0 14.078328981723237
dp: 373 1859.0 0.8552278820375335
fcfg: 373 1873.0 10.973190348525469
dp: 395 1877.0 2.050632911392405
fcfg: 395 1934.0 19.131645569620254
dp: 372 1864.0 0.760752688172043
fcfg: 372 1899.0 8.233870967741936
dp: 361 1866.0 1.005540166204986
fcfg: 361 1905.0 11.836565096952908
dp: 384 1859.0 1.5442708333333333
fcfg: 384 1873.0 11.497395833333334
dp: 402 1854.0 2.9527363184079602
fcfg: 402 1928.0 26.074626865671643
dp: 378 1858.0 2.2936507936507935
fcfg: 378 1890.0 20.46031746031746
dp: 352 1869.0 0.8039772727272727
fcfg: 352 1911.0 5.5085227272727275
dp: 389 1864.0 0.9974293059125964
fcfg: 389 1893.0 10.951156812339331
dp: 369 1862.0 1.113821138211382
fcfg: 369 1874.0 7.322493224932249
dp: 366 1848.0 2.1530054644808745
fcfg: 366 1940.0 14.12295081967213
dp: 406 1857.0 2.2610837438423643
fcfg: 406 1920.0 23.123152709359605
dp: 393 1860.0 2.0025445292620865
fcfg: 393 1893.0 15.06615776081425
dp: 381 1868.0 1.847769028871391
fcfg: 381 1884.0 21.5748031496063
dp: 374 1864.0 1.1711229946524064
fcfg: 374 1890.0 17.002673796791445
dp: 401 1865.0 1.6733167082294265
fcfg: 401 1907.0 15.780548628428928
dp: 386 1892.0 2.655440414507772
fcfg: 386 1954.0 15.924870466321243
dp: 369 1863.0 0.45257452574525747
fcfg: 369 1876.0 7.642276422764228
dp: 359 1857.0 1.0306406685236769
fcfg: 359 1887.0 12.364902506963789
dp: 355 1842.0 1.0535211267605633
fcfg: 355 1843.0 13.611267605633802
dp: 347 1853.0 1.4639769452449567
fcfg: 347 1871.0 5.561959654178675
dp: 379 1867.0 1.7810026385224274
fcfg: 379 1946.0 14.047493403693931
dp: 373 1863.0 1.0991957104557641
fcfg: 373 1874.0 10.487935656836461
dp: 354 1869.0 1.2372881355932204
fcfg: 354 1897.0 7.067796610169491
dp: 343 1877.0 1.1370262390670554
fcfg: 343 1915.0 11.384839650145773
dp: 394 1868.0 1.1269035532994924
fcfg: 394 1878.0 12.040609137055837
dp: 358 1877.0 1.223463687150838
fcfg: 358 1910.0 7.5195530726256985
dp: 392 1877.0 1.4464285714285714
fcfg: 392 1941.0 11.77295918367347
dp: 401 1848.0 2.5835411471321694
fcfg: 401 1908.0 19.236907730673316
dp: 378 1869.0 1.3306878306878307
fcfg: 378 1930.0 20.33862433862434
dp: 362 1857.0 1.2348066298342542
fcfg: 362 1868.0 12.113259668508288
dp: 364 1852.0 1.445054945054945
fcfg: 364 1852.0 19.945054945054945
dp: 369 1869.0 1.3631436314363143
fcfg: 369 1876.0 8.086720867208673
dp: 406 1870.0 1.4064039408866995
fcfg: 406 1894.0 23.70689655172414
dp: 348 1865.0 0.25287356321839083
fcfg: 348 1865.0 3.9166666666666665
dp: 361 1832.0 1.2326869806094183
fcfg: 361 1842.0 8.512465373961218
dp: 400 1856.0 1.6725
fcfg: 400 1910.0 27.285
dp: 394 1857.0 1.2258883248730965
fcfg: 394 1883.0 10.197969543147208
dp: 406 1872.0 1.3645320197044335
fcfg: 406 1906.0 13.179802955665025
dp: 322 1862.0 0.4503105590062112
fcfg: 322 1869.0 3.8354037267080745
dp: 376 1867.0 1.5797872340425532
fcfg: 376 1884.0 19.5531914893617
dp: 385 1850.0 1.6883116883116882
fcfg: 385 1891.0 17.228571428571428
dp: 372 1859.0 1.1370967741935485
fcfg: 372 1921.0 11.64516129032258
dp: 364 1852.0 0.9313186813186813
fcfg: 364 1870.0 8.112637362637363
dp: 358 1849.0 0.7932960893854749
fcfg: 358 1850.0 10.30167597765363
dp: 387 1875.0 1.3565891472868217
fcfg: 387 1907.0 11.873385012919897
dp: 376 1868.0 1.3058510638297873
fcfg: 376 1868.0 20.704787234042552
dp: 384 1854.0 1.2916666666666667
fcfg: 384 1872.0 10.583333333333334
dp: 399 1865.0 1.8972431077694236
fcfg: 399 1946.0 21.86967418546366
dp: 347 1863.0 0.8530259365994236
fcfg: 347 1867.0 7.881844380403458
dp: 364 1871.0 1.4230769230769231
fcfg: 364 1893.0 10.535714285714286
dp: 381 1870.0 1.2992125984251968
fcfg: 381 1914.0 17.88713910761155
dp: 360 1867.0 1.2805555555555554
fcfg: 360 1886.0 9.186111111111112
dp: 383 1867.0 1.485639686684073
fcfg: 383 1871.0 23.25065274151436
dp: 363 1847.0 0.9614325068870524
fcfg: 363 1911.0 12.641873278236915
dp: 345 1860.0 0.9652173913043478
fcfg: 345 1866.0 4.886956521739131
dp: 369 1855.0 1.7127371273712737
fcfg: 369 1855.0 9.853658536585366
dp: 385 1869.0 2.142857142857143
fcfg: 385 1934.0 21.815584415584414
dp: 383 1860.0 1.0574412532637076
fcfg: 383 1910.0 11.89556135770235
dp: 384 1862.0 1.546875
fcfg: 384 1941.0 22.802083333333332
dp: 398 1882.0 2.301507537688442
fcfg: 398 1930.0 20.545226130653266
dp: 391 1854.0 1.4143222506393862
fcfg: 391 1855.0 24.07161125319693
dp: 380 1865.0 1.5421052631578946
fcfg: 380 1917.0 14.613157894736842
dp: 358 1849.0 0.9720670391061452
fcfg: 358 1867.0 15.108938547486034
dp: 387 1863.0 1.302325581395349
fcfg: 387 1869.0 22.333333333333332
dp: 386 1869.0 1.0207253886010363
fcfg: 386 1877.0 10.870466321243523
dp: 382 1882.0 4.350785340314136
fcfg: 382 1999.0 27.73560209424084
dp: 356 1869.0 1.2106741573033708
fcfg: 356 1872.0 6.519662921348314
dp: 376 1860.0 1.1196808510638299
fcfg: 376 1860.0 7.930851063829787
dp: 358 1864.0 0.6201117318435754
fcfg: 358 1896.0 7.692737430167598
dp: 392 1853.0 1.4260204081632653
fcfg: 392 1858.0 16.31122448979592
dp: 403 1876.0 1.2803970223325063
fcfg: 403 1918.0 9.72952853598015
dp: 367 1863.0 1.125340599455041
fcfg: 367 1865.0 24.220708446866485
dp: 367 1866.0 1.237057220708447
fcfg: 367 1892.0 9.959128065395095
dp: 360 1856.0 0.9388888888888889
fcfg: 360 1861.0 13.225
dp: 377 1886.0 1.2758620689655173
fcfg: 377 1908.0 10.371352785145888
dp: 356 1861.0 0.8061797752808989
fcfg: 356 1898.0 5.522471910112359
dp: 377 1868.0 2.283819628647215
fcfg: 377 1908.0 16.602122015915118
dp: 359 1865.0 0.44846796657381616
fcfg: 359 1875.0 11.09192200557103
dp: 383 1844.0 1.0966057441253263
fcfg: 383 1868.0 15.571801566579634
dp: 396 1871.0 1.5303030303030303
fcfg: 396 1964.0 22.18686868686869
dp: 391 1883.0 2.1432225063938617
fcfg: 391 1919.0 11.785166240409207
dp: 359 1864.0 1.0947075208913648
fcfg: 359 1869.0 6.821727019498607
dp: 361 1849.0 1.371191135734072
fcfg: 361 1878.0 8.994459833795014
dp: 365 1852.0 0.7232876712328767
fcfg: 365 1852.0 11.01095890410959
dp: 351 1864.0 0.7264957264957265
fcfg: 351 1864.0 7.319088319088319
dp: 349 1871.0 0.8796561604584527
fcfg: 349 1871.0 6.4240687679083095
dp: 358 1855.0 0.5363128491620112
fcfg: 358 1884.0 4.388268156424581
dp: 325 1860.0 0.963076923076923
fcfg: 325 1863.0 7.32
dp: 396 1867.0 2.7323232323232323
fcfg: 396 1968.0 26.5
dp: 377 1871.0 2.1962864721485413
fcfg: 377 1910.0 15.039787798408488
dp: 369 1852.0 2.2764227642276422
fcfg: 369 1895.0 14.769647696476964
dp: 364 1862.0 1.9642857142857142
fcfg: 364 1911.0 9.502747252747254
dp: 376 1871.0 1.7393617021276595
fcfg: 376 1889.0 15.425531914893616
dp: 377 1868.0 0.9204244031830239
fcfg: 377 1900.0 7.374005305039788
dp: 390 1858.0 1.5538461538461539
fcfg: 390 1905.0 25.871794871794872
dp: 348 1869.0 1.4626436781609196
fcfg: 348 1869.0 10.229885057471265
dp: 358 1860.0 1.511173184357542
fcfg: 358 1871.0 7.5083798882681565
dp: 414 1872.0 3.717391304347826
fcfg: 414 2036.0 31.26328502415459
dp: 409 1874.0 1.6430317848410758
fcfg: 409 1931.0 16.102689486552567
dp: 353 1856.0 1.0708215297450425
fcfg: 353 1858.0 9.762039660056658
dp: 402 1853.0 3.4203980099502487
fcfg: 402 1914.0 28.20646766169154
dp: 429 1870.0 1.9184149184149184
fcfg: 429 1904.0 34.40792540792541
dp: 345 1866.0 1.8579710144927537
fcfg: 345 1892.0 12.56231884057971
dp: 384 1872.0 1.9427083333333333
fcfg: 384 1927.0 14.7109375
dp: 358 1865.0 0.659217877094972
fcfg: 358 1867.0 7.08659217877095
dp: 358 1865.0 0.6256983240223464
fcfg: 358 1867.0 3.988826815642458
dp: 370 1849.0 1.0810810810810811
fcfg: 370 1866.0 12.81081081081081
dp: 369 1865.0 1.4010840108401084
fcfg: 369 1885.0 7.872628726287263
dp: 353 1865.0 1.660056657223796
fcfg: 353 1865.0 12.572237960339944
dp: 385 1869.0 1.7298701298701298
fcfg: 385 1884.0 10.628571428571428
dp: 379 1868.0 0.6965699208443272
fcfg: 379 1897.0 7.205804749340369
dp: 398 1876.0 2.9045226130653266
fcfg: 398 1967.0 17.5678391959799
dp: 377 1868.0 1.2891246684350133
fcfg: 377 1880.0 17.183023872679044
dp: 392 1860.0 1.3010204081632653
fcfg: 392 1881.0 10.566326530612244
dp: 357 1859.0 1.4257703081232493
fcfg: 357 1887.0 13.481792717086835
dp: 382 1865.0 1.950261780104712
fcfg: 382 1904.0 22.392670157068064
dp: 323 1865.0 0.4086687306501548
fcfg: 323 1865.0 2.0309597523219813
dp: 375 1859.0 1.2666666666666666
fcfg: 375 1863.0 16.298666666666666
dp: 362 1857.0 1.0552486187845305
fcfg: 362 1868.0 11.350828729281767
dp: 382 1863.0 1.8272251308900525
fcfg: 382 1866.0 15.397905759162304
dp: 394 1855.0 1.6827411167512691
fcfg: 394 1859.0 10.527918781725889
dp: 387 1858.0 2.4754521963824287
fcfg: 387 1875.0 27.40826873385013
dp: 373 1854.0 1.8579088471849865
fcfg: 373 1896.0 19.517426273458444
dp: 378 1857.0 2.185185185185185
fcfg: 378 1884.0 13.15079365079365
dp: 385 1855.0 0.9922077922077922
fcfg: 385 1905.0 14.911688311688312
dp: 378 1858.0 2.1481481481481484
fcfg: 378 1884.0 18.264550264550266
dp: 365 1864.0 0.9835616438356164
fcfg: 365 1936.0 12.652054794520549
dp: 386 1861.0 1.9585492227979275
fcfg: 386 1910.0 20.10621761658031
dp: 425 1862.0 3.508235294117647
fcfg: 425 1983.0 29.531764705882352
dp: 379 1863.0 2.058047493403694
fcfg: 379 1863.0 21.110817941952508
dp: 394 1857.0 2.230964467005076
fcfg: 394 1888.0 13.83502538071066
dp: 409 1867.0 1.3667481662591687
fcfg: 409 2019.0 34.19315403422983
dp: 376 1871.0 1.9547872340425532
fcfg: 376 1877.0 16.585106382978722
dp: 351 1862.0 1.754985754985755
fcfg: 351 1868.0 14.977207977207977
dp: 383 1872.0 1.9817232375979112
fcfg: 383 1914.0 17.357702349869452
dp: 376 1869.0 1.4069148936170213
fcfg: 376 1887.0 16.77659574468085
dp: 356 1859.0 1.4550561797752808
fcfg: 356 1893.0 9.926966292134832
dp: 374 1856.0 0.9812834224598931
fcfg: 374 1856.0 8.050802139037433
dp: 360 1867.0 1.5027777777777778
fcfg: 360 1937.0 18.40277777777778
dp: 364 1866.0 1.2252747252747254
fcfg: 364 1885.0 16.82967032967033
dp: 363 1851.0 1.209366391184573
fcfg: 363 1854.0 11.881542699724518
dp: 379 1877.0 0.8601583113456465
fcfg: 379 1891.0 8.145118733509236
dp: 369 1862.0 1.1571815718157181
fcfg: 369 1880.0 9.693766937669377
dp: 364 1860.0 1.5714285714285714
fcfg: 364 1884.0 13.395604395604396
dp: 341 1847.0 0.9120234604105572
fcfg: 341 1867.0 6.850439882697947
dp: 380 1863.0 1.2263157894736842
fcfg: 380 1877.0 8.955263157894738
dp: 366 1849.0 0.9508196721311475
fcfg: 366 1895.0 12.751366120218579
dp: 380 1861.0 1.186842105263158
fcfg: 380 1866.0 9.6
dp: 384 1861.0 1.3515625
fcfg: 384 1878.0 17.213541666666668
dp: 367 1862.0 1.108991825613079
fcfg: 367 1870.0 9.307901907356948
dp: 388 1871.0 3.5412371134020617
fcfg: 388 1935.0 18.440721649484537
dp: 387 1867.0 2.5348837209302326
fcfg: 387 1911.0 16.780361757105943
dp: 359 1856.0 1.3259052924791086
fcfg: 359 1862.0 14.49025069637883
dp: 384 1857.0 1.2864583333333333
fcfg: 384 1967.0 25.2890625
dp: 404 1875.0 1.1732673267326732
fcfg: 404 1954.0 16.07920792079208
dp: 365 1858.0 0.6904109589041096
fcfg: 365 1872.0 9.361643835616439
dp: 354 1848.0 1.6101694915254237
fcfg: 354 1848.0 13.528248587570621
dp: 346 1861.0 1.2947976878612717
fcfg: 346 1861.0 8.95086705202312
dp: 384 1867.0 2.2760416666666665
fcfg: 384 1952.0 15.203125
dp: 385 1858.0 1.4363636363636363
fcfg: 385 1875.0 12.571428571428571
dp: 362 1862.0 1.7375690607734806
fcfg: 362 1863.0 13.027624309392266
dp: 391 1864.0 1.4015345268542199
fcfg: 391 1921.0 13.10997442455243
dp: 365 1873.0 0.7616438356164383
fcfg: 365 1900.0 4.83013698630137
dp: 368 1855.0 1.2228260869565217
fcfg: 368 1855.0 20.47826086956522
dp: 366 1859.0 0.5628415300546448
fcfg: 366 1859.0 5.756830601092896
dp: 344 1859.0 1.25
fcfg: 344 1867.0 7.601744186046512
dp: 351 1852.0 1.5356125356125356
fcfg: 351 1852.0 12.407407407407407
dp: 353 1867.0 0.8895184135977338
fcfg: 353 1892.0 5.872521246458923
dp: 371 1871.0 1.986522911051213
fcfg: 371 1930.0 20.3099730458221
dp: 350 1866.0 1.18
fcfg: 350 1874.0 5.882857142857143
dp: 397 1870.0 2.304785894206549
fcfg: 397 1939.0 20.770780856423173
dp: 394 1856.0 2.203045685279188
fcfg: 394 1866.0 15.314720812182742
dp: 348 1861.0 1.1666666666666667
fcfg: 348 1867.0 6.227011494252873
dp: 381 1867.0 1.6404199475065617
fcfg: 381 1911.0 16.755905511811022
dp: 317 1856.0 0.8296529968454258
fcfg: 317 1878.0 5.2239747634069404
dp: 376 1865.0 1.7207446808510638
fcfg: 376 1865.0 11.417553191489361
dp: 351 1867.0 0.8803418803418803
fcfg: 351 1880.0 7.404558404558404
dp: 383 1861.0 2.4099216710182767
fcfg: 383 1980.0 26.42036553524804
dp: 393 1869.0 1.7964376590330788
fcfg: 393 1896.0 20.35114503816794
dp: 372 1854.0 2.6236559139784945
fcfg: 372 1885.0 21.655913978494624
dp: 361 1859.0 0.5013850415512465
fcfg: 361 1887.0 12.670360110803324
dp: 397 1858.0 2.075566750629723
fcfg: 397 1892.0 22.34005037783375
dp: 359 1865.0 0.8997214484679665
fcfg: 359 1884.0 6.813370473537605
dp: 367 1858.0 0.8474114441416893
fcfg: 367 1885.0 6.871934604904633
dp: 409 1852.0 1.7970660146699267
fcfg: 409 1881.0 28.320293398533007
dp: 379 1861.0 1.6147757255936674
fcfg: 379 1861.0 22.12401055408971
dp: 404 1855.0 1.3762376237623761
fcfg: 404 1889.0 18.623762376237625
dp: 405 1852.0 1.6074074074074074
fcfg: 405 1906.0 19.6
dp: 390 1869.0 2.0641025641025643
fcfg: 390 1916.0 15.148717948717948
dp: 389 1860.0 2.4575835475578405
fcfg: 389 1913.0 30.046272493573266
dp: 400 1855.0 1.6025
fcfg: 400 1921.0 27.1275
dp: 341 1861.0 1.1173020527859236
fcfg: 341 1885.0 7.070381231671554
dp: 342 1868.0 0.5087719298245614
fcfg: 342 1869.0 3.827485380116959
dp: 393 1864.0 1.9618320610687023
fcfg: 393 1881.0 17.64885496183206
dp: 390 1864.0 3.7717948717948717
fcfg: 390 1897.0 30.453846153846154
dp: 359 1871.0 1.5543175487465182
fcfg: 359 1902.0 12.743732590529248
dp: 393 1865.0 1.6463104325699744
fcfg: 393 1926.0 16.83206106870229
dp: 360 1866.0 2.3
fcfg: 360 1866.0 22.052777777777777
dp: 390 1850.0 1.8692307692307693
fcfg: 390 1910.0 13.538461538461538
dp: 346 1870.0 1.0404624277456647
fcfg: 346 1871.0 6.355491329479769
dp: 372 1873.0 1.1021505376344085
fcfg: 372 1894.0 9.408602150537634
dp: 357 1861.0 2.1596638655462184
fcfg: 357 1894.0 18.65546218487395
dp: 381 1872.0 1.1443569553805775
fcfg: 381 1884.0 10.023622047244094
dp: 383 1867.0 2.033942558746736
fcfg: 383 1867.0 13.399477806788513
dp: 384 1874.0 1.0859375
fcfg: 384 1888.0 9.453125
dp: 368 1857.0 1.5380434782608696
fcfg: 368 1882.0 14.366847826086957
dp: 362 1847.0 1.3425414364640884
fcfg: 362 1857.0 7.848066298342541
dp: 376 1865.0 1.6702127659574468
fcfg: 376 1865.0 13.824468085106384
dp: 396 1861.0 2.272727272727273
fcfg: 396 1868.0 26.04040404040404
dp: 370 1861.0 0.745945945945946
fcfg: 370 1962.0 14.02972972972973
dp: 357 1858.0 0.8207282913165266
fcfg: 357 1890.0 11.084033613445378
dp: 347 1855.0 0.7262247838616714
fcfg: 347 1861.0 4.760806916426513
dp: 347 1838.0 1.0835734870317002
fcfg: 347 1840.0 7.818443804034582
dp: 382 1863.0 2.2198952879581153
fcfg: 382 1888.0 19.214659685863875
dp: 380 1849.0 0.7526315789473684
fcfg: 380 1850.0 11.873684210526315
dp: 379 1857.0 1.1846965699208443
fcfg: 379 1875.0 9.461741424802112
dp: 405 1851.0 2.619753086419753
fcfg: 405 1931.0 44.56296296296296
dp: 380 1869.0 2.4368421052631577
fcfg: 380 1880.0 21.931578947368422
dp: 386 1852.0 2.233160621761658
fcfg: 386 1856.0 25.17616580310881
dp: 393 1858.0 1.1272264631043256
fcfg: 393 1898.0 15.702290076335878
dp: 399 1853.0 1.3859649122807018
fcfg: 399 1896.0 12.984962406015038
dp: 363 1860.0 1.1763085399449036
fcfg: 363 1865.0 19.548209366391184
dp: 384 1859.0 1.3359375
fcfg: 384 1859.0 16.682291666666668
dp: 390 1870.0 1.6051282051282052
fcfg: 390 1895.0 16.11025641025641
dp: 387 1869.0 1.392764857881137
fcfg: 387 1883.0 18.27390180878553
dp: 406 1861.0 2.5935960591133007
fcfg: 406 1987.0 30.179802955665025
dp: 378 1865.0 1.2116402116402116
fcfg: 378 1890.0 11.494708994708995
dp: 364 1866.0 1.6373626373626373
fcfg: 364 1900.0 12.596153846153847
dp: 389 1870.0 1.9948586118251928
fcfg: 389 1888.0 25.5706940874036
dp: 404 1856.0 2.4455445544554455
fcfg: 404 1988.0 27.737623762376238
dp: 355 1852.0 1.6309859154929578
fcfg: 355 1854.0 8.214084507042253
dp: 403 1874.0 2.009925558312655
fcfg: 403 1924.0 15.987593052109181
dp: 385 1860.0 1.851948051948052
fcfg: 385 1887.0 21.392207792207792
dp: 398 1854.0 1.6809045226130652
fcfg: 398 1875.0 12.020100502512562
dp: 352 1868.0 0.7215909090909091
fcfg: 352 1868.0 5.7727272727272725
dp: 392 1854.0 2.420918367346939
fcfg: 392 1865.0 30.354591836734695
dp: 362 1860.0 0.6298342541436464
fcfg: 362 1871.0 6.414364640883978
dp: 346 1861.0 1.6676300578034682
fcfg: 346 1903.0 11.473988439306359
dp: 391 1861.0 1.7570332480818414
fcfg: 391 1943.0 25.17391304347826
dp: 351 1869.0 1.0826210826210827
fcfg: 351 1875.0 8.205128205128204
dp: 400 1857.0 1.4825
fcfg: 400 1920.0 16.495
dp: 376 1860.0 2.4388297872340425
fcfg: 376 1874.0 22.65159574468085
dp: 386 1850.0 2.098445595854922
fcfg: 386 1952.0 20.89896373056995
dp: 343 1869.0 1.0
fcfg: 343 1874.0 7.690962099125365
dp: 355 1866.0 0.8028169014084507
fcfg: 355 1872.0 16.169014084507044
dp: 404 1858.0 1.5742574257425743
fcfg: 404 1993.0 28.53960396039604
dp: 394 1862.0 1.7208121827411167
fcfg: 394 1904.0 26.076142131979694
dp: 377 1862.0 1.4721485411140585
fcfg: 377 1904.0 10.050397877984086
dp: 370 1855.0 1.2540540540540541
fcfg: 370 1855.0 7.989189189189189
dp: 380 1869.0 1.2973684210526315
fcfg: 380 1889.0 16.23421052631579
dp: 338 1855.0 0.6597633136094675
fcfg: 338 1871.0 5.180473372781065
dp: 399 1848.0 3.388471177944862
fcfg: 399 1916.0 26.50877192982456
dp: 374 1861.0 2.144385026737968
fcfg: 374 1861.0 14.37433155080214
dp: 385 1860.0 1.4753246753246754
fcfg: 385 1866.0 13.888311688311688
dp: 388 1865.0 0.9845360824742269
fcfg: 388 1894.0 9.518041237113403
dp: 369 1855.0 1.4037940379403795
fcfg: 369 1928.0 12.929539295392955
dp: 349 1854.0 0.9656160458452722
fcfg: 349 1888.0 7.005730659025788
dp: 359 1850.0 0.6657381615598886
fcfg: 359 1850.0 14.852367688022284
dp: 392 1865.0 1.3954081632653061
fcfg: 392 1931.0 26.196428571428573
dp: 373 1864.0 1.648793565683646
fcfg: 373 1893.0 13.343163538873995
dp: 386 1856.0 1.1036269430051813
fcfg: 386 1861.0 18.080310880829014
dp: 380 1879.0 0.7105263157894737
fcfg: 380 1883.0 12.589473684210526
dp: 398 1865.0 0.8693467336683417
fcfg: 398 1898.0 18.449748743718594
dp: 338 1875.0 2.63905325443787
fcfg: 338 1892.0 16.059171597633135
dp: 390 1862.0 1.7230769230769232
fcfg: 390 1892.0 15.45897435897436
dp: 402 1854.0 1.6492537313432836
fcfg: 402 1972.0 29.51741293532338
dp: 396 1854.0 1.3888888888888888
fcfg: 396 1906.0 14.421717171717171
dp: 376 1869.0 1.4680851063829787
fcfg: 376 1916.0 14.207446808510639
dp: 362 1877.0 0.7182320441988951
fcfg: 362 1885.0 8.756906077348066
dp: 353 1857.0 1.2662889518413598
fcfg: 353 1868.0 10.23512747875354
dp: 384 1864.0 0.8359375
fcfg: 384 1904.0 11.403645833333334
dp: 408 1871.0 3.2769607843137254
fcfg: 408 1931.0 35.60294117647059
dp: 342 1861.0 0.8742690058479532
fcfg: 342 1861.0 9.538011695906432
dp: 382 1859.0 3.094240837696335
fcfg: 382 1872.0 30.651832460732983
dp: 352 1864.0 1.2159090909090908
fcfg: 352 1870.0 6.724431818181818
dp: 375 1871.0 1.168
fcfg: 375 1905.0 13.301333333333334
dp: 370 1881.0 1.6162162162162161
fcfg: 370 1928.0 9.159459459459459
dp: 366 1871.0 1.2650273224043715
fcfg: 366 1904.0 14.128415300546449
dp: 387 1876.0 2.4573643410852712
fcfg: 387 1956.0 18.41860465116279
dp: 362 1864.0 0.8342541436464088
fcfg: 362 1869.0 11.861878453038674
dp: 383 1859.0 2.8929503916449084
fcfg: 383 1925.0 23.45691906005222
dp: 366 1864.0 1.9508196721311475
fcfg: 366 1911.0 18.530054644808743
dp: 383 1870.0 0.804177545691906
fcfg: 383 1872.0 14.342036553524805
dp: 386 1862.0 3.422279792746114
fcfg: 386 1895.0 15.981865284974093
dp: 420 1858.0 1.7642857142857142
fcfg: 420 1930.0 21.557142857142857
dp: 363 1873.0 1.7107438016528926
fcfg: 363 1899.0 20.140495867768596
dp: 372 1863.0 1.7338709677419355
fcfg: 372 1891.0 10.868279569892474
dp: 338 1868.0 1.1745562130177514
fcfg: 338 1870.0 6.958579881656805
dp: 372 1858.0 2.7123655913978495
fcfg: 372 1870.0 24.599462365591396
dp: 399 1841.0 3.4285714285714284
fcfg: 399 1895.0 24.06015037593985
dp: 382 1868.0 1.6596858638743455
fcfg: 382 1954.0 26.319371727748692
dp: 345 1857.0 0.9797101449275363
fcfg: 345 1859.0 6.6173913043478265
dp: 396 1843.0 1.1666666666666667
fcfg: 396 1909.0 29.924242424242426
dp: 356 1861.0 1.1573033707865168
fcfg: 356 1874.0 9.589887640449438
dp: 344 1855.0 0.9040697674418605
fcfg: 344 1924.0 11.851744186046512
dp: 349 1862.0 1.0544412607449856
fcfg: 349 1868.0 11.862464183381089
dp: 355 1869.0 1.8507042253521127
fcfg: 355 1890.0 11.335211267605635
dp: 387 1876.0 1.5012919896640826
fcfg: 387 1899.0 12.930232558139535
dp: 417 1865.0 1.184652278177458
fcfg: 417 1909.0 38.02637889688249
dp: 355 1876.0 1.1492957746478873
fcfg: 355 1879.0 13.509859154929577
dp: 357 1873.0 0.7030812324929971
fcfg: 357 1880.0 9.638655462184873
dp: 361 1863.0 0.8337950138504155
fcfg: 361 1886.0 4.800554016620499
dp: 371 1851.0 1.0404312668463611
fcfg: 371 1885.0 11.0
dp: 373 1860.0 0.9544235924932976
fcfg: 373 1873.0 14.083109919571045
dp: 399 1874.0 1.5538847117794485
fcfg: 399 1930.0 11.573934837092732
dp: 390 1865.0 1.8564102564102565
fcfg: 390 1916.0 26.766666666666666
dp: 372 1861.0 1.4086021505376345
fcfg: 372 1910.0 14.849462365591398
dp: 382 1860.0 2.5104712041884816
fcfg: 382 1956.0 22.094240837696336
dp: 363 1861.0 1.7713498622589532
fcfg: 363 1874.0 7.633608815426998
dp: 389 1859.0 1.4987146529562982
fcfg: 389 1878.0 13.958868894601542
dp: 387 1861.0 1.434108527131783
fcfg: 387 1931.0 15.506459948320414
dp: 381 1864.0 2.057742782152231
fcfg: 381 1903.0 13.992125984251969
dp: 360 1861.0 1.913888888888889
fcfg: 360 1914.0 16.761111111111113
dp: 343 1858.0 0.6268221574344023
fcfg: 343 1872.0 4.629737609329446
dp: 343 1853.0 1.1166180758017492
fcfg: 343 1853.0 7.373177842565598
dp: 355 1859.0 0.9549295774647887
fcfg: 355 1882.0 4.552112676056338
dp: 385 1874.0 0.522077922077922
fcfg: 385 1923.0 10.14025974025974
dp: 379 1855.0 1.0316622691292876
fcfg: 379 1877.0 17.37203166226913
dp: 383 1879.0 0.6866840731070496
fcfg: 383 1931.0 12.762402088772847
dp: 387 1852.0 2.1679586563307494
fcfg: 387 1898.0 17.68733850129199
dp: 389 1869.0 1.352185089974293
fcfg: 389 1907.0 14.511568123393316
dp: 376 1872.0 1.547872340425532
fcfg: 376 1872.0 14.566489361702128
dp: 368 1858.0 1.7581521739130435
fcfg: 368 1875.0 8.619565217391305
dp: 398 1849.0 1.849246231155779
fcfg: 398 1921.0 29.09547738693467
dp: 337 1872.0 0.6379821958456974
fcfg: 337 1923.0 8.243323442136498
dp: 372 1866.0 1.3440860215053763
fcfg: 372 1903.0 7.586021505376344
dp: 387 1854.0 1.8604651162790697
fcfg: 387 1873.0 12.155038759689923
dp: 363 1878.0 1.2066115702479339
fcfg: 363 1927.0 13.977961432506888
dp: 374 1874.0 1.1283422459893049
fcfg: 374 1890.0 8.401069518716577
dp: 350 1861.0 0.74
fcfg: 350 1862.0 3.86
dp: 382 1857.0 1.662303664921466
fcfg: 382 1879.0 24.48167539267016
dp: 431 1873.0 4.364269141531323
fcfg: 431 1958.0 30.009280742459396
dp: 350 1866.0 1.2771428571428571
fcfg: 350 1888.0 7.46
dp: 358 1860.0 0.9692737430167597
fcfg: 358 1889.0 6.198324022346369
dp: 399 1861.0 3.007518796992481
fcfg: 399 1917.0 26.779448621553886
dp: 392 1860.0 2.0255102040816326
fcfg: 392 1916.0 22.408163265306122
dp: 369 1857.0 1.151761517615176
fcfg: 369 1870.0 8.861788617886178
dp: 383 1872.0 0.9477806788511749
fcfg: 383 1904.0 9.527415143603132
dp: 359 1847.0 1.4763231197771587
fcfg: 359 1863.0 7.543175487465181
dp: 373 1850.0 0.7265415549597856
fcfg: 373 1877.0 11.53887399463807
dp: 362 1848.0 0.7458563535911602
fcfg: 362 1858.0 9.5
dp: 379 1863.0 2.4274406332453826
fcfg: 379 1874.0 17.79155672823219
dp: 370 1850.0 3.572972972972973
fcfg: 370 1874.0 28.467567567567567
dp: 411 1860.0 1.9367396593673967
fcfg: 411 1901.0 26.36009732360097
dp: 356 1859.0 2.207865168539326
fcfg: 356 1916.0 18.679775280898877
dp: 367 1850.0 2.1525885558583107
fcfg: 367 1856.0 9.168937329700272
dp: 374 1858.0 1.6470588235294117
fcfg: 374 1883.0 10.005347593582888
dp: 371 1852.0 1.1859838274932615
fcfg: 371 1897.0 9.846361185983827
dp: 405 1870.0 2.3925925925925924
fcfg: 405 1961.0 24.6
dp: 371 1858.0 1.4420485175202156
fcfg: 371 1927.0 9.242587601078167
dp: 386 1867.0 1.2020725388601037
fcfg: 386 1890.0 12.155440414507773
dp: 389 1862.0 3.9383033419023135
fcfg: 389 1866.0 34.39331619537275
dp: 394 1860.0 1.7208121827411167
fcfg: 394 1863.0 20.421319796954315
dp: 373 1856.0 0.9463806970509383
fcfg: 373 1856.0 6.198391420911528
dp: 369 1861.0 1.4336043360433603
fcfg: 369 1878.0 12.495934959349594
dp: 346 1856.0 0.5144508670520231
fcfg: 346 1869.0 6.242774566473988
dp: 344 1868.0 0.688953488372093
fcfg: 344 1897.0 6.854651162790698
dp: 330 1861.0 0.5424242424242425
fcfg: 330 1873.0 5.9393939393939394
dp: 397 1858.0 3.27455919395466
fcfg: 397 1867.0 28.259445843828715
dp: 362 1863.0 1.6988950276243093
fcfg: 362 1876.0 9.812154696132596
dp: 350 1870.0 1.2657142857142858
fcfg: 350 1892.0 5.997142857142857
dp: 373 1864.0 0.6621983914209115
fcfg: 373 1866.0 6.029490616621984
dp: 346 1854.0 0.9942196531791907
fcfg: 346 1855.0 10.572254335260116
dp: 408 1869.0 1.2450980392156863
fcfg: 408 1997.0 26.982843137254903
dp: 380 1866.0 1.6763157894736842
fcfg: 380 1887.0 12.531578947368422
dp: 383 1885.0 1.237597911227154
fcfg: 383 1969.0 18.383812010443865
dp: 354 1860.0 2.9717514124293785
fcfg: 354 1888.0 17.887005649717516
dp: 358 1854.0 0.6424581005586593
fcfg: 358 1864.0 8.854748603351956
dp: 383 1865.0 3.3655352480417755
fcfg: 383 1932.0 17.765013054830288
dp: 353 1872.0 0.9518413597733711
fcfg: 353 1887.0 8.082152974504249
dp: 363 1844.0 1.1515151515151516
fcfg: 363 1901.0 12.129476584022038
dp: 376 1865.0 2.122340425531915
fcfg: 376 1865.0 17.20744680851064
dp: 368 1858.0 2.220108695652174
fcfg: 368 1926.0 15.195652173913043
dp: 385 1859.0 1.716883116883117
fcfg: 385 1901.0 15.116883116883116
dp: 384 1872.0 2.4947916666666665
fcfg: 384 2024.0 24.9375
dp: 371 1860.0 2.5202156334231804
fcfg: 371 1911.0 19.39622641509434
dp: 370 1847.0 1.0945945945945945
fcfg: 370 1859.0 8.597297297297297
dp: 380 1866.0 2.1736842105263157
fcfg: 380 1918.0 18.871052631578948
dp: 375 1865.0 1.184
fcfg: 375 1881.0 10.042666666666667
dp: 410 1868.0 2.3268292682926828
fcfg: 410 1914.0 22.58048780487805
dp: 425 1854.0 2.6164705882352943
fcfg: 425 1939.0 27.83529411764706
dp: 380 1849.0 1.7105263157894737
fcfg: 380 1906.0 16.926315789473684
dp: 356 1865.0 1.047752808988764
fcfg: 356 1886.0 10.210674157303371
dp: 377 1869.0 1.16710875331565
fcfg: 377 1898.0 10.63660477453581
dp: 377 1864.0 1.2679045092838197
fcfg: 377 1885.0 13.350132625994695
dp: 383 1863.0 1.485639686684073
fcfg: 383 1901.0 17.18798955613577
dp: 406 1860.0 2.62807881773399
fcfg: 406 1926.0 14.704433497536947
dp: 388 1865.0 1.4871134020618557
fcfg: 388 1873.0 17.25257731958763
dp: 368 1860.0 1.421195652173913
fcfg: 368 1868.0 9.853260869565217
dp: 384 1879.0 0.8697916666666666
fcfg: 384 1906.0 12.356770833333334
dp: 378 1853.0 1.1904761904761905
fcfg: 378 1854.0 11.632275132275133
dp: 356 1861.0 0.6573033707865169
fcfg: 356 1865.0 6.123595505617978
dp: 396 1861.0 2.148989898989899
fcfg: 396 1951.0 24.45959595959596
dp: 352 1876.0 1.8636363636363635
fcfg: 352 1880.0 16.65625
dp: 366 1857.0 1.03551912568306
fcfg: 366 1860.0 6.825136612021858
dp: 353 1869.0 1.1501416430594902
fcfg: 353 1869.0 6.835694050991502
dp: 404 1869.0 2.0767326732673266
fcfg: 404 1983.0 18.747524752475247
dp: 394 1857.0 1.614213197969543
fcfg: 394 1872.0 14.951776649746193
dp: 367 1865.0 0.9863760217983651
fcfg: 367 1876.0 6.0572207084468666
dp: 395 1872.0 1.3265822784810126
fcfg: 395 1881.0 29.134177215189872
