dp: 247 1059.0 2.6437246963562755
fcfg: 247 1058.0 2.88663967611336
dp: 279 1091.0 13.114695340501791
fcfg: 279 1072.0 6.745519713261649
dp: 259 1076.0 5.108108108108108
fcfg: 259 1078.0 5.413127413127413
dp: 308 1083.0 17.4512987012987
fcfg: 308 1097.0 24.574675324675326
dp: 280 1061.0 12.532142857142857
fcfg: 280 1061.0 9.214285714285714
dp: 295 1059.0 16.613559322033897
fcfg: 295 1068.0 15.054237288135592
dp: 317 1096.0 15.107255520504731
fcfg: 317 1141.0 42.51419558359621
dp: 295 1095.0 14.257627118644068
fcfg: 295 1104.0 13.084745762711865
dp: 283 1064.0 16.166077738515902
fcfg: 283 1057.0 11.92226148409894
dp: 252 1080.0 5.984126984126984
fcfg: 252 1080.0 3.873015873015873
dp: 275 1088.0 8.581818181818182
fcfg: 275 1084.0 8.56
dp: 293 1056.0 14.348122866894197
fcfg: 293 1079.0 27.641638225255974
dp: 332 1078.0 21.096385542168676
fcfg: 332 1182.0 48.40060240963855
dp: 283 1059.0 9.477031802120141
fcfg: 283 1064.0 11.102473498233216
dp: 264 1090.0 9.295454545454545
fcfg: 264 1081.0 7.837121212121212
dp: 273 1091.0 8.384615384615385
fcfg: 273 1074.0 6.824175824175824
dp: 299 1074.0 11.882943143812708
fcfg: 299 1094.0 20.384615384615383
dp: 266 1071.0 9.3796992481203
fcfg: 266 1082.0 8.105263157894736
dp: 280 1089.0 11.875
fcfg: 280 1070.0 7.539285714285715
dp: 244 1054.0 4.372950819672131
fcfg: 244 1056.0 6.905737704918033
dp: 277 1088.0 7.299638989169675
fcfg: 277 1092.0 6.67870036101083
dp: 287 1095.0 9.087108013937282
fcfg: 287 1093.0 6.7212543554006965
dp: 299 1094.0 15.678929765886288
fcfg: 299 1125.0 16.036789297658864
dp: 290 1073.0 13.26896551724138
fcfg: 290 1078.0 12.248275862068965
dp: 277 1100.0 13.407942238267148
fcfg: 277 1103.0 7.15884476534296
dp: 275 1098.0 9.930909090909092
fcfg: 275 1108.0 12.654545454545454
dp: 302 1104.0 13.728476821192054
fcfg: 302 1124.0 29.29139072847682
dp: 284 1075.0 13.609154929577464
fcfg: 284 1069.0 12.57394366197183
dp: 292 1092.0 11.808219178082192
fcfg: 292 1079.0 6.184931506849315
dp: 282 1093.0 8.73049645390071
fcfg: 282 1082.0 8.347517730496454
dp: 290 1072.0 11.841379310344827
fcfg: 290 1086.0 20.24137931034483
dp: 290 1115.0 12.89655172413793
fcfg: 290 1139.0 9.672413793103448
dp: 281 1075.0 9.480427046263346
fcfg: 281 1092.0 11.227758007117437
dp: 283 1088.0 7.360424028268551
fcfg: 283 1081.0 6.438162544169611
dp: 285 1072.0 11.670175438596491
fcfg: 285 1072.0 10.936842105263159
dp: 299 1062.0 14.635451505016722
fcfg: 299 1086.0 29.448160535117058
dp: 291 1103.0 10.206185567010309
fcfg: 291 1110.0 10.676975945017182
dp: 288 1097.0 12.48263888888889
fcfg: 288 1112.0 13.45486111111111
dp: 293 1076.0 14.47098976109215
fcfg: 293 1091.0 19.85665529010239
dp: 269 1078.0 8.9182156133829
fcfg: 269 1073.0 6.836431226765799
dp: 271 1078.0 13.535055350553506
fcfg: 271 1074.0 7.033210332103321
dp: 311 1072.0 16.569131832797428
fcfg: 311 1133.0 35.064308681672024
dp: 275 1070.0 8.512727272727274
fcfg: 275 1070.0 3.92
dp: 294 1092.0 11.874149659863946
fcfg: 294 1085.0 11.064625850340136
dp: 293 1085.0 12.180887372013652
fcfg: 293 1080.0 14.276450511945393
dp: 267 1091.0 8.05243445692884
fcfg: 267 1091.0 6.48689138576779
dp: 281 1075.0 8.697508896797153
fcfg: 281 1079.0 8.580071174377224
dp: 289 1117.0 14.83044982698962
fcfg: 289 1113.0 10.965397923875432
dp: 282 1075.0 12.921985815602836
fcfg: 282 1061.0 9.673758865248226
dp: 288 1085.0 10.53125
fcfg: 288 1090.0 16.0
dp: 278 1068.0 10.798561151079136
fcfg: 278 1074.0 8.985611510791367
dp: 286 1094.0 12.76923076923077
fcfg: 286 1100.0 9.216783216783217
dp: 276 1083.0 10.793478260869565
fcfg: 276 1089.0 7.963768115942029
dp: 256 1089.0 10.1484375
fcfg: 256 1083.0 5.5234375
dp: 275 1072.0 7.010909090909091
fcfg: 275 1072.0 6.2727272727272725
dp: 280 1082.0 12.742857142857142
fcfg: 280 1078.0 9.535714285714286
dp: 302 1077.0 9.185430463576159
fcfg: 302 1109.0 12.506622516556291
dp: 273 1106.0 9.153846153846153
fcfg: 273 1103.0 5.586080586080586
dp: 273 1072.0 16.10989010989011
fcfg: 273 1065.0 8.538461538461538
dp: 263 1077.0 9.091254752851711
fcfg: 263 1073.0 4.0456273764258555
dp: 265 1100.0 5.909433962264151
fcfg: 265 1112.0 6.988679245283019
dp: 295 1098.0 14.6
fcfg: 295 1128.0 19.552542372881355
dp: 274 1084.0 6.445255474452555
fcfg: 274 1070.0 2.894160583941606
dp: 268 1073.0 9.791044776119403
fcfg: 268 1077.0 7.619402985074627
dp: 288 1065.0 10.899305555555555
fcfg: 288 1066.0 18.37152777777778
dp: 299 1111.0 15.133779264214047
fcfg: 299 1126.0 12.173913043478262
dp: 277 1092.0 8.097472924187725
fcfg: 277 1102.0 12.007220216606498
dp: 288 1069.0 14.770833333333334
fcfg: 288 1079.0 12.447916666666666
dp: 292 1105.0 12.746575342465754
fcfg: 292 1112.0 7.671232876712328
dp: 277 1088.0 9.07581227436823
fcfg: 277 1084.0 9.454873646209386
dp: 273 1052.0 10.08058608058608
fcfg: 273 1059.0 12.377289377289378
dp: 278 1100.0 11.611510791366907
fcfg: 278 1106.0 6.863309352517986
dp: 272 1068.0 11.492647058823529
fcfg: 272 1070.0 4.797794117647059
dp: 271 1066.0 7.92619926199262
fcfg: 271 1064.0 8.007380073800737
dp: 278 1094.0 15.082733812949641
fcfg: 278 1083.0 9.989208633093526
dp: 264 1103.0 8.204545454545455
fcfg: 264 1092.0 3.984848484848485
dp: 275 1074.0 13.741818181818182
fcfg: 275 1078.0 12.734545454545454
dp: 257 1079.0 4.287937743190661
fcfg: 257 1093.0 4.785992217898833
dp: 287 1071.0 13.337979094076655
fcfg: 287 1081.0 15.763066202090592
dp: 277 1106.0 10.061371841155236
fcfg: 277 1095.0 7.097472924187725
dp: 279 1089.0 14.007168458781361
fcfg: 279 1090.0 22.82437275985663
dp: 293 1066.0 14.399317406143345
fcfg: 293 1074.0 18.436860068259385
dp: 270 1055.0 9.614814814814816
fcfg: 270 1055.0 9.22962962962963
dp: 295 1091.0 15.474576271186441
fcfg: 295 1089.0 14.44406779661017
dp: 257 1073.0 3.1284046692607004
fcfg: 257 1073.0 3.377431906614786
dp: 288 1087.0 10.927083333333334
fcfg: 288 1086.0 11.315972222222221
dp: 276 1078.0 9.289855072463768
fcfg: 276 1084.0 6.670289855072464
dp: 289 1077.0 11.965397923875432
fcfg: 289 1069.0 7.4809688581314875
dp: 290 1083.0 11.644827586206896
fcfg: 290 1071.0 14.910344827586206
dp: 307 1090.0 14.944625407166123
fcfg: 307 1126.0 21.93485342019544
dp: 298 1084.0 16.899328859060404
fcfg: 298 1091.0 20.27181208053691
dp: 282 1052.0 10.851063829787234
fcfg: 282 1052.0 14.078014184397164
dp: 297 1105.0 16.333333333333332
fcfg: 297 1137.0 18.24915824915825
dp: 276 1074.0 11.528985507246377
fcfg: 276 1071.0 8.601449275362318
dp: 266 1080.0 3.1578947368421053
fcfg: 266 1079.0 5.2819548872180455
dp: 291 1097.0 9.436426116838488
fcfg: 291 1088.0 7.972508591065292
dp: 290 1103.0 13.717241379310344
fcfg: 290 1092.0 11.306896551724138
dp: 296 1080.0 10.58108108108108
fcfg: 296 1104.0 12.327702702702704
dp: 289 1086.0 10.463667820069205
fcfg: 289 1105.0 10.640138408304498
dp: 296 1110.0 15.06081081081081
fcfg: 296 1098.0 14.530405405405405
dp: 300 1089.0 16.816666666666666
fcfg: 300 1095.0 16.016666666666666
dp: 277 1057.0 17.252707581227437
fcfg: 277 1057.0 24.72202166064982
dp: 267 1062.0 12.831460674157304
fcfg: 267 1062.0 9.344569288389513
dp: 309 1102.0 19.210355987055017
fcfg: 309 1111.0 17.13915857605178
dp: 290 1116.0 11.741379310344827
fcfg: 290 1144.0 12.486206896551725
dp: 302 1081.0 17.3476821192053
fcfg: 302 1108.0 18.60927152317881
dp: 273 1079.0 11.428571428571429
fcfg: 273 1067.0 7.443223443223443
dp: 290 1087.0 14.193103448275862
fcfg: 290 1091.0 13.520689655172413
dp: 311 1099.0 21.659163987138264
fcfg: 311 1147.0 34.18971061093247
dp: 305 1096.0 19.560655737704916
fcfg: 305 1106.0 21.154098360655738
dp: 287 1110.0 13.494773519163763
fcfg: 287 1110.0 8.693379790940767
dp: 280 1068.0 16.035714285714285
fcfg: 280 1095.0 20.710714285714285
dp: 283 1089.0 11.731448763250883
fcfg: 283 1071.0 10.279151943462898
dp: 282 1087.0 12.205673758865249
fcfg: 282 1068.0 6.078014184397163
dp: 309 1119.0 18.779935275080906
fcfg: 309 1141.0 18.84789644012945
dp: 291 1081.0 13.50171821305842
fcfg: 291 1082.0 12.907216494845361
dp: 250 1090.0 6.28
fcfg: 250 1089.0 3.46
dp: 271 1071.0 14.140221402214022
fcfg: 271 1070.0 9.92250922509225
dp: 289 1082.0 13.359861591695502
fcfg: 289 1072.0 10.463667820069205
dp: 257 1083.0 9.649805447470817
fcfg: 257 1074.0 3.688715953307393
dp: 256 1076.0 9.88671875
fcfg: 256 1076.0 7.22265625
dp: 323 1106.0 23.473684210526315
fcfg: 323 1161.0 33.95665634674923
dp: 291 1094.0 12.0446735395189
fcfg: 291 1090.0 9.79725085910653
dp: 288 1111.0 15.0
fcfg: 288 1095.0 9.097222222222221
dp: 265 1077.0 9.18867924528302
fcfg: 265 1065.0 4.750943396226415
dp: 281 1070.0 11.444839857651246
fcfg: 281 1068.0 12.672597864768683
dp: 315 1102.0 21.24126984126984
fcfg: 315 1146.0 30.606349206349208
dp: 292 1107.0 14.023972602739725
fcfg: 292 1102.0 11.352739726027398
dp: 282 1084.0 15.414893617021276
fcfg: 282 1071.0 15.78014184397163
dp: 281 1082.0 10.530249110320284
fcfg: 281 1069.0 7.049822064056939
dp: 281 1091.0 10.181494661921707
fcfg: 281 1080.0 6.064056939501779
dp: 283 1086.0 10.809187279151944
fcfg: 283 1073.0 5.3568904593639575
dp: 299 1077.0 17.83277591973244
fcfg: 299 1065.0 14.618729096989966
dp: 272 1085.0 10.845588235294118
fcfg: 272 1100.0 9.676470588235293
dp: 300 1095.0 16.69333333333333
fcfg: 300 1092.0 12.81
dp: 294 1108.0 13.5
fcfg: 294 1101.0 8.976190476190476
dp: 313 1099.0 21.635782747603834
fcfg: 313 1161.0 27.36741214057508
dp: 283 1102.0 13.247349823321555
fcfg: 283 1096.0 8.307420494699647
dp: 274 1095.0 11.959854014598541
fcfg: 274 1082.0 7.109489051094891
dp: 294 1105.0 16.098639455782312
fcfg: 294 1128.0 13.795918367346939
dp: 284 1091.0 11.788732394366198
fcfg: 284 1086.0 8.693661971830986
dp: 278 1086.0 11.83453237410072
fcfg: 278 1077.0 6.528776978417266
dp: 274 1105.0 11.85036496350365
fcfg: 274 1095.0 7.386861313868613
dp: 277 1076.0 13.436823104693142
fcfg: 277 1072.0 11.787003610108304
dp: 307 1099.0 20.433224755700326
fcfg: 307 1116.0 22.306188925081432
dp: 280 1086.0 10.878571428571428
fcfg: 280 1084.0 9.321428571428571
dp: 290 1080.0 14.727586206896552
fcfg: 290 1087.0 16.3
dp: 313 1126.0 16.079872204472842
fcfg: 313 1155.0 16.364217252396166
dp: 285 1105.0 15.663157894736843
fcfg: 285 1103.0 6.066666666666666
dp: 263 1108.0 12.015209125475286
fcfg: 263 1081.0 8.144486692015208
dp: 282 1109.0 15.936170212765957
fcfg: 282 1113.0 11.921985815602836
dp: 310 1119.0 19.48709677419355
fcfg: 310 1137.0 20.996774193548386
dp: 277 1075.0 9.342960288808664
fcfg: 277 1070.0 5.469314079422382
dp: 294 1072.0 15.42517006802721
fcfg: 294 1067.0 12.204081632653061
dp: 287 1084.0 13.975609756097562
fcfg: 287 1081.0 9.32752613240418
dp: 273 1100.0 9.516483516483516
fcfg: 273 1103.0 8.091575091575091
dp: 315 1090.0 24.215873015873015
fcfg: 315 1131.0 33.60634920634921
dp: 287 1093.0 10.958188153310104
fcfg: 287 1085.0 8.149825783972126
dp: 274 1096.0 9.510948905109489
fcfg: 274 1080.0 5.810218978102189
dp: 302 1107.0 15.572847682119205
fcfg: 302 1126.0 14.380794701986755
dp: 295 1094.0 17.545762711864406
fcfg: 295 1104.0 15.4
dp: 268 1086.0 12.723880597014926
fcfg: 268 1071.0 3.9402985074626864
dp: 292 1088.0 16.154109589041095
fcfg: 292 1082.0 14.48972602739726
dp: 278 1075.0 10.226618705035971
fcfg: 278 1072.0 6.348920863309353
dp: 274 1070.0 11.040145985401459
fcfg: 274 1062.0 12.379562043795621
dp: 264 1098.0 10.625
fcfg: 264 1069.0 5.159090909090909
dp: 266 1091.0 9.857142857142858
fcfg: 266 1087.0 7.597744360902255
dp: 269 1083.0 9.152416356877323
fcfg: 269 1072.0 7.018587360594796
dp: 287 1111.0 14.557491289198607
fcfg: 287 1093.0 7.031358885017422
dp: 270 1070.0 15.574074074074074
fcfg: 270 1055.0 9.496296296296297
dp: 311 1129.0 19.54662379421222
fcfg: 311 1170.0 23.581993569131832
dp: 267 1083.0 9.98876404494382
fcfg: 267 1063.0 5.352059925093633
dp: 276 1081.0 9.054347826086957
fcfg: 276 1070.0 6.77536231884058
dp: 273 1099.0 14.018315018315018
fcfg: 273 1084.0 6.772893772893773
dp: 265 1090.0 10.864150943396226
fcfg: 265 1080.0 4.8226415094339625
dp: 255 1091.0 7.223529411764706
fcfg: 255 1071.0 3.9058823529411764
dp: 273 1081.0 10.93040293040293
fcfg: 273 1075.0 6.728937728937729
dp: 276 1098.0 11.054347826086957
fcfg: 276 1098.0 9.206521739130435
dp: 269 1105.0 7.260223048327138
fcfg: 269 1100.0 4.312267657992565
dp: 267 1098.0 9.273408239700375
fcfg: 267 1090.0 4.382022471910112
dp: 280 1075.0 12.103571428571428
fcfg: 280 1074.0 7.571428571428571
dp: 269 1086.0 11.784386617100372
fcfg: 269 1075.0 6.620817843866171
dp: 278 1099.0 11.679856115107913
fcfg: 278 1110.0 14.097122302158274
dp: 281 1090.0 10.419928825622776
fcfg: 281 1085.0 5.3736654804270465
dp: 287 1096.0 12.181184668989546
fcfg: 287 1086.0 9.156794425087108
dp: 322 1138.0 25.38198757763975
fcfg: 322 1208.0 32.66459627329193
dp: 257 1078.0 7.303501945525292
fcfg: 257 1078.0 3.377431906614786
dp: 308 1094.0 21.646103896103895
fcfg: 308 1110.0 19.915584415584416
dp: 297 1082.0 18.824915824915823
fcfg: 297 1115.0 21.764309764309765
dp: 290 1108.0 13.931034482758621
fcfg: 290 1099.0 8.258620689655173
dp: 309 1133.0 21.449838187702266
fcfg: 309 1185.0 30.40453074433657
dp: 291 1084.0 16.487972508591064
fcfg: 291 1087.0 13.859106529209622
dp: 304 1073.0 21.11513157894737
fcfg: 304 1107.0 28.799342105263158
dp: 273 1091.0 13.238095238095237
fcfg: 273 1094.0 9.234432234432234
dp: 287 1065.0 15.177700348432056
fcfg: 287 1065.0 13.543554006968641
dp: 283 1085.0 13.31095406360424
fcfg: 283 1082.0 9.621908127208481
dp: 284 1099.0 10.908450704225352
fcfg: 284 1093.0 7.644366197183099
dp: 293 1079.0 13.03754266211604
fcfg: 293 1069.0 15.122866894197951
dp: 282 1081.0 12.73404255319149
fcfg: 282 1075.0 8.950354609929079
dp: 292 1112.0 13.407534246575343
fcfg: 292 1111.0 9.304794520547945
dp: 287 1095.0 12.951219512195122
fcfg: 287 1093.0 7.564459930313589
dp: 264 1065.0 8.856060606060606
fcfg: 264 1062.0 5.6477272727272725
dp: 287 1105.0 15.86411149825784
fcfg: 287 1122.0 12.951219512195122
dp: 274 1062.0 10.843065693430656
fcfg: 274 1060.0 8.208029197080291
dp: 305 1106.0 17.924590163934425
fcfg: 305 1110.0 20.236065573770492
dp: 275 1105.0 10.683636363636364
fcfg: 275 1104.0 7.6872727272727275
dp: 284 1101.0 11.830985915492958
fcfg: 284 1101.0 9.359154929577464
dp: 307 1100.0 23.850162866449512
fcfg: 307 1137.0 31.579804560260587
dp: 270 1094.0 11.351851851851851
fcfg: 270 1092.0 8.385185185185184
dp: 311 1101.0 20.080385852090032
fcfg: 311 1141.0 24.077170418006432
dp: 278 1083.0 12.79136690647482
fcfg: 278 1069.0 5.676258992805756
dp: 268 1072.0 15.283582089552239
fcfg: 268 1080.0 12.313432835820896
dp: 278 1088.0 10.964028776978417
fcfg: 278 1077.0 8.838129496402878
dp: 293 1105.0 12.26962457337884
fcfg: 293 1098.0 8.726962457337883
dp: 271 1101.0 11.409594095940959
fcfg: 271 1076.0 4.03690036900369
dp: 307 1096.0 20.71986970684039
fcfg: 307 1112.0 19.57328990228013
dp: 298 1088.0 21.78187919463087
fcfg: 298 1102.0 30.875838926174495
dp: 276 1090.0 8.090579710144928
fcfg: 276 1088.0 4.449275362318841
dp: 263 1084.0 9.330798479087452
fcfg: 263 1075.0 3.44106463878327
dp: 260 1077.0 7.334615384615384
fcfg: 260 1065.0 3.9846153846153847
dp: 278 1100.0 10.43525179856115
fcfg: 278 1081.0 6.827338129496403
dp: 301 1113.0 16.66112956810631
fcfg: 301 1137.0 15.259136212624584
dp: 278 1076.0 13.33453237410072
fcfg: 278 1076.0 15.56115107913669
dp: 302 1116.0 17.026490066225165
fcfg: 302 1125.0 13.708609271523178
dp: 293 1104.0 10.843003412969283
fcfg: 293 1111.0 9.73037542662116
dp: 284 1105.0 13.095070422535212
fcfg: 284 1101.0 11.123239436619718
dp: 269 1075.0 13.769516728624536
fcfg: 269 1064.0 8.275092936802974
dp: 287 1088.0 18.05574912891986
fcfg: 287 1080.0 16.933797909407666
dp: 303 1103.0 17.419141914191417
fcfg: 303 1132.0 19.699669966996698
dp: 298 1116.0 18.06711409395973
fcfg: 298 1099.0 11.449664429530202
dp: 272 1065.0 10.566176470588236
fcfg: 272 1065.0 7.334558823529412
dp: 303 1104.0 17.858085808580856
fcfg: 303 1104.0 19.26732673267327
dp: 280 1083.0 11.485714285714286
fcfg: 280 1074.0 7.917857142857143
dp: 273 1082.0 13.52014652014652
fcfg: 273 1077.0 9.351648351648352
dp: 285 1092.0 13.080701754385965
fcfg: 285 1081.0 4.4491228070175435
dp: 290 1084.0 14.53103448275862
fcfg: 290 1073.0 8.924137931034483
dp: 272 1076.0 10.257352941176471
fcfg: 272 1079.0 9.757352941176471
dp: 282 1096.0 10.0177304964539
fcfg: 282 1090.0 7.471631205673759
dp: 280 1078.0 11.639285714285714
fcfg: 280 1071.0 6.253571428571429
dp: 305 1078.0 21.79344262295082
fcfg: 305 1092.0 27.4
dp: 281 1076.0 11.284697508896798
fcfg: 281 1074.0 6.658362989323844
dp: 317 1092.0 24.763406940063092
fcfg: 317 1140.0 37.02839116719243
dp: 272 1085.0 9.849264705882353
fcfg: 272 1080.0 7.665441176470588
dp: 281 1083.0 12.583629893238435
fcfg: 281 1076.0 9.583629893238435
dp: 278 1066.0 13.097122302158274
fcfg: 278 1059.0 12.658273381294965
dp: 306 1091.0 17.401960784313726
fcfg: 306 1116.0 21.483660130718953
dp: 306 1107.0 17.50326797385621
fcfg: 306 1142.0 23.647058823529413
dp: 301 1099.0 13.740863787375416
fcfg: 301 1102.0 9.677740863787376
dp: 284 1076.0 13.78169014084507
fcfg: 284 1056.0 10.183098591549296
dp: 303 1131.0 18.43894389438944
fcfg: 303 1135.0 14.029702970297029
dp: 275 1085.0 9.389090909090909
fcfg: 275 1068.0 6.592727272727273
dp: 248 1074.0 7.729838709677419
fcfg: 248 1073.0 5.834677419354839
dp: 300 1099.0 15.606666666666667
fcfg: 300 1109.0 13.733333333333333
dp: 284 1076.0 15.348591549295774
fcfg: 284 1069.0 16.10211267605634
dp: 279 1104.0 13.616487455197133
fcfg: 279 1109.0 11.265232974910393
dp: 267 1099.0 10.179775280898877
fcfg: 267 1090.0 5.426966292134831
dp: 250 1074.0 8.992
fcfg: 250 1072.0 5.2
dp: 275 1082.0 13.276363636363635
fcfg: 275 1074.0 6.705454545454545
dp: 259 1076.0 10.328185328185327
fcfg: 259 1073.0 7.957528957528957
dp: 250 1051.0 6.824
fcfg: 250 1050.0 3.176
dp: 309 1094.0 20.12297734627832
fcfg: 309 1125.0 29.77346278317152
dp: 273 1083.0 11.659340659340659
fcfg: 273 1081.0 6.336996336996337
dp: 266 1082.0 11.150375939849624
fcfg: 266 1081.0 6.567669172932331
dp: 259 1084.0 10.5984555984556
fcfg: 259 1080.0 9.38996138996139
dp: 240 1083.0 6.5625
fcfg: 240 1074.0 2.566666666666667
dp: 279 1099.0 13.121863799283155
fcfg: 279 1072.0 4.204301075268817
dp: 295 1084.0 17.688135593220338
fcfg: 295 1105.0 20.29491525423729
dp: 322 1124.0 30.27639751552795
fcfg: 322 1206.0 45.02173913043478
dp: 316 1100.0 18.955696202531644
fcfg: 316 1123.0 20.205696202531644
dp: 300 1087.0 16.656666666666666
fcfg: 300 1109.0 23.626666666666665
dp: 286 1087.0 13.727272727272727
fcfg: 286 1112.0 12.601398601398602
dp: 270 1097.0 10.91851851851852
fcfg: 270 1076.0 5.381481481481481
dp: 287 1096.0 11.041811846689896
fcfg: 287 1086.0 8.80836236933798
dp: 319 1101.0 23.865203761755485
fcfg: 319 1137.0 21.41692789968652
dp: 308 1125.0 15.801948051948052
fcfg: 308 1155.0 13.782467532467532
dp: 267 1089.0 11.441947565543071
fcfg: 267 1082.0 6.352059925093633
dp: 249 1089.0 7.144578313253012
fcfg: 249 1067.0 2.3694779116465865
dp: 295 1087.0 14.240677966101694
fcfg: 295 1100.0 17.284745762711864
dp: 306 1113.0 19.526143790849673
fcfg: 306 1159.0 23.23202614379085
dp: 275 1093.0 13.447272727272727
fcfg: 275 1079.0 9.007272727272728
dp: 284 1083.0 16.112676056338028
fcfg: 284 1078.0 22.658450704225352
dp: 286 1096.0 13.765734265734265
fcfg: 286 1081.0 7.5174825174825175
dp: 273 1084.0 12.091575091575091
fcfg: 273 1062.0 7.351648351648351
dp: 292 1105.0 16.136986301369863
fcfg: 292 1096.0 19.76027397260274
dp: 239 1088.0 6.451882845188284
fcfg: 239 1079.0 3.4518828451882846
dp: 261 1082.0 7.666666666666667
fcfg: 261 1081.0 4.157088122605364
dp: 293 1109.0 16.25938566552901
fcfg: 293 1129.0 11.77815699658703
dp: 264 1069.0 14.541666666666666
fcfg: 264 1064.0 8.924242424242424
dp: 296 1101.0 16.94256756756757
fcfg: 296 1111.0 13.489864864864865
dp: 322 1112.0 22.62111801242236
fcfg: 322 1167.0 27.58385093167702
dp: 295 1097.0 14.820338983050847
fcfg: 295 1100.0 13.664406779661016
dp: 291 1077.0 13.649484536082474
fcfg: 291 1078.0 13.594501718213058
dp: 275 1112.0 10.014545454545454
fcfg: 275 1107.0 6.152727272727272
dp: 311 1117.0 17.932475884244372
fcfg: 311 1123.0 16.14790996784566
dp: 295 1095.0 18.010169491525424
fcfg: 295 1098.0 16.098305084745764
dp: 267 1077.0 10.352059925093632
fcfg: 267 1072.0 8.756554307116104
dp: 279 1070.0 14.881720430107526
fcfg: 279 1072.0 15.297491039426523
dp: 288 1094.0 11.493055555555555
fcfg: 288 1076.0 7.788194444444445
dp: 297 1083.0 13.929292929292929
fcfg: 297 1089.0 12.114478114478114
dp: 301 1087.0 21.33222591362126
fcfg: 301 1096.0 29.325581395348838
dp: 286 1081.0 18.835664335664337
fcfg: 286 1079.0 14.562937062937063
dp: 284 1103.0 11.683098591549296
fcfg: 284 1090.0 9.577464788732394
dp: 281 1079.0 14.213523131672599
fcfg: 281 1074.0 11.231316725978647
dp: 276 1074.0 11.565217391304348
fcfg: 276 1066.0 7.065217391304348
dp: 278 1097.0 14.29496402877698
fcfg: 278 1085.0 7.219424460431655
dp: 278 1089.0 13.320143884892087
fcfg: 278 1081.0 7.654676258992806
dp: 279 1074.0 14.189964157706093
fcfg: 279 1095.0 14.4336917562724
dp: 281 1092.0 12.526690391459075
fcfg: 281 1083.0 8.551601423487545
dp: 279 1103.0 12.612903225806452
fcfg: 279 1102.0 8.025089605734767
dp: 283 1088.0 12.024734982332156
fcfg: 283 1086.0 7.579505300353357
dp: 286 1102.0 16.251748251748253
fcfg: 286 1089.0 6.814685314685315
dp: 313 1090.0 21.84664536741214
fcfg: 313 1113.0 26.26517571884984
dp: 280 1079.0 12.767857142857142
fcfg: 280 1077.0 7.889285714285714
dp: 275 1092.0 11.487272727272726
fcfg: 275 1090.0 9.098181818181818
dp: 256 1080.0 8.69140625
fcfg: 256 1080.0 4.8828125
dp: 264 1112.0 7.628787878787879
fcfg: 264 1074.0 3.8333333333333335
dp: 314 1118.0 21.503184713375795
fcfg: 314 1172.0 31.585987261146496
dp: 289 1081.0 15.134948096885813
fcfg: 289 1075.0 8.477508650519031
dp: 315 1102.0 19.96825396825397
fcfg: 315 1155.0 36.96825396825397
dp: 286 1095.0 14.118881118881118
fcfg: 286 1087.0 11.391608391608392
dp: 283 1089.0 13.703180212014134
fcfg: 283 1097.0 11.724381625441696
dp: 290 1087.0 15.8
fcfg: 290 1101.0 13.617241379310345
dp: 296 1096.0 14.93918918918919
fcfg: 296 1112.0 13.141891891891891
dp: 272 1100.0 14.029411764705882
fcfg: 272 1094.0 10.036764705882353
dp: 287 1084.0 17.50871080139373
fcfg: 287 1085.0 16.78745644599303
dp: 302 1081.0 16.70198675496689
fcfg: 302 1110.0 23.78476821192053
dp: 318 1101.0 30.342767295597483
fcfg: 318 1157.0 34.22012578616352
dp: 280 1082.0 14.039285714285715
fcfg: 280 1072.0 11.364285714285714
dp: 268 1086.0 12.003731343283581
fcfg: 268 1071.0 4.764925373134329
dp: 311 1104.0 22.141479099678456
fcfg: 311 1099.0 20.443729903536976
dp: 274 1086.0 13.273722627737227
fcfg: 274 1078.0 7.817518248175182
dp: 279 1085.0 11.842293906810037
fcfg: 279 1080.0 8.129032258064516
dp: 299 1089.0 21.096989966555185
fcfg: 299 1097.0 21.334448160535118
dp: 297 1075.0 19.82154882154882
fcfg: 297 1088.0 20.54882154882155
dp: 299 1074.0 19.53846153846154
fcfg: 299 1103.0 25.97324414715719
dp: 276 1101.0 9.293478260869565
fcfg: 276 1092.0 5.510869565217392
dp: 288 1087.0 19.239583333333332
fcfg: 288 1090.0 17.76388888888889
dp: 292 1084.0 15.236301369863014
fcfg: 292 1087.0 12.030821917808218
dp: 282 1085.0 15.27304964539007
fcfg: 282 1085.0 12.407801418439716
dp: 284 1089.0 12.640845070422536
fcfg: 284 1093.0 7.792253521126761
dp: 285 1070.0 13.091228070175438
fcfg: 285 1073.0 11.585964912280701
dp: 279 1093.0 9.46594982078853
fcfg: 279 1079.0 4.537634408602151
dp: 274 1091.0 13.069343065693431
fcfg: 274 1081.0 5.660583941605839
dp: 291 1071.0 18.09278350515464
fcfg: 291 1062.0 27.237113402061855
dp: 281 1112.0 11.871886120996441
fcfg: 281 1095.0 6.398576512455516
dp: 275 1081.0 12.88
fcfg: 275 1079.0 10.007272727272728
dp: 277 1091.0 12.613718411552346
fcfg: 277 1090.0 9.303249097472925
dp: 294 1126.0 18.744897959183675
fcfg: 294 1123.0 10.319727891156463
dp: 287 1120.0 15.721254355400697
fcfg: 287 1113.0 9.533101045296167
dp: 308 1110.0 19.698051948051948
fcfg: 308 1148.0 28.88961038961039
dp: 300 1110.0 20.766666666666666
fcfg: 300 1145.0 20.066666666666666
dp: 276 1098.0 12.032608695652174
fcfg: 276 1082.0 8.807971014492754
dp: 291 1103.0 20.374570446735394
fcfg: 291 1095.0 14.735395189003436
dp: 300 1082.0 17.4
fcfg: 300 1111.0 18.313333333333333
dp: 289 1085.0 15.314878892733564
fcfg: 289 1074.0 7.906574394463668
dp: 297 1093.0 19.016835016835017
fcfg: 297 1107.0 18.13804713804714
dp: 270 1096.0 9.514814814814814
fcfg: 270 1092.0 3.6925925925925926
dp: 270 1071.0 12.533333333333333
fcfg: 270 1061.0 5.54074074074074
dp: 307 1110.0 17.469055374592834
fcfg: 307 1110.0 11.019543973941367
dp: 266 1080.0 11.710526315789474
fcfg: 266 1070.0 5.541353383458647
dp: 298 1071.0 20.36577181208054
fcfg: 298 1094.0 24.16778523489933
dp: 278 1087.0 12.035971223021583
fcfg: 278 1083.0 5.762589928057554
dp: 280 1072.0 13.967857142857143
fcfg: 280 1063.0 12.414285714285715
dp: 277 1079.0 13.418772563176896
fcfg: 277 1088.0 12.31768953068592
dp: 281 1109.0 12.341637010676157
fcfg: 281 1101.0 8.93950177935943
dp: 301 1125.0 17.166112956810633
fcfg: 301 1119.0 10.079734219269103
dp: 279 1096.0 10.455197132616487
fcfg: 279 1093.0 6.311827956989247
dp: 307 1111.0 18.944625407166125
fcfg: 307 1139.0 21.54397394136808
dp: 283 1093.0 13.10600706713781
fcfg: 283 1098.0 9.901060070671377
dp: 278 1088.0 14.298561151079136
fcfg: 278 1083.0 6.482014388489208
dp: 289 1089.0 19.110726643598618
fcfg: 289 1096.0 23.581314878892734
dp: 288 1092.0 14.791666666666666
fcfg: 288 1086.0 13.03125
dp: 300 1102.0 21.263333333333332
fcfg: 300 1127.0 24.383333333333333
dp: 289 1107.0 11.695501730103807
fcfg: 289 1098.0 7.771626297577854
dp: 275 1072.0 12.632727272727273
fcfg: 275 1064.0 7.916363636363636
dp: 289 1098.0 13.183391003460208
fcfg: 289 1098.0 8.930795847750865
dp: 278 1092.0 14.52158273381295
fcfg: 278 1083.0 15.082733812949641
dp: 267 1089.0 10.741573033707866
fcfg: 267 1094.0 8.850187265917603
dp: 310 1077.0 26.483870967741936
fcfg: 310 1125.0 32.14193548387097
dp: 270 1079.0 14.84074074074074
fcfg: 270 1070.0 5.474074074074074
dp: 293 1100.0 13.150170648464163
fcfg: 293 1088.0 11.184300341296929
dp: 295 1086.0 16.328813559322032
fcfg: 295 1078.0 16.166101694915255
dp: 265 1089.0 11.252830188679246
fcfg: 265 1087.0 8.683018867924527
dp: 280 1086.0 12.446428571428571
fcfg: 280 1077.0 8.567857142857143
dp: 279 1091.0 13.978494623655914
fcfg: 279 1079.0 12.476702508960573
dp: 292 1069.0 17.736301369863014
fcfg: 292 1060.0 22.79794520547945
dp: 272 1081.0 13.341911764705882
fcfg: 272 1060.0 6.709558823529412
dp: 287 1109.0 16.749128919860627
fcfg: 287 1106.0 9.655052264808363
dp: 275 1065.0 11.334545454545454
fcfg: 275 1065.0 11.138181818181819
dp: 251 1081.0 6.195219123505976
fcfg: 251 1070.0 4.48207171314741
dp: 298 1083.0 17.684563758389263
fcfg: 298 1097.0 18.385906040268456
dp: 296 1098.0 15.027027027027026
fcfg: 296 1114.0 10.93918918918919
dp: 278 1100.0 14.363309352517986
fcfg: 278 1107.0 14.467625899280575
dp: 283 1086.0 11.307420494699647
fcfg: 283 1078.0 8.07773851590106
dp: 268 1078.0 10.507462686567164
fcfg: 268 1073.0 5.649253731343284
dp: 304 1078.0 22.095394736842106
fcfg: 304 1084.0 25.81578947368421
dp: 311 1093.0 21.578778135048232
fcfg: 311 1122.0 28.344051446945336
dp: 282 1084.0 17.393617021276597
fcfg: 282 1116.0 17.95744680851064
dp: 275 1094.0 11.941818181818181
fcfg: 275 1114.0 11.985454545454546
dp: 270 1092.0 12.07037037037037
fcfg: 270 1082.0 5.640740740740741
dp: 285 1106.0 12.273684210526316
fcfg: 285 1097.0 7.768421052631579
dp: 279 1086.0 10.982078853046595
fcfg: 279 1085.0 10.372759856630825
dp: 321 1113.0 26.67601246105919
fcfg: 321 1152.0 39.781931464174455
dp: 305 1093.0 18.662295081967212
fcfg: 305 1134.0 24.39344262295082
dp: 314 1091.0 23.496815286624205
fcfg: 314 1160.0 41.111464968152866
dp: 279 1079.0 22.903225806451612
fcfg: 279 1127.0 31.229390681003583
dp: 244 1055.0 7.35655737704918
fcfg: 244 1055.0 5.528688524590164
dp: 264 1086.0 11.0
fcfg: 264 1083.0 7.446969696969697
dp: 277 1082.0 11.068592057761732
fcfg: 277 1072.0 8.346570397111913
dp: 266 1090.0 7.879699248120301
fcfg: 266 1071.0 4.097744360902255
dp: 271 1081.0 12.693726937269373
fcfg: 271 1068.0 4.944649446494465
dp: 287 1073.0 18.027874564459932
fcfg: 287 1090.0 14.595818815331011
dp: 276 1093.0 15.326086956521738
fcfg: 276 1090.0 9.028985507246377
dp: 288 1091.0 14.909722222222221
fcfg: 288 1104.0 14.583333333333334
dp: 305 1097.0 18.904918032786885
fcfg: 305 1126.0 20.927868852459017
dp: 296 1086.0 19.56081081081081
fcfg: 296 1128.0 24.10810810810811
dp: 296 1107.0 13.195945945945946
fcfg: 296 1102.0 11.618243243243244
dp: 285 1075.0 14.007017543859648
fcfg: 285 1077.0 11.943859649122807
dp: 288 1106.0 11.79513888888889
fcfg: 288 1106.0 7.958333333333333
dp: 276 1090.0 12.394927536231885
fcfg: 276 1103.0 10.072463768115941
dp: 261 1070.0 6.831417624521073
fcfg: 261 1070.0 2.528735632183908
dp: 287 1069.0 18.56794425087108
fcfg: 287 1069.0 19.069686411149824
dp: 282 1084.0 14.173758865248226
fcfg: 282 1084.0 7.553191489361702
dp: 299 1100.0 15.391304347826088
fcfg: 299 1101.0 11.558528428093645
dp: 310 1093.0 20.296774193548387
fcfg: 310 1138.0 31.293548387096774
dp: 264 1071.0 7.734848484848484
fcfg: 264 1061.0 3.5303030303030303
dp: 276 1097.0 15.007246376811594
fcfg: 276 1080.0 5.282608695652174
dp: 266 1066.0 10.650375939849624
fcfg: 266 1064.0 4.7406015037593985
dp: 268 1045.0 14.264925373134329
fcfg: 268 1045.0 7.242537313432836
dp: 284 1090.0 14.911971830985916
fcfg: 284 1076.0 7.443661971830986
dp: 263 1097.0 7.007604562737643
fcfg: 263 1098.0 4.019011406844107
dp: 271 1089.0 9.749077490774908
fcfg: 271 1080.0 4.239852398523985
dp: 279 1089.0 11.960573476702509
fcfg: 279 1089.0 6.046594982078853
dp: 274 1096.0 10.908759124087592
fcfg: 274 1083.0 7.072992700729927
dp: 279 1076.0 12.32616487455197
fcfg: 279 1067.0 10.279569892473118
dp: 293 1080.0 12.402730375426621
fcfg: 293 1092.0 11.627986348122867
dp: 284 1082.0 10.68661971830986
fcfg: 284 1063.0 6.774647887323944
dp: 285 1116.0 13.105263157894736
fcfg: 285 1121.0 7.182456140350877
dp: 284 1074.0 16.056338028169016
fcfg: 284 1066.0 11.102112676056338
dp: 269 1081.0 9.702602230483272
fcfg: 269 1082.0 6.115241635687732
dp: 278 1088.0 9.550359712230216
fcfg: 278 1094.0 7.712230215827338
dp: 282 1078.0 15.925531914893616
fcfg: 282 1077.0 9.680851063829786
dp: 294 1084.0 20.30952380952381
fcfg: 294 1073.0 20.707482993197278
dp: 282 1094.0 12.73758865248227
fcfg: 282 1100.0 11.797872340425531
dp: 290 1098.0 15.751724137931035
fcfg: 290 1097.0 9.862068965517242
dp: 294 1088.0 17.5
fcfg: 294 1126.0 19.48639455782313
dp: 275 1081.0 14.50909090909091
fcfg: 275 1078.0 10.534545454545455
dp: 268 1081.0 10.42910447761194
fcfg: 268 1079.0 5.425373134328358
dp: 294 1104.0 18.156462585034014
fcfg: 294 1119.0 20.891156462585034
dp: 295 1093.0 21.233898305084747
fcfg: 295 1126.0 24.010169491525424
dp: 270 1099.0 9.72962962962963
fcfg: 270 1100.0 3.6777777777777776
dp: 291 1083.0 18.371134020618555
fcfg: 291 1072.0 22.3573883161512
dp: 278 1062.0 13.715827338129497
fcfg: 278 1058.0 8.276978417266188
dp: 301 1093.0 21.039867109634553
fcfg: 301 1121.0 16.916943521594686
dp: 260 1075.0 8.45
fcfg: 260 1074.0 6.9653846153846155
dp: 272 1091.0 11.625
fcfg: 272 1103.0 10.378676470588236
dp: 273 1109.0 12.659340659340659
fcfg: 273 1091.0 4.794871794871795
dp: 290 1105.0 12.248275862068965
fcfg: 290 1097.0 9.320689655172414
dp: 271 1079.0 10.885608856088561
fcfg: 271 1073.0 8.095940959409594
dp: 302 1107.0 18.026490066225165
fcfg: 302 1143.0 19.43046357615894
dp: 291 1078.0 17.350515463917525
fcfg: 291 1062.0 21.49828178694158
dp: 293 1087.0 16.75085324232082
fcfg: 293 1082.0 13.211604095563139
dp: 275 1078.0 9.501818181818182
fcfg: 275 1074.0 4.985454545454545
dp: 273 1114.0 10.454212454212454
fcfg: 273 1102.0 5.802197802197802
dp: 287 1098.0 13.306620209059233
fcfg: 287 1093.0 8.35191637630662
dp: 296 1085.0 25.12162162162162
fcfg: 296 1082.0 22.12837837837838
dp: 308 1081.0 18.006493506493506
fcfg: 308 1106.0 21.058441558441558
dp: 278 1096.0 10.33453237410072
fcfg: 278 1103.0 9.028776978417266
dp: 243 1069.0 7.460905349794238
fcfg: 243 1063.0 2.4897119341563787
dp: 272 1096.0 13.720588235294118
fcfg: 272 1088.0 3.8970588235294117
dp: 275 1079.0 13.712727272727273
fcfg: 275 1088.0 15.94909090909091
dp: 280 1090.0 15.142857142857142
fcfg: 280 1074.0 11.575
dp: 291 1118.0 12.292096219931272
fcfg: 291 1120.0 5.951890034364261
dp: 290 1097.0 15.024137931034483
fcfg: 290 1091.0 10.331034482758621
dp: 284 1083.0 15.556338028169014
fcfg: 284 1077.0 12.633802816901408
dp: 289 1105.0 16.380622837370243
fcfg: 289 1118.0 13.370242214532873
dp: 325 1130.0 25.353846153846153
fcfg: 325 1194.0 35.57846153846154
dp: 269 1102.0 8.565055762081784
fcfg: 269 1095.0 5.609665427509293
dp: 264 1065.0 13.768939393939394
fcfg: 264 1065.0 9.81439393939394
dp: 302 1087.0 19.072847682119207
fcfg: 302 1090.0 24.274834437086092
dp: 278 1086.0 11.485611510791367
fcfg: 278 1071.0 7.733812949640288
dp: 283 1101.0 13.088339222614842
fcfg: 283 1085.0 6.858657243816254
dp: 279 1083.0 11.225806451612904
fcfg: 279 1082.0 6.96415770609319
dp: 298 1087.0 16.859060402684563
fcfg: 298 1108.0 16.335570469798657
dp: 298 1064.0 22.449664429530202
fcfg: 298 1070.0 24.335570469798657
dp: 300 1068.0 18.23
fcfg: 300 1083.0 22.486666666666668
dp: 287 1100.0 14.209059233449477
fcfg: 287 1107.0 9.801393728222996
dp: 298 1087.0 16.93959731543624
fcfg: 298 1095.0 13.953020134228188
dp: 254 1053.0 9.909448818897637
fcfg: 254 1051.0 7.964566929133858
dp: 284 1132.0 15.235915492957746
fcfg: 284 1146.0 11.154929577464788
dp: 263 1099.0 9.045627376425855
fcfg: 263 1088.0 4.908745247148289
dp: 274 1084.0 9.846715328467154
fcfg: 274 1074.0 5.492700729927007
dp: 281 1089.0 14.434163701067616
fcfg: 281 1082.0 9.441281138790035
dp: 267 1069.0 9.385767790262172
fcfg: 267 1061.0 5.116104868913857
dp: 310 1118.0 17.770967741935483
fcfg: 310 1117.0 12.041935483870967
dp: 278 1076.0 8.989208633093526
fcfg: 278 1064.0 6.086330935251799
dp: 291 1086.0 15.185567010309278
fcfg: 291 1077.0 15.893470790378007
dp: 282 1098.0 14.02836879432624
fcfg: 282 1076.0 9.886524822695035
dp: 277 1090.0 12.711191335740072
fcfg: 277 1089.0 9.581227436823104
dp: 270 1075.0 12.34074074074074
fcfg: 270 1069.0 13.037037037037036
dp: 306 1094.0 17.669934640522875
fcfg: 306 1106.0 23.091503267973856
dp: 273 1079.0 11.293040293040294
fcfg: 273 1068.0 8.146520146520146
dp: 289 1084.0 19.214532871972317
fcfg: 289 1071.0 19.235294117647058
dp: 286 1097.0 14.332167832167832
fcfg: 286 1083.0 13.041958041958042
dp: 312 1096.0 22.721153846153847
fcfg: 312 1153.0 31.19551282051282
dp: 288 1094.0 15.840277777777779
fcfg: 288 1082.0 12.649305555555555
dp: 309 1089.0 20.825242718446603
fcfg: 309 1155.0 34.26860841423948
dp: 348 1168.0 40.67528735632184
fcfg: 348 1168.0 44.87643678160919
dp: 298 1068.0 22.835570469798657
fcfg: 298 1102.0 32.939597315436245
dp: 288 1108.0 13.04861111111111
fcfg: 288 1106.0 8.46875
dp: 260 1080.0 11.330769230769231
fcfg: 260 1071.0 7.3
dp: 295 1090.0 16.454237288135594
fcfg: 295 1128.0 26.11864406779661
dp: 302 1078.0 21.79139072847682
fcfg: 302 1097.0 23.549668874172184
dp: 260 1097.0 8.711538461538462
fcfg: 260 1083.0 3.7
dp: 297 1071.0 17.356902356902356
fcfg: 297 1102.0 22.94276094276094
dp: 271 1073.0 13.6309963099631
fcfg: 271 1071.0 7.959409594095941
dp: 272 1079.0 10.856617647058824
fcfg: 272 1067.0 7.694852941176471
dp: 278 1084.0 11.406474820143885
fcfg: 278 1083.0 9.107913669064748
dp: 291 1084.0 17.054982817869416
fcfg: 291 1099.0 16.1786941580756
dp: 278 1063.0 16.07913669064748
fcfg: 278 1063.0 13.884892086330936
dp: 304 1083.0 23.30921052631579
fcfg: 304 1116.0 29.79605263157895
dp: 250 1079.0 9.352
fcfg: 250 1061.0 4.344
dp: 285 1094.0 14.378947368421052
fcfg: 285 1103.0 13.27017543859649
dp: 300 1111.0 16.223333333333333
fcfg: 300 1119.0 14.023333333333333
dp: 280 1085.0 13.939285714285715
fcfg: 280 1082.0 11.882142857142858
dp: 295 1096.0 19.28813559322034
fcfg: 295 1100.0 12.901694915254238
dp: 261 1098.0 12.164750957854405
fcfg: 261 1083.0 7.432950191570881
dp: 280 1092.0 11.885714285714286
fcfg: 280 1074.0 6.128571428571429
dp: 302 1086.0 18.678807947019866
fcfg: 302 1107.0 19.41390728476821
dp: 276 1071.0 15.405797101449275
fcfg: 276 1071.0 12.619565217391305
dp: 261 1083.0 10.14176245210728
fcfg: 261 1081.0 6.478927203065134
dp: 274 1072.0 14.74087591240876
fcfg: 274 1062.0 14.277372262773723
dp: 274 1075.0 10.693430656934307
fcfg: 274 1066.0 7.04014598540146
dp: 274 1070.0 9.854014598540147
fcfg: 274 1068.0 8.321167883211679
dp: 289 1098.0 12.792387543252595
fcfg: 289 1091.0 6.629757785467128
dp: 295 1108.0 16.166101694915255
fcfg: 295 1107.0 16.322033898305083
dp: 288 1087.0 18.42013888888889
fcfg: 288 1096.0 16.788194444444443
dp: 298 1077.0 17.553691275167786
fcfg: 298 1094.0 16.956375838926174
dp: 266 1060.0 11.518796992481203
fcfg: 266 1060.0 7.804511278195489
dp: 271 1120.0 12.214022140221402
fcfg: 271 1138.0 11.387453874538746
dp: 280 1084.0 11.128571428571428
fcfg: 280 1082.0 8.314285714285715
dp: 280 1069.0 15.92142857142857
fcfg: 280 1062.0 7.421428571428572
dp: 293 1116.0 14.208191126279864
fcfg: 293 1113.0 12.713310580204778
dp: 291 1090.0 15.426116838487973
fcfg: 291 1101.0 15.632302405498281
dp: 258 1082.0 8.108527131782946
fcfg: 258 1082.0 4.348837209302325
dp: 281 1089.0 13.743772241992882
fcfg: 281 1109.0 17.085409252669038
dp: 276 1081.0 14.503623188405797
fcfg: 276 1071.0 7.365942028985507
dp: 297 1108.0 17.61952861952862
fcfg: 297 1136.0 17.087542087542086
dp: 282 1107.0 11.347517730496454
fcfg: 282 1119.0 7.882978723404255
dp: 292 1083.0 14.832191780821917
fcfg: 292 1087.0 12.722602739726028
dp: 276 1091.0 11.108695652173912
fcfg: 276 1088.0 5.811594202898551
dp: 273 1066.0 9.87912087912088
fcfg: 273 1060.0 5.26007326007326
dp: 296 1112.0 17.5777027027027
fcfg: 296 1128.0 12.952702702702704
dp: 281 1094.0 14.153024911032029
fcfg: 281 1099.0 7.5836298932384345
dp: 318 1115.0 23.00314465408805
fcfg: 318 1170.0 32.204402515723274
dp: 274 1084.0 13.05109489051095
fcfg: 274 1077.0 8.379562043795621
dp: 300 1096.0 15.686666666666667
fcfg: 300 1097.0 19.166666666666668
dp: 298 1086.0 19.92953020134228
fcfg: 298 1124.0 30.845637583892618
dp: 284 1080.0 13.327464788732394
fcfg: 284 1074.0 7.193661971830986
dp: 294 1071.0 16.62925170068027
fcfg: 294 1100.0 19.48639455782313
dp: 285 1096.0 11.519298245614035
fcfg: 285 1089.0 9.087719298245615
dp: 296 1090.0 13.93581081081081
fcfg: 296 1090.0 13.93918918918919
dp: 272 1076.0 11.220588235294118
fcfg: 272 1060.0 4.959558823529412
dp: 282 1096.0 12.624113475177305
fcfg: 282 1095.0 9.9822695035461
dp: 278 1082.0 13.241007194244604
fcfg: 278 1084.0 14.161870503597122
dp: 298 1093.0 18.27181208053691
fcfg: 298 1065.0 7.375838926174497
dp: 293 1081.0 15.58703071672355
fcfg: 293 1068.0 14.955631399317406
dp: 280 1080.0 14.071428571428571
fcfg: 280 1065.0 11.503571428571428
dp: 276 1081.0 12.764492753623188
fcfg: 276 1072.0 9.851449275362318
dp: 303 1067.0 18.765676567656765
fcfg: 303 1064.0 21.43894389438944
dp: 287 1115.0 12.522648083623693
fcfg: 287 1127.0 9.895470383275262
dp: 280 1113.0 14.196428571428571
fcfg: 280 1119.0 10.114285714285714
dp: 272 1110.0 13.268382352941176
fcfg: 272 1108.0 8.738970588235293
dp: 296 1077.0 18.91891891891892
fcfg: 296 1078.0 20.29054054054054
dp: 296 1105.0 17.64864864864865
fcfg: 296 1106.0 17.03716216216216
dp: 261 1104.0 9.222222222222221
fcfg: 261 1084.0 4.091954022988506
dp: 278 1112.0 13.111510791366907
fcfg: 278 1093.0 3.827338129496403
dp: 261 1099.0 9.478927203065133
fcfg: 261 1089.0 3.6628352490421454
dp: 269 1089.0 10.717472118959108
fcfg: 269 1080.0 9.79182156133829
dp: 277 1065.0 12.83754512635379
fcfg: 277 1065.0 13.032490974729242
dp: 315 1098.0 37.25079365079365
fcfg: 315 1159.0 55.34285714285714
dp: 295 1122.0 15.871186440677967
fcfg: 295 1119.0 10.538983050847458
dp: 274 1081.0 10.452554744525548
fcfg: 274 1082.0 5.324817518248175
dp: 307 1098.0 21.153094462540718
fcfg: 307 1158.0 25.592833876221498
dp: 288 1108.0 16.260416666666668
fcfg: 288 1122.0 15.965277777777779
dp: 286 1092.0 16.53146853146853
fcfg: 286 1077.0 5.755244755244755
dp: 308 1091.0 21.126623376623378
fcfg: 308 1124.0 26.87987012987013
dp: 284 1092.0 13.559859154929578
fcfg: 284 1086.0 9.306338028169014
dp: 257 1086.0 5.743190661478599
fcfg: 257 1081.0 2.2568093385214008
dp: 281 1078.0 17.430604982206404
fcfg: 281 1073.0 17.04982206405694
dp: 285 1088.0 14.79298245614035
fcfg: 285 1078.0 8.56842105263158
dp: 276 1076.0 9.539855072463768
fcfg: 276 1069.0 7.268115942028985
dp: 261 1090.0 7.812260536398467
fcfg: 261 1080.0 5.521072796934866
dp: 286 1085.0 14.153846153846153
fcfg: 286 1072.0 6.031468531468532
dp: 313 1102.0 20.21405750798722
fcfg: 313 1138.0 29.904153354632587
dp: 286 1069.0 17.3006993006993
fcfg: 286 1095.0 19.297202797202797
dp: 296 1097.0 14.14864864864865
fcfg: 296 1092.0 12.344594594594595
dp: 290 1105.0 15.675862068965516
fcfg: 290 1117.0 14.358620689655172
dp: 278 1082.0 12.899280575539569
fcfg: 278 1073.0 8.316546762589928
dp: 286 1086.0 13.22027972027972
fcfg: 286 1087.0 12.388111888111888
dp: 288 1103.0 12.57986111111111
fcfg: 288 1090.0 10.152777777777779
dp: 312 1103.0 29.403846153846153
fcfg: 312 1146.0 34.717948717948715
dp: 296 1115.0 18.175675675675677
fcfg: 296 1126.0 13.402027027027026
dp: 273 1070.0 13.102564102564102
fcfg: 273 1062.0 10.842490842490843
dp: 302 1110.0 15.294701986754967
fcfg: 302 1102.0 13.341059602649006
dp: 293 1090.0 15.341296928327646
fcfg: 293 1084.0 13.088737201365188
dp: 254 1060.0 10.586614173228346
fcfg: 254 1059.0 3.8149606299212597
dp: 242 1053.0 6.913223140495868
fcfg: 242 1053.0 5.3264462809917354
dp: 269 1063.0 11.576208178438662
fcfg: 269 1055.0 7.5427509293680295
dp: 285 1093.0 15.312280701754386
fcfg: 285 1111.0 12.003508771929825
dp: 276 1093.0 11.78623188405797
fcfg: 276 1090.0 4.365942028985507
dp: 301 1099.0 17.04983388704319
fcfg: 301 1096.0 14.970099667774086
dp: 289 1084.0 15.878892733564014
fcfg: 289 1069.0 19.20069204152249
dp: 287 1093.0 11.268292682926829
fcfg: 287 1077.0 7.829268292682927
dp: 262 1084.0 13.645038167938932
fcfg: 262 1081.0 6.740458015267175
dp: 276 1093.0 10.434782608695652
fcfg: 276 1087.0 7.7101449275362315
dp: 303 1101.0 16.501650165016503
fcfg: 303 1103.0 11.894389438943895
dp: 281 1110.0 12.846975088967971
fcfg: 281 1096.0 6.729537366548043
dp: 294 1091.0 16.527210884353742
fcfg: 294 1089.0 11.870748299319727
dp: 302 1097.0 19.801324503311257
fcfg: 302 1137.0 21.21523178807947
dp: 273 1090.0 11.52014652014652
fcfg: 273 1079.0 5.65934065934066
dp: 275 1093.0 11.007272727272728
fcfg: 275 1102.0 7.963636363636364
dp: 265 1082.0 8.860377358490567
fcfg: 265 1077.0 9.384905660377358
dp: 263 1081.0 10.44486692015209
fcfg: 263 1070.0 5.467680608365019
dp: 269 1083.0 8.66542750929368
fcfg: 269 1072.0 4.260223048327138
dp: 265 1086.0 8.177358490566037
fcfg: 265 1072.0 5.3584905660377355
dp: 291 1098.0 13.776632302405499
fcfg: 291 1087.0 12.065292096219931
dp: 286 1094.0 16.013986013986013
fcfg: 286 1079.0 19.541958041958043
dp: 275 1082.0 12.796363636363637
fcfg: 275 1068.0 9.690909090909091
dp: 282 1078.0 10.432624113475176
fcfg: 282 1076.0 7.634751773049645
dp: 266 1076.0 9.537593984962406
fcfg: 266 1078.0 5.586466165413534
dp: 287 1102.0 14.400696864111499
fcfg: 287 1086.0 8.376306620209059
dp: 287 1073.0 16.32752613240418
fcfg: 287 1094.0 17.4006968641115
dp: 289 1099.0 20.525951557093425
fcfg: 289 1111.0 19.4878892733564
dp: 281 1071.0 12.832740213523131
fcfg: 281 1064.0 9.626334519572953
dp: 307 1071.0 25.63843648208469
fcfg: 307 1101.0 32.21824104234528
dp: 306 1109.0 14.928104575163399
fcfg: 306 1146.0 17.137254901960784
dp: 287 1081.0 15.996515679442508
fcfg: 287 1075.0 9.895470383275262
dp: 306 1092.0 18.323529411764707
fcfg: 306 1132.0 21.297385620915033
dp: 279 1090.0 14.670250896057349
fcfg: 279 1072.0 6.340501792114695
dp: 319 1105.0 20.15987460815047
fcfg: 319 1151.0 22.37617554858934
dp: 289 1072.0 16.06574394463668
fcfg: 289 1063.0 10.245674740484429
dp: 287 1117.0 14.846689895470384
fcfg: 287 1113.0 12.184668989547038
dp: 290 1093.0 13.6
fcfg: 290 1087.0 11.434482758620689
dp: 303 1090.0 15.834983498349835
fcfg: 303 1107.0 15.132013201320133
dp: 295 1112.0 15.596610169491525
fcfg: 295 1116.0 10.122033898305085
dp: 298 1104.0 16.241610738255034
fcfg: 298 1112.0 13.422818791946309
dp: 321 1096.0 29.342679127725855
fcfg: 321 1173.0 40.82554517133956
dp: 327 1121.0 27.36085626911315
fcfg: 327 1176.0 35.85932721712538
dp: 274 1082.0 11.799270072992702
fcfg: 274 1065.0 5.638686131386861
dp: 311 1101.0 17.7524115755627
fcfg: 311 1128.0 20.816720257234728
dp: 304 1109.0 17.38157894736842
fcfg: 304 1128.0 15.756578947368421
dp: 241 1083.0 6.771784232365145
fcfg: 241 1070.0 1.6970954356846473
dp: 300 1081.0 15.166666666666666
fcfg: 300 1097.0 26.316666666666666
dp: 281 1129.0 16.09252669039146
fcfg: 281 1141.0 13.473309608540925
dp: 272 1082.0 14.797794117647058
fcfg: 272 1069.0 8.672794117647058
dp: 280 1098.0 13.278571428571428
fcfg: 280 1089.0 8.010714285714286
dp: 317 1098.0 19.066246056782333
fcfg: 317 1151.0 24.50473186119874
dp: 253 1061.0 7.454545454545454
fcfg: 253 1061.0 2.6403162055335967
dp: 282 1108.0 15.98936170212766
fcfg: 282 1116.0 12.47163120567376
dp: 294 1095.0 16.051020408163264
fcfg: 294 1096.0 12.850340136054422
dp: 259 1065.0 11.231660231660232
fcfg: 259 1058.0 5.181467181467181
dp: 285 1092.0 15.056140350877193
fcfg: 285 1086.0 13.764912280701754
dp: 278 1085.0 13.517985611510792
fcfg: 278 1061.0 6.546762589928058
dp: 282 1108.0 15.397163120567376
fcfg: 282 1099.0 8.170212765957446
dp: 259 1084.0 9.173745173745173
fcfg: 259 1074.0 5.239382239382239
dp: 318 1118.0 22.459119496855347
fcfg: 318 1152.0 28.031446540880502
dp: 293 1095.0 18.109215017064848
fcfg: 293 1081.0 9.64505119453925
dp: 283 1059.0 14.512367491166078
fcfg: 283 1059.0 13.07773851590106
dp: 287 1072.0 13.986062717770034
fcfg: 287 1073.0 13.560975609756097
dp: 315 1114.0 20.193650793650793
fcfg: 315 1152.0 21.31111111111111
dp: 298 1112.0 15.164429530201343
fcfg: 298 1115.0 11.664429530201343
dp: 283 1080.0 13.618374558303888
fcfg: 283 1064.0 9.024734982332156
dp: 303 1087.0 15.429042904290428
fcfg: 303 1106.0 17.933993399339933
dp: 283 1084.0 13.643109540636042
fcfg: 283 1068.0 7.332155477031802
dp: 289 1106.0 16.096885813148788
fcfg: 289 1117.0 10.57439446366782
dp: 306 1090.0 21.84640522875817
fcfg: 306 1086.0 21.84313725490196
dp: 306 1103.0 18.03921568627451
fcfg: 306 1118.0 15.584967320261438
dp: 308 1118.0 22.558441558441558
fcfg: 308 1146.0 19.646103896103895
dp: 310 1112.0 19.864516129032257
fcfg: 310 1175.0 24.70967741935484
dp: 270 1100.0 9.548148148148147
fcfg: 270 1094.0 7.470370370370371
dp: 284 1077.0 14.066901408450704
fcfg: 284 1077.0 12.559859154929578
dp: 288 1087.0 17.71527777777778
fcfg: 288 1099.0 13.336805555555555
dp: 296 1083.0 17.138513513513512
fcfg: 296 1098.0 27.58783783783784
dp: 278 1076.0 11.586330935251798
fcfg: 278 1065.0 6.733812949640288
dp: 294 1105.0 15.224489795918368
fcfg: 294 1092.0 12.125850340136054
dp: 262 1087.0 7.290076335877862
fcfg: 262 1078.0 4.377862595419847
dp: 290 1099.0 12.306896551724138
fcfg: 290 1079.0 5.272413793103448
dp: 310 1091.0 21.97741935483871
fcfg: 310 1134.0 21.09032258064516
dp: 291 1087.0 15.189003436426116
fcfg: 291 1079.0 9.268041237113403
dp: 297 1090.0 20.067340067340066
fcfg: 297 1085.0 12.323232323232324
dp: 288 1093.0 14.208333333333334
fcfg: 288 1092.0 7.951388888888889
dp: 275 1093.0 9.76
fcfg: 275 1082.0 5.887272727272728
dp: 292 1101.0 11.26027397260274
fcfg: 292 1098.0 8.616438356164384
dp: 289 1077.0 21.342560553633216
fcfg: 289 1089.0 20.858131487889274
dp: 289 1106.0 17.505190311418684
fcfg: 289 1099.0 7.83044982698962
dp: 296 1108.0 16.506756756756758
fcfg: 296 1130.0 15.753378378378379
dp: 266 1101.0 9.176691729323307
fcfg: 266 1105.0 7.150375939849624
dp: 282 1078.0 13.695035460992909
fcfg: 282 1085.0 10.039007092198581
dp: 275 1088.0 10.767272727272728
fcfg: 275 1068.0 6.007272727272727
dp: 287 1098.0 15.010452961672474
fcfg: 287 1095.0 7.70383275261324
dp: 299 1081.0 20.137123745819398
fcfg: 299 1125.0 29.13377926421405
dp: 306 1098.0 20.5
fcfg: 306 1157.0 28.562091503267975
dp: 283 1086.0 10.671378091872791
fcfg: 283 1076.0 10.134275618374557
dp: 286 1094.0 17.02097902097902
fcfg: 286 1091.0 12.125874125874127
dp: 302 1104.0 17.649006622516556
fcfg: 302 1130.0 19.2682119205298
dp: 284 1082.0 12.116197183098592
fcfg: 284 1077.0 7.302816901408451
dp: 302 1081.0 21.90066225165563
fcfg: 302 1070.0 15.149006622516556
dp: 282 1071.0 12.24468085106383
fcfg: 282 1070.0 9.453900709219859
dp: 302 1098.0 16.95364238410596
fcfg: 302 1102.0 18.370860927152318
dp: 281 1105.0 8.8932384341637
fcfg: 281 1111.0 7.135231316725979
dp: 266 1070.0 9.19548872180451
fcfg: 266 1070.0 3.5977443609022557
dp: 296 1098.0 18.04054054054054
fcfg: 296 1078.0 20.699324324324323
dp: 303 1101.0 19.31023102310231
fcfg: 303 1106.0 16.006600660066006
dp: 282 1100.0 12.98936170212766
fcfg: 282 1086.0 8.0177304964539
dp: 295 1081.0 18.677966101694917
fcfg: 295 1078.0 33.26779661016949
dp: 299 1112.0 17.163879598662206
fcfg: 299 1125.0 18.648829431438127
dp: 290 1072.0 17.72758620689655
fcfg: 290 1079.0 18.1
dp: 307 1100.0 17.087947882736156
fcfg: 307 1106.0 15.986970684039088
dp: 311 1115.0 17.794212218649516
fcfg: 311 1148.0 16.961414790996784
dp: 275 1087.0 12.96
fcfg: 275 1096.0 12.865454545454545
dp: 292 1086.0 19.03767123287671
fcfg: 292 1070.0 13.993150684931507
dp: 280 1067.0 13.992857142857142
fcfg: 280 1055.0 7.632142857142857
dp: 301 1089.0 15.96345514950166
fcfg: 301 1078.0 11.119601328903654
dp: 310 1106.0 20.425806451612903
fcfg: 310 1139.0 20.335483870967742
dp: 265 1067.0 13.50566037735849
fcfg: 265 1054.0 6.969811320754717
dp: 283 1081.0 10.049469964664311
fcfg: 283 1076.0 9.180212014134275
dp: 282 1089.0 13.914893617021276
fcfg: 282 1100.0 11.436170212765957
dp: 286 1091.0 12.958041958041958
fcfg: 286 1075.0 8.926573426573427
dp: 276 1063.0 12.684782608695652
fcfg: 276 1063.0 7.923913043478261
dp: 307 1095.0 18.775244299674267
fcfg: 307 1125.0 18.58957654723127
dp: 295 1100.0 21.071186440677966
fcfg: 295 1112.0 30.03728813559322
dp: 312 1101.0 26.891025641025642
fcfg: 312 1176.0 41.09935897435897
dp: 294 1110.0 18.39455782312925
fcfg: 294 1153.0 21.156462585034014
dp: 282 1099.0 13.049645390070921
fcfg: 282 1092.0 5.911347517730497
dp: 262 1082.0 10.580152671755725
fcfg: 262 1079.0 11.412213740458014
dp: 274 1083.0 11.879562043795621
fcfg: 274 1070.0 4.631386861313868
dp: 278 1075.0 12.766187050359711
fcfg: 278 1066.0 6.733812949640288
dp: 284 1083.0 15.672535211267606
fcfg: 284 1087.0 11.04225352112676
dp: 269 1061.0 13.12267657992565
fcfg: 269 1060.0 16.49442379182156
dp: 293 1088.0 16.395904436860068
fcfg: 293 1107.0 24.273037542662117
dp: 272 1094.0 10.584558823529411
fcfg: 272 1094.0 6.988970588235294
dp: 287 1087.0 15.170731707317072
fcfg: 287 1081.0 19.916376306620208
dp: 290 1104.0 16.220689655172414
fcfg: 290 1117.0 10.668965517241379
dp: 288 1099.0 14.902777777777779
fcfg: 288 1087.0 12.097222222222221
dp: 253 1064.0 8.861660079051383
fcfg: 253 1064.0 4.126482213438735
dp: 264 1082.0 7.083333333333333
fcfg: 264 1073.0 5.943181818181818
dp: 293 1092.0 15.044368600682594
fcfg: 293 1094.0 17.549488054607508
dp: 262 1084.0 8.110687022900763
fcfg: 262 1074.0 4.583969465648855
dp: 287 1112.0 17.365853658536587
fcfg: 287 1082.0 16.29268292682927
dp: 280 1085.0 11.657142857142857
fcfg: 280 1074.0 6.303571428571429
dp: 258 1090.0 8.790697674418604
fcfg: 258 1085.0 3.054263565891473
dp: 277 1094.0 14.563176895306858
fcfg: 277 1072.0 7.241877256317689
dp: 274 1085.0 10.186131386861314
fcfg: 274 1079.0 6.905109489051095
dp: 287 1103.0 13.526132404181185
fcfg: 287 1101.0 5.0
dp: 257 1101.0 9.151750972762645
fcfg: 257 1096.0 3.568093385214008
dp: 281 1108.0 11.498220640569395
fcfg: 281 1097.0 9.982206405693951
dp: 302 1099.0 16.40066225165563
fcfg: 302 1101.0 15.433774834437086
dp: 241 1083.0 7.439834024896266
fcfg: 241 1072.0 3.6431535269709543
dp: 295 1065.0 15.135593220338983
fcfg: 295 1072.0 16.522033898305086
dp: 307 1082.0 24.964169381107492
fcfg: 307 1131.0 28.762214983713356
dp: 268 1075.0 8.902985074626866
fcfg: 268 1074.0 5.018656716417911
dp: 280 1087.0 11.682142857142857
fcfg: 280 1085.0 8.639285714285714
dp: 292 1106.0 14.705479452054794
fcfg: 292 1106.0 10.513698630136986
dp: 293 1101.0 13.2320819112628
fcfg: 293 1108.0 8.071672354948806
dp: 286 1099.0 15.15034965034965
fcfg: 286 1097.0 10.832167832167832
dp: 271 1066.0 11.317343173431734
fcfg: 271 1065.0 4.273062730627307
dp: 272 1076.0 12.191176470588236
fcfg: 272 1067.0 6.419117647058823
dp: 295 1107.0 13.95593220338983
fcfg: 295 1119.0 12.335593220338984
dp: 277 1093.0 13.76173285198556
fcfg: 277 1087.0 8.155234657039712
dp: 289 1094.0 15.577854671280276
fcfg: 289 1115.0 13.103806228373703
dp: 302 1107.0 16.89072847682119
fcfg: 302 1107.0 12.149006622516556
dp: 312 1116.0 20.108974358974358
fcfg: 312 1155.0 21.01923076923077
dp: 283 1101.0 12.346289752650177
fcfg: 283 1088.0 6.745583038869258
dp: 248 1086.0 9.350806451612904
fcfg: 248 1080.0 9.32258064516129
dp: 266 1059.0 9.81203007518797
fcfg: 266 1052.0 5.330827067669173
dp: 271 1074.0 14.682656826568266
fcfg: 271 1066.0 11.195571955719558
dp: 300 1099.0 17.486666666666668
fcfg: 300 1107.0 11.58
dp: 308 1112.0 18.87987012987013
fcfg: 308 1158.0 24.09090909090909
dp: 287 1108.0 13.02787456445993
fcfg: 287 1102.0 7.299651567944251
dp: 286 1093.0 12.363636363636363
fcfg: 286 1111.0 12.062937062937063
dp: 302 1092.0 19.83112582781457
fcfg: 302 1131.0 24.205298013245034
dp: 294 1081.0 16.03061224489796
fcfg: 294 1087.0 21.122448979591837
dp: 294 1082.0 19.741496598639454
fcfg: 294 1074.0 13.316326530612244
dp: 287 1085.0 13.501742160278745
fcfg: 287 1069.0 6.696864111498257
dp: 325 1136.0 24.046153846153846
fcfg: 325 1193.0 27.22153846153846
dp: 269 1080.0 11.769516728624536
fcfg: 269 1059.0 5.788104089219331
dp: 298 1090.0 15.681208053691275
fcfg: 298 1090.0 13.463087248322148
dp: 261 1084.0 12.68199233716475
fcfg: 261 1076.0 5.632183908045977
dp: 271 1089.0 11.088560885608857
fcfg: 271 1083.0 5.446494464944649
dp: 314 1083.0 21.171974522292995
fcfg: 314 1119.0 36.85668789808917
dp: 277 1085.0 11.216606498194945
fcfg: 277 1066.0 4.877256317689531
dp: 312 1113.0 19.55128205128205
fcfg: 312 1141.0 22.208333333333332
dp: 321 1110.0 22.174454828660437
fcfg: 321 1171.0 32.46417445482866
dp: 288 1104.0 13.381944444444445
fcfg: 288 1096.0 7.489583333333333
dp: 308 1109.0 22.568181818181817
fcfg: 308 1108.0 19.23701298701299
dp: 257 1084.0 9.105058365758754
fcfg: 257 1071.0 4.233463035019455
dp: 277 1091.0 12.07942238267148
fcfg: 277 1095.0 10.007220216606498
dp: 277 1070.0 11.667870036101084
fcfg: 277 1066.0 10.664259927797834
dp: 322 1136.0 27.645962732919255
fcfg: 322 1192.0 37.26086956521739
dp: 269 1078.0 8.308550185873607
fcfg: 269 1067.0 5.4609665427509295
dp: 293 1092.0 17.372013651877133
fcfg: 293 1114.0 19.79863481228669
dp: 303 1093.0 18.693069306930692
fcfg: 303 1090.0 17.495049504950494
dp: 290 1080.0 14.989655172413793
fcfg: 290 1069.0 10.027586206896551
dp: 290 1100.0 11.893103448275863
fcfg: 290 1098.0 9.782758620689656
dp: 283 1091.0 12.385159010600706
fcfg: 283 1086.0 9.480565371024735
dp: 296 1091.0 14.547297297297296
fcfg: 296 1098.0 10.33445945945946
dp: 285 1097.0 21.00701754385965
fcfg: 285 1109.0 11.228070175438596
dp: 292 1127.0 13.5
fcfg: 292 1123.0 8.195205479452055
dp: 286 1084.0 15.881118881118882
fcfg: 286 1072.0 10.776223776223777
dp: 292 1113.0 14.979452054794521
fcfg: 292 1130.0 11.25
dp: 269 1068.0 11.449814126394052
fcfg: 269 1061.0 9.04460966542751
dp: 277 1076.0 12.24187725631769
fcfg: 277 1068.0 6.469314079422382
dp: 274 1100.0 11.372262773722628
fcfg: 274 1086.0 4.945255474452555
dp: 273 1078.0 11.054945054945055
fcfg: 273 1078.0 5.787545787545787
dp: 272 1120.0 9.485294117647058
fcfg: 272 1119.0 7.018382352941177
dp: 302 1104.0 18.05298013245033
fcfg: 302 1117.0 22.87748344370861
dp: 275 1075.0 11.763636363636364
fcfg: 275 1067.0 7.567272727272727
dp: 291 1103.0 12.9553264604811
fcfg: 291 1114.0 10.972508591065292
dp: 276 1084.0 17.39855072463768
fcfg: 276 1102.0 21.108695652173914
dp: 299 1083.0 19.220735785953178
fcfg: 299 1074.0 14.73913043478261
dp: 281 1086.0 14.647686832740213
fcfg: 281 1077.0 10.693950177935942
dp: 303 1092.0 16.70957095709571
fcfg: 303 1114.0 21.99009900990099
dp: 282 1083.0 14.588652482269504
fcfg: 282 1095.0 17.340425531914892
dp: 267 1092.0 18.191011235955056
fcfg: 267 1078.0 11.625468164794007
dp: 296 1091.0 21.375
fcfg: 296 1144.0 23.10810810810811
dp: 273 1081.0 11.945054945054945
fcfg: 273 1068.0 7.054945054945055
dp: 288 1084.0 15.29861111111111
fcfg: 288 1084.0 14.989583333333334
dp: 308 1128.0 18.655844155844157
fcfg: 308 1155.0 16.457792207792206
dp: 291 1085.0 15.11340206185567
fcfg: 291 1075.0 11.986254295532646
dp: 262 1090.0 8.782442748091603
fcfg: 262 1075.0 4.412213740458015
dp: 275 1100.0 9.767272727272728
fcfg: 275 1091.0 5.283636363636363
dp: 276 1102.0 14.58695652173913
fcfg: 276 1091.0 6.423913043478261
dp: 288 1111.0 12.496527777777779
fcfg: 288 1112.0 7.142361111111111
dp: 268 1084.0 11.33955223880597
fcfg: 268 1069.0 5.455223880597015
dp: 281 1091.0 12.690391459074734
fcfg: 281 1094.0 6.822064056939502
dp: 258 1100.0 10.984496124031008
fcfg: 258 1081.0 6.593023255813954
dp: 310 1097.0 17.961290322580645
fcfg: 310 1122.0 25.716129032258063
dp: 298 1083.0 20.201342281879196
fcfg: 298 1119.0 22.338926174496645
dp: 282 1081.0 10.879432624113475
fcfg: 282 1086.0 8.868794326241135
dp: 293 1097.0 12.8839590443686
fcfg: 293 1095.0 8.051194539249147
dp: 280 1087.0 15.728571428571428
fcfg: 280 1074.0 8.82857142857143
dp: 289 1105.0 14.044982698961938
fcfg: 289 1094.0 11.121107266435986
dp: 280 1101.0 12.289285714285715
fcfg: 280 1088.0 7.610714285714286
dp: 277 1085.0 11.555956678700362
fcfg: 277 1074.0 9.054151624548737
dp: 261 1081.0 9.75095785440613
fcfg: 261 1073.0 3.5517241379310347
dp: 254 1095.0 9.106299212598426
fcfg: 254 1071.0 6.9921259842519685
dp: 278 1061.0 14.715827338129497
fcfg: 278 1061.0 12.744604316546763
dp: 280 1087.0 13.782142857142857
fcfg: 280 1067.0 6.764285714285714
dp: 296 1120.0 19.95608108108108
fcfg: 296 1108.0 11.662162162162161
dp: 290 1098.0 18.072413793103447
fcfg: 290 1140.0 21.372413793103448
dp: 307 1085.0 18.651465798045603
fcfg: 307 1114.0 22.270358306188925
dp: 294 1096.0 15.374149659863946
fcfg: 294 1117.0 12.408163265306122
dp: 285 1100.0 12.04561403508772
fcfg: 285 1087.0 12.72280701754386
dp: 316 1098.0 24.82278481012658
fcfg: 316 1139.0 31.531645569620252
dp: 277 1084.0 10.234657039711191
fcfg: 277 1070.0 6.548736462093863
dp: 265 1069.0 9.388679245283019
fcfg: 265 1060.0 2.449056603773585
dp: 295 1098.0 15.288135593220339
fcfg: 295 1095.0 8.277966101694915
dp: 280 1081.0 10.860714285714286
fcfg: 280 1070.0 7.5285714285714285
dp: 289 1076.0 15.269896193771626
fcfg: 289 1076.0 13.43598615916955
dp: 287 1097.0 12.794425087108014
fcfg: 287 1090.0 6.390243902439025
dp: 246 1073.0 8.922764227642276
fcfg: 246 1064.0 4.646341463414634
dp: 293 1082.0 15.569965870307167
fcfg: 293 1086.0 15.675767918088738
dp: 273 1064.0 12.245421245421245
fcfg: 273 1064.0 10.333333333333334
dp: 297 1097.0 15.518518518518519
fcfg: 297 1086.0 10.744107744107744
dp: 314 1086.0 20.162420382165607
fcfg: 314 1128.0 31.073248407643312
dp: 278 1119.0 10.913669064748202
fcfg: 278 1119.0 7.392086330935252
dp: 290 1088.0 14.020689655172413
fcfg: 290 1082.0 11.072413793103449
dp: 316 1118.0 21.503164556962027
fcfg: 316 1142.0 24.870253164556964
dp: 292 1115.0 12.243150684931507
fcfg: 292 1125.0 9.86986301369863
dp: 281 1093.0 10.896797153024911
fcfg: 281 1085.0 7.540925266903915
dp: 320 1109.0 20.10625
fcfg: 320 1140.0 21.53125
dp: 288 1092.0 14.059027777777779
fcfg: 288 1091.0 16.65625
dp: 289 1101.0 14.581314878892734
fcfg: 289 1113.0 12.66089965397924
dp: 268 1058.0 10.126865671641792
fcfg: 268 1058.0 7.4216417910447765
dp: 275 1084.0 11.632727272727273
fcfg: 275 1080.0 9.832727272727272
dp: 285 1104.0 17.989473684210527
fcfg: 285 1095.0 8.968421052631578
dp: 293 1084.0 15.709897610921502
fcfg: 293 1082.0 12.180887372013652
dp: 273 1100.0 10.124542124542124
fcfg: 273 1084.0 6.3003663003663
dp: 272 1103.0 12.863970588235293
fcfg: 272 1114.0 11.805147058823529
dp: 273 1078.0 11.934065934065934
fcfg: 273 1067.0 4.989010989010989
dp: 295 1066.0 16.545762711864406
fcfg: 295 1090.0 25.698305084745762
dp: 272 1088.0 9.716911764705882
fcfg: 272 1080.0 5.661764705882353
dp: 286 1084.0 16.96853146853147
fcfg: 286 1073.0 11.70979020979021
dp: 271 1050.0 15.51660516605166
fcfg: 271 1058.0 13.11070110701107
dp: 293 1112.0 15.569965870307167
fcfg: 293 1120.0 15.430034129692833
dp: 251 1072.0 9.856573705179283
fcfg: 251 1075.0 6.776892430278885
dp: 287 1091.0 12.317073170731707
fcfg: 287 1092.0 6.484320557491289
dp: 266 1089.0 7.139097744360902
fcfg: 266 1075.0 5.022556390977444
dp: 292 1105.0 18.26027397260274
fcfg: 292 1086.0 15.962328767123287
dp: 288 1096.0 15.67361111111111
fcfg: 288 1115.0 13.64236111111111
dp: 318 1101.0 22.452830188679247
fcfg: 318 1161.0 35.034591194968556
dp: 260 1080.0 6.565384615384615
fcfg: 260 1070.0 3.8884615384615384
dp: 317 1113.0 25.160883280757098
fcfg: 317 1148.0 28.107255520504733
dp: 294 1099.0 14.799319727891156
fcfg: 294 1088.0 12.095238095238095
dp: 303 1110.0 16.735973597359735
fcfg: 303 1114.0 12.488448844884488
dp: 260 1104.0 11.061538461538461
fcfg: 260 1084.0 3.5
dp: 268 1067.0 8.223880597014926
fcfg: 268 1067.0 4.205223880597015
dp: 305 1092.0 22.02622950819672
fcfg: 305 1154.0 32.97049180327869
dp: 272 1075.0 11.018382352941176
fcfg: 272 1067.0 7.555147058823529
dp: 280 1086.0 12.503571428571428
fcfg: 280 1078.0 6.535714285714286
dp: 269 1073.0 8.672862453531598
fcfg: 269 1062.0 5.899628252788104
dp: 292 1087.0 19.26027397260274
fcfg: 292 1079.0 23.40753424657534
dp: 275 1060.0 13.0
fcfg: 275 1060.0 10.610909090909091
dp: 285 1118.0 16.750877192982458
fcfg: 285 1121.0 14.235087719298246
dp: 286 1097.0 10.905594405594405
fcfg: 286 1098.0 7.3776223776223775
dp: 323 1103.0 25.857585139318886
fcfg: 323 1176.0 43.4984520123839
dp: 306 1113.0 14.679738562091503
fcfg: 306 1116.0 12.758169934640524
dp: 297 1082.0 16.454545454545453
fcfg: 297 1069.0 14.57912457912458
dp: 287 1088.0 13.40766550522648
fcfg: 287 1072.0 7.7212543554006965
dp: 309 1077.0 25.51779935275081
fcfg: 309 1105.0 42.30744336569579
dp: 295 1097.0 15.728813559322035
fcfg: 295 1107.0 12.498305084745763
dp: 273 1076.0 11.886446886446887
fcfg: 273 1065.0 5.809523809523809
dp: 297 1068.0 22.612794612794612
fcfg: 297 1091.0 24.195286195286194
dp: 286 1094.0 10.814685314685315
fcfg: 286 1085.0 8.888111888111888
dp: 301 1110.0 18.827242524916944
fcfg: 301 1134.0 14.83388704318937
dp: 267 1086.0 9.318352059925093
fcfg: 267 1089.0 7.01498127340824
dp: 276 1105.0 12.105072463768115
fcfg: 276 1102.0 13.221014492753623
dp: 290 1109.0 14.306896551724138
fcfg: 290 1099.0 6.355172413793103
dp: 287 1081.0 14.905923344947736
fcfg: 287 1093.0 10.731707317073171
dp: 276 1076.0 14.909420289855072
fcfg: 276 1071.0 9.141304347826088
dp: 292 1080.0 15.58904109589041
fcfg: 292 1076.0 10.126712328767123
dp: 269 1080.0 10.0817843866171
fcfg: 269 1066.0 4.947955390334572
dp: 289 1105.0 13.813148788927336
fcfg: 289 1103.0 8.747404844290658
dp: 285 1094.0 16.25263157894737
fcfg: 285 1116.0 15.473684210526315
dp: 299 1103.0 18.073578595317727
fcfg: 299 1122.0 20.565217391304348
dp: 292 1106.0 16.743150684931507
fcfg: 292 1106.0 10.431506849315069
dp: 275 1100.0 10.614545454545455
fcfg: 275 1086.0 9.338181818181818
dp: 282 1098.0 12.067375886524824
fcfg: 282 1087.0 7.5177304964539005
dp: 290 1098.0 16.427586206896553
fcfg: 290 1099.0 18.344827586206897
dp: 281 1082.0 11.334519572953736
fcfg: 281 1078.0 6.722419928825623
dp: 269 1077.0 10.944237918215613
fcfg: 269 1060.0 6.271375464684015
dp: 297 1106.0 13.239057239057239
fcfg: 297 1111.0 11.037037037037036
dp: 261 1082.0 7.555555555555555
fcfg: 261 1074.0 2.5593869731800765
dp: 261 1084.0 10.977011494252874
fcfg: 261 1084.0 5.501915708812261
dp: 279 1094.0 10.580645161290322
fcfg: 279 1073.0 5.039426523297491
dp: 258 1103.0 6.616279069767442
fcfg: 258 1089.0 3.8294573643410854
dp: 289 1095.0 15.211072664359861
fcfg: 289 1109.0 10.636678200692042
dp: 271 1074.0 12.217712177121772
fcfg: 271 1060.0 6.583025830258302
dp: 290 1106.0 14.8
fcfg: 290 1118.0 11.5
dp: 295 1085.0 17.85084745762712
fcfg: 295 1082.0 11.715254237288136
dp: 303 1089.0 15.686468646864686
fcfg: 303 1120.0 15.709570957095709
dp: 298 1089.0 19.446308724832214
fcfg: 298 1104.0 21.79194630872483
dp: 318 1104.0 24.150943396226417
fcfg: 318 1174.0 34.76729559748428
dp: 293 1095.0 13.870307167235495
fcfg: 293 1103.0 12.040955631399317
dp: 293 1076.0 17.897610921501705
fcfg: 293 1119.0 19.01023890784983
dp: 249 1069.0 8.168674698795181
fcfg: 249 1063.0 6.293172690763052
dp: 272 1076.0 10.455882352941176
fcfg: 272 1065.0 6.400735294117647
dp: 288 1110.0 17.135416666666668
fcfg: 288 1111.0 12.739583333333334
dp: 285 1103.0 12.891228070175439
fcfg: 285 1094.0 16.45964912280702
dp: 284 1081.0 16.183098591549296
fcfg: 284 1078.0 17.996478873239436
dp: 261 1099.0 8.383141762452107
fcfg: 261 1080.0 4.459770114942529
dp: 282 1091.0 11.73049645390071
fcfg: 282 1082.0 7.98581560283688
dp: 298 1139.0 14.899328859060402
fcfg: 298 1144.0 9.45973154362416
dp: 294 1089.0 13.738095238095237
fcfg: 294 1084.0 13.299319727891156
dp: 265 1075.0 12.067924528301887
fcfg: 265 1058.0 7.445283018867925
dp: 293 1097.0 13.89419795221843
fcfg: 293 1096.0 8.324232081911262
dp: 275 1104.0 13.221818181818183
fcfg: 275 1108.0 9.48
dp: 293 1113.0 15.921501706484642
fcfg: 293 1111.0 11.180887372013652
dp: 295 1104.0 15.328813559322034
fcfg: 295 1100.0 12.271186440677965
dp: 253 1088.0 9.430830039525691
fcfg: 253 1093.0 7.363636363636363
dp: 275 1078.0 11.352727272727273
fcfg: 275 1074.0 7.323636363636363
dp: 300 1127.0 19.886666666666667
fcfg: 300 1123.0 13.57
dp: 272 1067.0 12.5625
fcfg: 272 1066.0 8.205882352941176
dp: 281 1095.0 16.106761565836297
fcfg: 281 1073.0 7.1387900355871885
dp: 272 1102.0 12.551470588235293
fcfg: 272 1106.0 6.709558823529412
dp: 289 1072.0 13.975778546712803
fcfg: 289 1071.0 11.484429065743944
dp: 271 1087.0 11.597785977859779
fcfg: 271 1090.0 15.623616236162361
dp: 290 1118.0 13.324137931034484
fcfg: 290 1105.0 6.627586206896551
dp: 282 1081.0 11.886524822695035
fcfg: 282 1063.0 10.056737588652481
dp: 311 1111.0 25.536977491961416
fcfg: 311 1123.0 30.707395498392284
dp: 279 1082.0 13.455197132616487
fcfg: 279 1067.0 10.476702508960573
dp: 305 1084.0 21.23934426229508
fcfg: 305 1127.0 30.60327868852459
dp: 283 1080.0 9.36749116607774
fcfg: 283 1084.0 7.6643109540636045
dp: 297 1072.0 21.58249158249158
fcfg: 297 1113.0 25.86868686868687
dp: 287 1096.0 15.18815331010453
fcfg: 287 1095.0 12.81184668989547
dp: 273 1069.0 14.534798534798535
fcfg: 273 1064.0 7.791208791208791
dp: 299 1104.0 13.050167224080267
fcfg: 299 1088.0 7.481605351170568
dp: 270 1090.0 9.188888888888888
fcfg: 270 1080.0 4.307407407407408
dp: 278 1082.0 12.10431654676259
fcfg: 278 1066.0 8.287769784172662
dp: 269 1084.0 8.776951672862454
fcfg: 269 1078.0 5.368029739776952
dp: 293 1121.0 14.365187713310581
fcfg: 293 1140.0 13.498293515358363
dp: 281 1079.0 14.064056939501778
fcfg: 281 1075.0 11.96797153024911
dp: 269 1092.0 10.973977695167287
fcfg: 269 1085.0 5.122676579925651
dp: 278 1115.0 14.151079136690647
fcfg: 278 1077.0 8.158273381294965
dp: 290 1091.0 15.596551724137932
fcfg: 290 1072.0 12.872413793103448
dp: 287 1109.0 15.968641114982578
fcfg: 287 1114.0 10.975609756097562
dp: 280 1094.0 13.660714285714286
fcfg: 280 1082.0 10.753571428571428
dp: 297 1109.0 16.087542087542086
fcfg: 297 1111.0 10.31986531986532
dp: 292 1108.0 13.60958904109589
fcfg: 292 1107.0 10.941780821917808
dp: 268 1074.0 12.194029850746269
fcfg: 268 1068.0 7.567164179104478
dp: 283 1087.0 10.848056537102474
fcfg: 283 1078.0 8.056537102473499
dp: 290 1080.0 17.73793103448276
fcfg: 290 1063.0 7.682758620689655
dp: 279 1069.0 12.146953405017921
fcfg: 279 1081.0 10.827956989247312
dp: 291 1095.0 13.852233676975946
fcfg: 291 1092.0 13.845360824742269
dp: 278 1074.0 10.280575539568344
fcfg: 278 1067.0 6.967625899280575
dp: 282 1096.0 11.205673758865249
fcfg: 282 1080.0 6.886524822695035
dp: 264 1091.0 7.981060606060606
fcfg: 264 1081.0 5.893939393939394
dp: 279 1076.0 12.824372759856631
fcfg: 279 1065.0 11.663082437275985
dp: 322 1135.0 22.270186335403725
fcfg: 322 1180.0 22.31055900621118
