dp: 746 3662.0 1.341823056300268
fcfg: 746 3671.0 18.05764075067024
dp: 765 3651.0 0.8509803921568627
fcfg: 765 3664.0 21.530718954248368
dp: 761 3662.0 1.8685939553219448
fcfg: 761 3734.0 19.56504599211564
dp: 707 3653.0 1.3437057991513437
fcfg: 707 3653.0 15.574257425742575
dp: 722 3668.0 1.4362880886426592
fcfg: 722 3678.0 13.484764542936288
dp: 775 3669.0 1.5587096774193547
fcfg: 775 3686.0 12.228387096774194
dp: 781 3680.0 2.3687580025608193
fcfg: 781 3767.0 23.389244558258643
dp: 743 3659.0 1.0323014804845223
fcfg: 743 3676.0 22.17900403768506
dp: 734 3663.0 0.9482288828337875
fcfg: 734 3685.0 11.178474114441418
dp: 765 3672.0 1.3633986928104576
fcfg: 765 3758.0 23.328104575163398
dp: 740 3674.0 1.2608108108108107
fcfg: 740 3743.0 14.12027027027027
dp: 750 3653.0 1.42
fcfg: 750 3682.0 14.658666666666667
dp: 762 3683.0 1.3884514435695539
fcfg: 762 3779.0 30.45275590551181
dp: 705 3655.0 1.9049645390070922
fcfg: 705 3692.0 17.394326241134753
dp: 706 3665.0 1.1529745042492918
fcfg: 706 3678.0 11.957507082152974
dp: 754 3652.0 1.0835543766578248
fcfg: 754 3691.0 25.23872679045093
dp: 756 3662.0 2.0899470899470898
fcfg: 756 3759.0 24.27777777777778
dp: 753 3678.0 1.844621513944223
fcfg: 753 3733.0 15.697211155378486
dp: 771 3662.0 1.0830090791180285
fcfg: 771 3667.0 19.27107652399481
dp: 829 3670.0 2.272617611580217
fcfg: 829 3758.0 51.80337756332931
dp: 767 3663.0 1.4159061277705345
fcfg: 767 3675.0 32.817470664928294
dp: 747 3661.0 0.927710843373494
fcfg: 747 3691.0 8.528781793842034
dp: 728 3672.0 1.2692307692307692
fcfg: 728 3735.0 14.953296703296703
dp: 773 3672.0 1.6959896507115135
fcfg: 773 3732.0 20.209573091849936
dp: 733 3658.0 1.1145975443383356
fcfg: 733 3731.0 21.804911323328785
dp: 748 3649.0 1.6590909090909092
fcfg: 748 3732.0 18.33823529411765
dp: 768 3653.0 1.8046875
fcfg: 768 3721.0 29.838541666666668
dp: 789 3678.0 2.6337135614702154
fcfg: 789 3761.0 51.551330798479086
dp: 726 3665.0 1.2024793388429753
fcfg: 726 3700.0 9.823691460055096
dp: 782 3664.0 1.7301790281329923
fcfg: 782 3852.0 55.574168797953966
dp: 759 3675.0 1.7457180500658762
fcfg: 759 3692.0 17.90513833992095
dp: 818 3669.0 2.052567237163814
fcfg: 818 3843.0 38.380195599022
dp: 778 3662.0 1.8213367609254498
fcfg: 778 3701.0 16.397172236503856
dp: 761 3651.0 2.273324572930355
fcfg: 761 3737.0 34.1484888304862
dp: 745 3661.0 1.5463087248322147
fcfg: 745 3669.0 22.190604026845637
dp: 762 3655.0 2.6496062992125986
fcfg: 762 3660.0 29.77952755905512
dp: 695 3673.0 0.7352517985611511
fcfg: 695 3679.0 7.4517985611510795
dp: 769 3656.0 2.4278283485045513
fcfg: 769 3774.0 37.70871261378414
dp: 809 3668.0 2.4474660074165637
fcfg: 809 3737.0 34.73423980222497
dp: 755 3651.0 1.5271523178807946
fcfg: 755 3651.0 11.43841059602649
dp: 757 3655.0 1.4015852047556143
fcfg: 757 3818.0 28.69352708058124
dp: 810 3679.0 1.6604938271604939
fcfg: 810 3814.0 34.453086419753085
dp: 709 3645.0 1.320169252468265
fcfg: 709 3654.0 9.791255289139633
dp: 720 3662.0 1.1305555555555555
fcfg: 720 3670.0 8.14861111111111
dp: 764 3674.0 1.5916230366492146
fcfg: 764 3763.0 18.32068062827225
dp: 711 3686.0 0.9887482419127989
fcfg: 711 3702.0 11.585091420534459
dp: 746 3669.0 1.8150134048257374
fcfg: 746 3715.0 18.978552278820377
dp: 769 3653.0 1.612483745123537
fcfg: 769 3747.0 48.799739921976595
dp: 768 3652.0 1.3893229166666667
fcfg: 768 3665.0 10.861979166666666
dp: 763 3668.0 1.5530799475753605
fcfg: 763 3684.0 38.722149410222805
dp: 741 3667.0 1.9230769230769231
fcfg: 741 3674.0 17.37246963562753
dp: 780 3663.0 1.3512820512820514
fcfg: 780 3818.0 22.814102564102566
dp: 732 3665.0 1.3114754098360655
fcfg: 732 3705.0 18.387978142076502
dp: 753 3666.0 1.0212483399734396
fcfg: 753 3685.0 18.98539176626826
dp: 730 3660.0 0.8082191780821918
fcfg: 730 3694.0 13.14931506849315
dp: 757 3657.0 1.2655217965653898
fcfg: 757 3715.0 12.725231175693526
dp: 752 3654.0 1.1170212765957446
fcfg: 752 3730.0 16.20877659574468
dp: 771 3666.0 1.6640726329442284
fcfg: 771 3807.0 33.302204928664075
dp: 723 3664.0 0.9031811894882434
fcfg: 723 3664.0 12.159059474412171
dp: 727 3660.0 1.2874828060522696
fcfg: 727 3671.0 8.357634112792297
dp: 752 3659.0 1.5731382978723405
fcfg: 752 3776.0 21.434840425531913
dp: 782 3662.0 2.721227621483376
fcfg: 782 3740.0 49.76086956521739
dp: 736 3667.0 0.9021739130434783
fcfg: 736 3689.0 13.80570652173913
dp: 744 3659.0 1.4798387096774193
fcfg: 744 3677.0 19.416666666666668
dp: 753 3664.0 1.2602921646746348
fcfg: 753 3676.0 13.770252324037184
dp: 792 3673.0 1.7601010101010102
fcfg: 792 3693.0 29.6010101010101
dp: 758 3665.0 1.3812664907651715
fcfg: 758 3670.0 23.41160949868074
dp: 729 3665.0 1.6858710562414265
fcfg: 729 3675.0 17.325102880658438
dp: 731 3647.0 1.39671682626539
fcfg: 731 3669.0 10.559507523939809
dp: 728 3672.0 1.0741758241758241
fcfg: 728 3680.0 13.842032967032967
dp: 787 3689.0 1.7407878017789074
fcfg: 787 3738.0 20.392630241423127
dp: 723 3662.0 1.1562932226832643
fcfg: 723 3702.0 13.475795297372061
dp: 768 3653.0 2.3515625
fcfg: 768 3772.0 24.190104166666668
dp: 756 3659.0 2.0423280423280423
fcfg: 756 3683.0 21.68915343915344
dp: 754 3664.0 1.7015915119363396
fcfg: 754 3706.0 20.647214854111407
dp: 744 3655.0 1.353494623655914
fcfg: 744 3659.0 12.88978494623656
dp: 734 3657.0 1.5858310626702998
fcfg: 734 3677.0 16.31607629427793
dp: 723 3666.0 1.1590594744121716
fcfg: 723 3671.0 12.982019363762102
dp: 745 3661.0 1.4630872483221478
fcfg: 745 3661.0 18.818791946308725
dp: 769 3659.0 1.433029908972692
fcfg: 769 3711.0 47.98309492847854
dp: 742 3658.0 1.2304582210242587
fcfg: 742 3688.0 10.936657681940702
dp: 740 3672.0 1.1202702702702703
fcfg: 740 3694.0 17.575675675675676
dp: 775 3651.0 1.2929032258064517
fcfg: 775 3820.0 40.50838709677419
dp: 752 3654.0 1.9800531914893618
fcfg: 752 3762.0 26.47340425531915
dp: 729 3661.0 1.0438957475994513
fcfg: 729 3707.0 10.60631001371742
dp: 757 3656.0 2.4755614266842803
fcfg: 757 3656.0 19.76089828269485
dp: 723 3670.0 1.3208852005532503
fcfg: 723 3680.0 16.171507607192254
dp: 752 3659.0 1.6821808510638299
fcfg: 752 3755.0 30.23936170212766
dp: 775 3667.0 1.6206451612903225
fcfg: 775 3735.0 29.49290322580645
dp: 711 3666.0 0.7552742616033755
fcfg: 711 3666.0 10.669479606188467
dp: 736 3672.0 2.395380434782609
fcfg: 736 3686.0 18.005434782608695
dp: 740 3655.0 1.35
fcfg: 740 3691.0 27.186486486486487
dp: 757 3659.0 0.8969616908850726
fcfg: 757 3663.0 10.879788639365918
dp: 722 3662.0 1.8047091412742382
fcfg: 722 3665.0 24.92105263157895
dp: 770 3660.0 2.238961038961039
fcfg: 770 3810.0 32.47402597402598
dp: 723 3657.0 0.8188105117565698
fcfg: 723 3660.0 11.673582295988934
dp: 770 3658.0 1.4103896103896103
fcfg: 770 3789.0 39.48571428571429
dp: 745 3662.0 1.8993288590604027
fcfg: 745 3700.0 17.583892617449663
dp: 797 3656.0 1.35633626097867
fcfg: 797 3720.0 23.88582183186951
dp: 714 3656.0 1.1946778711484594
fcfg: 714 3656.0 9.120448179271708
dp: 703 3648.0 1.2603129445234709
fcfg: 703 3670.0 12.66429587482219
dp: 745 3664.0 2.495302013422819
fcfg: 745 3741.0 21.78255033557047
dp: 772 3671.0 2.089378238341969
fcfg: 772 3699.0 26.958549222797927
dp: 777 3650.0 1.3178893178893178
fcfg: 777 3827.0 35.14543114543115
dp: 748 3660.0 1.7513368983957218
fcfg: 748 3705.0 21.692513368983956
dp: 779 3675.0 1.6174582798459562
fcfg: 779 3727.0 22.4801026957638
dp: 775 3670.0 1.4516129032258065
fcfg: 775 3820.0 37.027096774193545
dp: 751 3660.0 1.3914780292942743
fcfg: 751 3748.0 27.11051930758988
dp: 757 3671.0 1.5376486129458389
fcfg: 757 3790.0 27.922060766182298
dp: 776 3656.0 2.384020618556701
fcfg: 776 3764.0 30.704896907216494
dp: 730 3671.0 1.4301369863013698
fcfg: 730 3744.0 11.64931506849315
dp: 742 3665.0 1.0336927223719676
fcfg: 742 3694.0 23.648247978436657
dp: 719 3655.0 1.0848400556328233
fcfg: 719 3663.0 11.27538247566064
dp: 766 3662.0 1.818537859007833
fcfg: 766 3757.0 24.16971279373368
dp: 766 3651.0 2.366840731070496
fcfg: 766 3674.0 39.806788511749346
dp: 768 3662.0 3.2291666666666665
fcfg: 768 3816.0 46.088541666666664
dp: 741 3664.0 1.2860998650472335
fcfg: 741 3670.0 12.70715249662618
dp: 735 3662.0 0.927891156462585
fcfg: 735 3675.0 9.072108843537414
dp: 789 3674.0 1.7541191381495564
fcfg: 789 3674.0 42.126742712294046
dp: 712 3668.0 0.7668539325842697
fcfg: 712 3678.0 8.5688202247191
dp: 717 3666.0 0.8730822873082287
fcfg: 717 3671.0 10.705718270571827
dp: 746 3651.0 0.8914209115281502
fcfg: 746 3694.0 18.242627345844504
dp: 739 3662.0 0.7618403247631935
fcfg: 739 3668.0 39.86062246278755
dp: 722 3650.0 1.3642659279778393
fcfg: 722 3660.0 12.822714681440443
dp: 734 3671.0 1.9277929155313351
fcfg: 734 3693.0 28.85558583106267
dp: 735 3661.0 1.692517006802721
fcfg: 735 3664.0 26.612244897959183
dp: 774 3671.0 2.6421188630490957
fcfg: 774 3714.0 27.058139534883722
dp: 727 3664.0 1.3081155433287484
fcfg: 727 3678.0 14.335625859697387
dp: 718 3664.0 0.7144846796657381
fcfg: 718 3673.0 8.841225626740947
dp: 716 3653.0 1.2039106145251397
fcfg: 716 3657.0 11.5
dp: 764 3647.0 1.1505235602094241
fcfg: 764 3658.0 12.416230366492147
dp: 748 3652.0 1.9264705882352942
fcfg: 748 3655.0 24.205882352941178
dp: 775 3654.0 2.4051612903225807
fcfg: 775 3754.0 25.954838709677418
dp: 731 3659.0 1.4678522571819426
fcfg: 731 3778.0 24.07250341997264
dp: 770 3658.0 1.1818181818181819
fcfg: 770 3658.0 36.006493506493506
dp: 701 3658.0 1.2524964336661912
fcfg: 701 3705.0 10.637660485021398
dp: 778 3669.0 1.4151670951156812
fcfg: 778 3771.0 18.560411311053986
dp: 716 3670.0 1.3966480446927374
fcfg: 716 3731.0 12.427374301675977
dp: 754 3677.0 1.3050397877984086
fcfg: 754 3704.0 25.651193633952253
dp: 693 3654.0 0.9148629148629148
fcfg: 693 3671.0 9.007215007215008
dp: 790 3663.0 1.1493670886075948
fcfg: 790 3806.0 52.68481012658228
dp: 760 3659.0 1.3671052631578948
fcfg: 760 3677.0 21.931578947368422
dp: 759 3653.0 1.922266139657444
fcfg: 759 3658.0 22.7167325428195
dp: 767 3656.0 1.8539765319426336
fcfg: 767 3766.0 32.68187744458931
dp: 731 3662.0 0.896032831737346
fcfg: 731 3679.0 11.166894664842681
dp: 755 3652.0 1.5814569536423841
fcfg: 755 3664.0 20.072847682119207
dp: 719 3650.0 1.3560500695410291
fcfg: 719 3723.0 23.656467315716274
dp: 706 3672.0 0.9107648725212465
fcfg: 706 3693.0 10.872521246458923
dp: 773 3664.0 1.6274256144890038
fcfg: 773 3761.0 35.09314359637775
dp: 698 3663.0 1.3553008595988538
fcfg: 698 3690.0 12.691977077363896
dp: 742 3683.0 1.0997304582210243
fcfg: 742 3760.0 18.262803234501348
dp: 717 3660.0 0.9790794979079498
fcfg: 717 3677.0 8.728033472803347
dp: 777 3669.0 1.7541827541827542
fcfg: 777 3731.0 24.778635778635778
dp: 800 3648.0 2.66625
fcfg: 800 3844.0 34.15125
dp: 762 3664.0 2.6758530183727034
fcfg: 762 3763.0 27.371391076115486
dp: 727 3667.0 1.7070151306740027
fcfg: 727 3741.0 27.341127922971115
dp: 714 3660.0 0.957983193277311
fcfg: 714 3664.0 13.11624649859944
dp: 733 3660.0 1.0422919508867667
fcfg: 733 3673.0 13.708049113233288
dp: 734 3653.0 0.9359673024523161
fcfg: 734 3653.0 9.722070844686648
dp: 734 3656.0 1.5940054495912805
fcfg: 734 3656.0 16.182561307901906
dp: 767 3664.0 1.4185136897001305
fcfg: 767 3706.0 16.277705345501957
dp: 785 3680.0 1.1859872611464968
fcfg: 785 3717.0 17.686624203821655
dp: 760 3666.0 1.9486842105263158
fcfg: 760 3792.0 29.28157894736842
dp: 726 3663.0 0.7920110192837465
fcfg: 726 3663.0 14.706611570247935
dp: 737 3659.0 1.5115332428765265
fcfg: 737 3684.0 11.89145183175034
dp: 784 3676.0 1.8903061224489797
fcfg: 784 3772.0 40.55484693877551
dp: 732 3659.0 1.3647540983606556
fcfg: 732 3700.0 14.542349726775956
dp: 769 3674.0 1.2860858257477243
fcfg: 769 3706.0 23.33550065019506
dp: 727 3667.0 1.8624484181568088
fcfg: 727 3675.0 18.204951856946355
dp: 759 3656.0 1.3926218708827405
fcfg: 759 3669.0 14.059288537549406
dp: 753 3662.0 2.1620185922974766
fcfg: 753 3705.0 19.762284196547146
dp: 776 3664.0 1.9793814432989691
fcfg: 776 3774.0 38.1958762886598
dp: 705 3659.0 1.500709219858156
fcfg: 705 3669.0 12.811347517730496
dp: 755 3637.0 2.5536423841059603
fcfg: 755 3670.0 31.403973509933774
dp: 807 3688.0 2.463444857496902
fcfg: 807 3880.0 42.333333333333336
dp: 728 3669.0 1.7142857142857142
fcfg: 728 3742.0 19.679945054945055
dp: 774 3649.0 1.5684754521963824
fcfg: 774 3659.0 15.578811369509044
dp: 757 3658.0 1.8428005284015851
fcfg: 757 3755.0 20.46103038309115
dp: 772 3660.0 1.238341968911917
fcfg: 772 3704.0 19.08678756476684
dp: 768 3668.0 1.1184895833333333
fcfg: 768 3710.0 13.58984375
dp: 768 3663.0 1.8880208333333333
fcfg: 768 3725.0 31.751302083333332
dp: 772 3659.0 1.2357512953367875
fcfg: 772 3676.0 22.270725388601036
dp: 754 3663.0 1.0291777188328912
fcfg: 754 3667.0 13.387267904509283
dp: 786 3672.0 2.150127226463104
fcfg: 786 3787.0 50.153944020356235
dp: 744 3665.0 1.4005376344086022
fcfg: 744 3726.0 16.477150537634408
dp: 765 3658.0 1.354248366013072
fcfg: 765 3719.0 40.1281045751634
dp: 750 3659.0 1.3973333333333333
fcfg: 750 3670.0 15.84
dp: 800 3666.0 1.7175
fcfg: 800 3715.0 31.64375
dp: 744 3658.0 1.1115591397849462
fcfg: 744 3658.0 15.788978494623656
dp: 715 3661.0 1.4013986013986015
fcfg: 715 3666.0 12.7006993006993
dp: 747 3660.0 1.6331994645247658
fcfg: 747 3686.0 15.183400267737618
dp: 736 3657.0 0.9850543478260869
fcfg: 736 3657.0 15.41711956521739
dp: 781 3667.0 2.0025608194622277
fcfg: 781 3751.0 22.90524967989757
dp: 735 3656.0 1.9904761904761905
fcfg: 735 3755.0 25.681632653061225
dp: 737 3662.0 1.2808683853459972
fcfg: 737 3702.0 18.561736770691994
dp: 801 3657.0 1.9712858926342072
fcfg: 801 3870.0 42.901373283395756
dp: 726 3658.0 1.2176308539944904
fcfg: 726 3709.0 25.088154269972453
dp: 728 3673.0 1.3186813186813187
fcfg: 728 3701.0 9.207417582417582
dp: 767 3660.0 1.8096479791395046
fcfg: 767 3663.0 26.292046936114733
dp: 796 3660.0 2.2763819095477387
fcfg: 796 3666.0 27.329145728643216
dp: 816 3662.0 1.8860294117647058
fcfg: 816 3781.0 37.73039215686274
dp: 731 3657.0 0.6949384404924761
fcfg: 731 3660.0 7.064295485636115
dp: 798 3667.0 2.387218045112782
fcfg: 798 3784.0 26.99749373433584
dp: 783 3659.0 1.8939974457215836
fcfg: 783 3738.0 23.979565772669222
dp: 768 3672.0 1.85546875
fcfg: 768 3725.0 18.432291666666668
dp: 685 3665.0 0.7051094890510949
fcfg: 685 3690.0 9.221897810218978
dp: 730 3660.0 0.9452054794520548
fcfg: 730 3708.0 12.198630136986301
dp: 731 3667.0 0.6347469220246238
fcfg: 731 3671.0 7.846785225718194
dp: 737 3650.0 1.9484396200814111
fcfg: 737 3653.0 22.759837177747624
dp: 738 3662.0 1.6233062330623307
fcfg: 738 3671.0 15.459349593495935
dp: 737 3656.0 1.4436906377204886
fcfg: 737 3682.0 11.016282225237449
dp: 761 3662.0 1.4388961892247043
fcfg: 761 3701.0 11.73718791064389
dp: 776 3666.0 2.393041237113402
fcfg: 776 3747.0 29.024484536082475
dp: 752 3650.0 0.7845744680851063
fcfg: 752 3680.0 11.777925531914894
dp: 766 3664.0 1.073107049608355
fcfg: 766 3691.0 27.283289817232376
dp: 747 3673.0 1.465863453815261
fcfg: 747 3702.0 23.75635876840696
dp: 769 3658.0 2.036410923276983
fcfg: 769 3660.0 19.03771131339402
dp: 759 3653.0 1.08300395256917
fcfg: 759 3656.0 16.794466403162055
dp: 749 3659.0 2.465954606141522
fcfg: 749 3747.0 22.324432576769027
dp: 759 3661.0 0.8985507246376812
fcfg: 759 3664.0 22.30961791831357
dp: 775 3678.0 1.550967741935484
fcfg: 775 3727.0 36.58709677419355
dp: 757 3661.0 1.5297225891677675
fcfg: 757 3683.0 19.93659180977543
dp: 779 3675.0 2.3273427471116817
fcfg: 779 3682.0 30.454428754813865
dp: 750 3660.0 1.36
fcfg: 750 3693.0 11.733333333333333
dp: 746 3669.0 1.14343163538874
fcfg: 746 3694.0 14.183646112600536
dp: 754 3657.0 1.7771883289124668
fcfg: 754 3687.0 17.912466843501328
dp: 726 3663.0 1.465564738292011
fcfg: 726 3679.0 18.101928374655646
dp: 760 3658.0 2.651315789473684
fcfg: 760 3664.0 40.37894736842105
dp: 769 3683.0 1.319895968790637
fcfg: 769 3833.0 37.022106631989594
dp: 726 3667.0 1.1115702479338843
fcfg: 726 3716.0 10.931129476584022
dp: 708 3661.0 1.3064971751412429
fcfg: 708 3687.0 10.8545197740113
dp: 754 3662.0 2.116710875331565
fcfg: 754 3666.0 19.323607427055702
dp: 734 3670.0 0.7111716621253406
fcfg: 734 3724.0 14.555858310626704
dp: 742 3660.0 0.7695417789757413
fcfg: 742 3660.0 19.81940700808625
dp: 685 3667.0 0.5956204379562043
fcfg: 685 3699.0 6.471532846715329
dp: 734 3650.0 0.8215258855585831
fcfg: 734 3694.0 9.814713896457766
dp: 800 3672.0 1.62625
fcfg: 800 3791.0 35.3525
dp: 749 3663.0 1.7022696929238985
fcfg: 749 3687.0 21.416555407209614
dp: 726 3668.0 0.7176308539944903
fcfg: 726 3676.0 8.710743801652892
dp: 804 3664.0 2.2487562189054726
fcfg: 804 3734.0 34.67910447761194
dp: 767 3658.0 1.8096479791395046
fcfg: 767 3659.0 28.26988265971317
dp: 736 3633.0 0.7839673913043478
fcfg: 736 3667.0 18.27038043478261
dp: 756 3672.0 1.5105820105820107
fcfg: 756 3676.0 22.658730158730158
dp: 756 3667.0 2.1587301587301586
fcfg: 756 3769.0 25.788359788359788
dp: 787 3671.0 2.243964421855146
fcfg: 787 3707.0 34.675984752223634
dp: 769 3663.0 2.3198959687906373
fcfg: 769 3831.0 30.464239271781533
dp: 745 3664.0 1.0281879194630872
fcfg: 745 3726.0 15.93020134228188
dp: 745 3662.0 1.3248322147651006
fcfg: 745 3681.0 19.536912751677853
dp: 753 3661.0 1.3333333333333333
fcfg: 753 3662.0 18.47410358565737
dp: 802 3662.0 2.2655860349127184
fcfg: 802 3789.0 49.18952618453865
dp: 764 3658.0 1.3416230366492146
fcfg: 764 3693.0 23.782722513089006
dp: 738 3662.0 0.8509485094850948
fcfg: 738 3684.0 14.51490514905149
dp: 734 3656.0 1.9795640326975477
fcfg: 734 3679.0 13.52316076294278
dp: 829 3679.0 2.5150784077201447
fcfg: 829 3900.0 70.33655006031363
dp: 766 3658.0 1.7950391644908616
fcfg: 766 3694.0 32.0443864229765
dp: 728 3639.0 1.3269230769230769
fcfg: 728 3647.0 12.51510989010989
dp: 767 3659.0 2.0091264667535853
fcfg: 767 3706.0 21.679269882659714
dp: 788 3678.0 2.1230964467005076
fcfg: 788 3765.0 33.496192893401016
dp: 784 3674.0 1.6084183673469388
fcfg: 784 3792.0 19.34311224489796
dp: 789 3670.0 1.155893536121673
fcfg: 789 3688.0 21.050697084917616
dp: 705 3665.0 0.8680851063829788
fcfg: 705 3722.0 12.313475177304964
dp: 781 3671.0 2.0960307298335468
fcfg: 781 3852.0 71.60179257362356
dp: 769 3664.0 2.2743823146944084
fcfg: 769 3718.0 32.29518855656697
dp: 720 3665.0 0.9166666666666666
fcfg: 720 3666.0 10.694444444444445
dp: 762 3659.0 1.2519685039370079
fcfg: 762 3681.0 14.211286089238845
dp: 726 3651.0 1.2672176308539944
fcfg: 726 3651.0 13.962809917355372
dp: 761 3649.0 1.4494086727989488
fcfg: 761 3760.0 24.85413929040736
dp: 748 3659.0 1.2058823529411764
fcfg: 748 3706.0 12.275401069518717
dp: 721 3662.0 2.61997226074896
fcfg: 721 3666.0 43.24133148404993
dp: 736 3659.0 1.2622282608695652
fcfg: 736 3660.0 15.83288043478261
dp: 760 3653.0 1.436842105263158
fcfg: 760 3742.0 29.764473684210525
dp: 784 3666.0 2.2844387755102042
fcfg: 784 3745.0 26.508928571428573
dp: 763 3673.0 1.2162516382699868
fcfg: 763 3707.0 20.323722149410223
dp: 754 3662.0 1.5689655172413792
fcfg: 754 3767.0 18.015915119363395
dp: 743 3668.0 2.130551816958277
fcfg: 743 3711.0 14.921938088829071
dp: 714 3645.0 1.6288515406162465
fcfg: 714 3670.0 14.03501400560224
dp: 756 3662.0 2.2301587301587302
fcfg: 756 3760.0 47.25925925925926
dp: 767 3656.0 1.7001303780964798
fcfg: 767 3763.0 32.82398956975228
dp: 744 3670.0 1.3629032258064515
fcfg: 744 3713.0 14.442204301075268
dp: 795 3664.0 0.9144654088050315
fcfg: 795 3727.0 25.311949685534593
dp: 751 3651.0 1.245006657789614
fcfg: 751 3669.0 14.141145139813581
dp: 736 3652.0 1.0638586956521738
fcfg: 736 3652.0 14.410326086956522
dp: 765 3673.0 1.8065359477124183
fcfg: 765 3715.0 16.356862745098038
dp: 734 3659.0 1.4141689373297002
fcfg: 734 3689.0 20.73841961852861
dp: 775 3670.0 3.2361290322580647
fcfg: 775 3740.0 25.947096774193547
dp: 780 3665.0 1.5512820512820513
fcfg: 780 3767.0 20.873076923076923
dp: 709 3648.0 0.918194640338505
fcfg: 709 3677.0 6.7856135401974615
dp: 751 3680.0 1.6657789613848202
fcfg: 751 3756.0 29.125166444740348
dp: 686 3664.0 1.1093294460641399
fcfg: 686 3681.0 12.782798833819243
dp: 772 3662.0 2.0142487046632125
fcfg: 772 3724.0 18.037564766839377
dp: 771 3663.0 2.118028534370947
fcfg: 771 3847.0 48.12062256809339
dp: 757 3688.0 1.5614266842800528
fcfg: 757 3724.0 16.27344782034346
dp: 777 3655.0 1.0283140283140284
fcfg: 777 3727.0 20.267696267696266
dp: 747 3655.0 1.4819277108433735
fcfg: 747 3655.0 18.974564926372157
dp: 735 3663.0 1.1401360544217687
fcfg: 735 3667.0 9.416326530612245
dp: 743 3631.0 1.1278600269179004
fcfg: 743 3679.0 19.40242261103634
dp: 720 3650.0 1.3166666666666667
fcfg: 720 3660.0 10.627777777777778
dp: 762 3664.0 1.6614173228346456
fcfg: 762 3704.0 14.119422572178477
dp: 768 3663.0 1.5755208333333333
fcfg: 768 3733.0 13.934895833333334
dp: 735 3664.0 1.0721088435374149
fcfg: 735 3697.0 12.02721088435374
dp: 759 3654.0 1.6877470355731226
fcfg: 759 3686.0 16.134387351778656
dp: 773 3664.0 1.6507115135834411
fcfg: 773 3694.0 16.997412677878398
dp: 775 3660.0 2.174193548387097
fcfg: 775 3674.0 37.85935483870968
dp: 743 3656.0 1.0376850605652759
fcfg: 743 3719.0 10.835800807537012
dp: 698 3659.0 1.0601719197707737
fcfg: 698 3663.0 6.479942693409742
dp: 750 3661.0 1.2293333333333334
fcfg: 750 3661.0 10.192
dp: 762 3659.0 1.9409448818897639
fcfg: 762 3708.0 49.18241469816273
dp: 721 3659.0 1.7239944521497919
fcfg: 721 3693.0 12.081830790568654
dp: 723 3666.0 1.0829875518672198
fcfg: 723 3666.0 13.643153526970954
dp: 747 3655.0 1.3306559571619812
fcfg: 747 3673.0 12.789825970548861
dp: 784 3670.0 2.190051020408163
fcfg: 784 3736.0 27.081632653061224
dp: 734 3661.0 1.997275204359673
fcfg: 734 3663.0 20.87465940054496
dp: 722 3663.0 1.6634349030470914
fcfg: 722 3667.0 9.664819944598339
dp: 748 3664.0 1.0481283422459893
fcfg: 748 3672.0 11.828877005347593
dp: 760 3670.0 1.7947368421052632
fcfg: 760 3679.0 22.680263157894736
dp: 748 3659.0 1.177807486631016
fcfg: 748 3674.0 14.372994652406417
dp: 776 3661.0 1.0902061855670102
fcfg: 776 3782.0 26.712628865979383
dp: 725 3651.0 0.9682758620689655
fcfg: 725 3669.0 7.413793103448276
dp: 727 3664.0 1.0123796423658873
fcfg: 727 3696.0 8.094910591471802
dp: 741 3658.0 1.116059379217274
fcfg: 741 3680.0 16.090418353576247
dp: 779 3675.0 1.8883183568677793
fcfg: 779 3739.0 60.905006418485236
dp: 792 3665.0 1.5580808080808082
fcfg: 792 3808.0 26.204545454545453
dp: 804 3664.0 2.228855721393035
fcfg: 804 3742.0 55.148009950248756
dp: 751 3662.0 1.4354194407456724
fcfg: 751 3667.0 12.07057256990679
dp: 730 3659.0 1.6863013698630136
fcfg: 730 3667.0 21.72876712328767
dp: 761 3662.0 2.1419185282522997
fcfg: 761 3739.0 23.71484888304862
dp: 751 3667.0 1.6378162450066578
fcfg: 751 3677.0 11.460719041278296
dp: 752 3662.0 1.8191489361702127
fcfg: 752 3724.0 20.77127659574468
dp: 737 3674.0 0.8046132971506106
fcfg: 737 3692.0 13.333785617367706
dp: 734 3663.0 1.1852861035422344
fcfg: 734 3722.0 13.380108991825614
dp: 785 3664.0 2.2203821656050957
fcfg: 785 3873.0 34.7656050955414
dp: 769 3688.0 1.4187256176853056
fcfg: 769 3759.0 22.9037711313394
dp: 750 3660.0 1.652
fcfg: 750 3660.0 26.585333333333335
dp: 749 3646.0 1.3724966622162884
fcfg: 749 3733.0 29.086782376502004
dp: 770 3659.0 2.212987012987013
fcfg: 770 3747.0 33.46493506493506
dp: 749 3659.0 1.2162883845126835
fcfg: 749 3767.0 23.903871829105473
dp: 736 3659.0 2.5407608695652173
fcfg: 736 3704.0 31.89673913043478
dp: 731 3661.0 1.2517099863201095
fcfg: 731 3670.0 10.935704514363884
dp: 766 3658.0 1.2571801566579635
fcfg: 766 3783.0 19.933420365535248
dp: 726 3660.0 0.6377410468319559
fcfg: 726 3660.0 8.669421487603305
dp: 770 3656.0 1.7233766233766235
fcfg: 770 3691.0 24.885714285714286
dp: 733 3661.0 1.7748976807639836
fcfg: 733 3730.0 17.772169167803547
dp: 750 3660.0 2.1253333333333333
fcfg: 750 3756.0 23.557333333333332
dp: 717 3659.0 1.2217573221757323
fcfg: 717 3679.0 10.92050209205021
dp: 743 3656.0 1.6285329744279946
fcfg: 743 3662.0 14.052489905787349
dp: 795 3659.0 2.412578616352201
fcfg: 795 3785.0 62.11194968553459
dp: 740 3675.0 1.3837837837837839
fcfg: 740 3742.0 12.233783783783784
dp: 734 3660.0 1.4155313351498637
fcfg: 734 3772.0 22.92643051771117
dp: 694 3654.0 1.201729106628242
fcfg: 694 3689.0 9.55763688760807
dp: 761 3656.0 1.8055190538764783
fcfg: 761 3857.0 23.396846254927727
dp: 750 3660.0 1.6546666666666667
fcfg: 750 3733.0 20.038666666666668
dp: 700 3656.0 0.8014285714285714
fcfg: 700 3673.0 6.15
dp: 790 3672.0 1.5949367088607596
fcfg: 790 3769.0 56.08227848101266
dp: 722 3674.0 1.167590027700831
fcfg: 722 3721.0 13.976454293628809
dp: 763 3662.0 1.2123197903014418
fcfg: 763 3693.0 32.520314547837486
dp: 762 3649.0 1.1167979002624673
fcfg: 762 3669.0 30.557742782152232
dp: 752 3654.0 1.1835106382978724
fcfg: 752 3658.0 13.466755319148936
dp: 740 3658.0 0.9918918918918919
fcfg: 740 3694.0 27.13918918918919
dp: 803 3664.0 1.3300124533001245
fcfg: 803 3822.0 61.33125778331258
dp: 748 3668.0 1.61096256684492
fcfg: 748 3689.0 15.370320855614974
dp: 789 3659.0 2.11787072243346
fcfg: 789 3659.0 18.653992395437264
dp: 736 3653.0 0.842391304347826
fcfg: 736 3660.0 15.675271739130435
dp: 749 3663.0 1.4539385847797062
fcfg: 749 3735.0 34.995994659546064
dp: 796 3667.0 1.9133165829145728
fcfg: 796 3819.0 33.68090452261306
dp: 783 3675.0 2.108556832694764
fcfg: 783 3802.0 44.20306513409962
dp: 764 3651.0 1.6963350785340314
fcfg: 764 3734.0 14.197643979057592
dp: 745 3662.0 0.8483221476510067
fcfg: 745 3694.0 16.28187919463087
dp: 774 3677.0 1.198966408268734
fcfg: 774 3724.0 26.88113695090439
dp: 763 3655.0 1.0262123197903015
fcfg: 763 3702.0 10.289646133682831
dp: 730 3656.0 0.9287671232876712
fcfg: 730 3687.0 9.357534246575343
dp: 714 3651.0 0.788515406162465
fcfg: 714 3675.0 22.288515406162464
dp: 759 3660.0 1.7285902503293809
fcfg: 759 3662.0 14.59288537549407
dp: 757 3676.0 2.1770145310435933
fcfg: 757 3850.0 36.471598414795245
dp: 738 3665.0 1.4634146341463414
fcfg: 738 3705.0 16.04742547425474
dp: 717 3670.0 0.7140864714086471
fcfg: 717 3685.0 7.506276150627615
dp: 760 3658.0 1.4842105263157894
fcfg: 760 3715.0 22.772368421052633
dp: 705 3660.0 0.7262411347517731
fcfg: 705 3679.0 13.285106382978723
dp: 754 3660.0 1.6949602122015914
fcfg: 754 3752.0 22.014588859416445
dp: 758 3660.0 1.1688654353562005
fcfg: 758 3759.0 19.70976253298153
dp: 717 3671.0 0.9316596931659693
fcfg: 717 3704.0 7.5885634588563455
dp: 774 3656.0 2.0
fcfg: 774 3667.0 34.33462532299742
dp: 730 3654.0 1.356164383561644
fcfg: 730 3702.0 17.084931506849315
dp: 773 3661.0 1.239327296248383
fcfg: 773 3779.0 27.385510996119017
dp: 779 3678.0 1.840821566110398
fcfg: 779 3752.0 24.21309370988447
dp: 736 3656.0 0.9945652173913043
fcfg: 736 3679.0 18.786684782608695
dp: 728 3670.0 1.646978021978022
fcfg: 728 3670.0 17.5989010989011
dp: 708 3653.0 0.9067796610169492
fcfg: 708 3656.0 8.548022598870057
dp: 755 3671.0 2.1562913907284766
fcfg: 755 3684.0 11.374834437086093
dp: 766 3658.0 1.4177545691906006
fcfg: 766 3783.0 33.193211488250654
dp: 728 3648.0 1.4203296703296704
fcfg: 728 3650.0 21.983516483516482
dp: 778 3654.0 1.4794344473007712
fcfg: 778 3769.0 31.53470437017995
dp: 758 3661.0 1.7110817941952507
fcfg: 758 3700.0 27.774406332453825
dp: 765 3668.0 1.269281045751634
fcfg: 765 3777.0 32.877124183006536
dp: 769 3653.0 1.8764629388816645
fcfg: 769 3660.0 20.555266579973992
dp: 765 3655.0 1.522875816993464
fcfg: 765 3664.0 18.3437908496732
dp: 766 3670.0 1.5691906005221932
fcfg: 766 3698.0 18.873368146214098
dp: 822 3660.0 2.0364963503649633
fcfg: 822 3784.0 39.880778588807786
dp: 749 3665.0 1.958611481975968
fcfg: 749 3693.0 17.455273698264353
dp: 785 3669.0 2.1477707006369426
fcfg: 785 3741.0 31.751592356687897
dp: 765 3667.0 2.231372549019608
fcfg: 765 3695.0 22.363398692810456
dp: 750 3655.0 0.7826666666666666
fcfg: 750 3775.0 30.82133333333333
dp: 731 3660.0 1.1176470588235294
fcfg: 731 3665.0 15.90424076607387
dp: 744 3659.0 1.4556451612903225
fcfg: 744 3659.0 19.512096774193548
dp: 745 3664.0 1.0080536912751679
fcfg: 745 3674.0 15.649664429530201
dp: 739 3668.0 1.0446549391069013
fcfg: 739 3742.0 11.798376184032476
dp: 759 3661.0 1.2239789196310935
fcfg: 759 3668.0 14.137022397891963
dp: 734 3656.0 1.776566757493188
fcfg: 734 3683.0 16.93732970027248
dp: 787 3653.0 2.315120711562897
fcfg: 787 3659.0 33.03811944091487
dp: 722 3669.0 1.0249307479224377
fcfg: 722 3710.0 9.70775623268698
dp: 722 3661.0 1.4986149584487534
fcfg: 722 3699.0 18.522160664819946
dp: 795 3662.0 1.7849056603773585
fcfg: 795 3893.0 55.426415094339625
dp: 737 3660.0 1.2510176390773406
fcfg: 737 3704.0 9.416553595658073
dp: 794 3659.0 2.8879093198992445
fcfg: 794 3727.0 35.6801007556675
dp: 783 3660.0 1.2081736909323115
fcfg: 783 3767.0 36.593869731800766
dp: 756 3666.0 0.9788359788359788
fcfg: 756 3672.0 18.075396825396826
dp: 749 3658.0 1.0600801068090788
fcfg: 749 3673.0 12.555407209612817
dp: 754 3652.0 0.9641909814323607
fcfg: 754 3652.0 25.522546419098145
dp: 752 3659.0 1.5079787234042554
fcfg: 752 3696.0 19.71941489361702
dp: 794 3664.0 1.119647355163728
fcfg: 794 3732.0 28.08690176322418
dp: 775 3674.0 2.8296774193548386
fcfg: 775 3720.0 25.203870967741935
dp: 775 3677.0 1.3161290322580645
fcfg: 775 3716.0 11.174193548387096
dp: 747 3662.0 1.1981258366800536
fcfg: 747 3665.0 15.804551539491298
dp: 706 3649.0 0.7450424929178471
fcfg: 706 3649.0 11.012747875354108
dp: 776 3659.0 1.967783505154639
fcfg: 776 3696.0 50.93041237113402
dp: 717 3681.0 1.6234309623430963
fcfg: 717 3711.0 13.345885634588564
dp: 736 3659.0 1.6766304347826086
fcfg: 736 3686.0 14.841032608695652
dp: 794 3658.0 1.3287153652392947
fcfg: 794 3659.0 30.993702770780857
dp: 745 3662.0 1.7583892617449663
fcfg: 745 3662.0 17.036241610738255
dp: 781 3688.0 2.473751600512164
fcfg: 781 3742.0 26.48271446862996
dp: 770 3672.0 2.0415584415584416
fcfg: 770 3742.0 22.972727272727273
dp: 744 3637.0 0.9233870967741935
fcfg: 744 3651.0 9.336021505376344
dp: 738 3662.0 1.434959349593496
fcfg: 738 3668.0 19.93360433604336
dp: 757 3665.0 1.0264200792602378
fcfg: 757 3745.0 29.856010568031703
dp: 747 3670.0 1.8674698795180722
fcfg: 747 3703.0 11.700133868808567
dp: 752 3667.0 1.2792553191489362
fcfg: 752 3714.0 21.95744680851064
dp: 716 3665.0 1.0656424581005586
fcfg: 716 3719.0 18.88268156424581
dp: 770 3654.0 1.735064935064935
fcfg: 770 3663.0 25.56233766233766
dp: 735 3657.0 1.2190476190476192
fcfg: 735 3846.0 29.14965986394558
dp: 779 3678.0 1.9704749679075737
fcfg: 779 3803.0 33.77150192554557
dp: 757 3654.0 1.166446499339498
fcfg: 757 3742.0 24.598414795244384
dp: 742 3658.0 0.8571428571428571
fcfg: 742 3661.0 12.908355795148248
dp: 727 3661.0 2.192572214580468
fcfg: 727 3720.0 11.408528198074277
dp: 715 3665.0 0.9776223776223776
fcfg: 715 3698.0 12.812587412587412
dp: 763 3657.0 2.4626474442988204
fcfg: 763 3720.0 29.26605504587156
dp: 822 3672.0 1.6727493917274938
fcfg: 822 3818.0 67.28102189781022
dp: 745 3664.0 0.8550335570469799
fcfg: 745 3669.0 14.43758389261745
dp: 760 3661.0 1.5342105263157895
fcfg: 760 3677.0 34.30657894736842
dp: 755 3664.0 2.2635761589403973
fcfg: 755 3719.0 18.960264900662253
dp: 787 3673.0 2.087674714104193
fcfg: 787 3673.0 22.23379923761118
dp: 783 3672.0 2.1545338441890167
fcfg: 783 3764.0 31.507024265644954
dp: 711 3672.0 0.9662447257383966
fcfg: 711 3681.0 10.122362869198312
dp: 738 3672.0 1.8306233062330624
fcfg: 738 3695.0 12.172086720867208
dp: 742 3664.0 1.4676549865229112
fcfg: 742 3668.0 17.128032345013477
dp: 750 3648.0 1.0573333333333332
fcfg: 750 3664.0 13.617333333333333
dp: 731 3665.0 0.9233926128590971
fcfg: 731 3686.0 8.59781121751026
dp: 743 3658.0 2.1090174966352624
fcfg: 743 3762.0 15.886944818304173
dp: 719 3646.0 1.4645340751043114
fcfg: 719 3664.0 26.168289290681503
dp: 719 3650.0 1.4617524339360222
fcfg: 719 3735.0 16.837273991655078
dp: 726 3672.0 1.18732782369146
fcfg: 726 3673.0 15.085399449035812
dp: 712 3681.0 1.6558988764044944
fcfg: 712 3730.0 13.061797752808989
dp: 727 3660.0 1.2668500687757909
fcfg: 727 3671.0 9.3232462173315
dp: 798 3673.0 2.2406015037593985
fcfg: 798 3777.0 46.55889724310777
dp: 725 3645.0 1.4068965517241379
fcfg: 725 3737.0 23.533793103448275
dp: 762 3650.0 1.4356955380577427
fcfg: 762 3650.0 20.448818897637796
dp: 700 3653.0 1.7671428571428571
fcfg: 700 3659.0 12.88
dp: 712 3668.0 1.4943820224719102
fcfg: 712 3668.0 12.532303370786517
dp: 744 3660.0 1.131720430107527
fcfg: 744 3672.0 16.141129032258064
dp: 755 3652.0 2.1562913907284766
fcfg: 755 3760.0 22.0317880794702
dp: 745 3657.0 1.2375838926174496
fcfg: 745 3657.0 16.851006711409397
dp: 756 3659.0 1.8743386243386244
fcfg: 756 3728.0 19.046296296296298
dp: 697 3663.0 0.994261119081779
fcfg: 697 3667.0 10.097560975609756
dp: 778 3651.0 1.3598971722365039
fcfg: 778 3671.0 11.161953727506427
dp: 736 3646.0 1.7771739130434783
fcfg: 736 3667.0 23.70108695652174
dp: 705 3667.0 0.8609929078014185
fcfg: 705 3729.0 9.304964539007091
dp: 770 3657.0 1.8311688311688312
fcfg: 770 3762.0 20.875324675324677
dp: 715 3667.0 1.711888111888112
fcfg: 715 3693.0 13.858741258741258
dp: 750 3663.0 1.5786666666666667
fcfg: 750 3723.0 15.824
dp: 740 3654.0 2.151351351351351
fcfg: 740 3654.0 17.21081081081081
dp: 804 3657.0 1.7798507462686568
fcfg: 804 3873.0 82.51616915422886
dp: 728 3666.0 0.9203296703296703
fcfg: 728 3672.0 9.756868131868131
dp: 716 3649.0 2.0446927374301676
fcfg: 716 3674.0 9.21927374301676
dp: 781 3667.0 1.4737516005121638
fcfg: 781 3701.0 16.275288092189502
dp: 753 3665.0 0.950863213811421
fcfg: 753 3669.0 23.49800796812749
dp: 711 3669.0 1.0534458509142053
fcfg: 711 3699.0 8.627285513361462
dp: 764 3674.0 2.511780104712042
fcfg: 764 3721.0 35.54973821989529
dp: 755 3650.0 1.2847682119205297
fcfg: 755 3693.0 15.335099337748344
dp: 725 3647.0 1.4882758620689656
fcfg: 725 3647.0 17.253793103448277
dp: 733 3652.0 1.030013642564802
fcfg: 733 3672.0 25.1418826739427
dp: 731 3666.0 1.1176470588235294
fcfg: 731 3668.0 12.169630642954857
dp: 760 3653.0 0.8197368421052632
fcfg: 760 3672.0 28.944736842105264
dp: 760 3670.0 1.3078947368421052
fcfg: 760 3744.0 18.432894736842105
dp: 803 3662.0 2.5740971357409714
fcfg: 803 3875.0 46.448318804483186
dp: 749 3673.0 1.0827770360480642
fcfg: 749 3709.0 11.763684913217624
dp: 772 3661.0 1.3238341968911918
fcfg: 772 3769.0 42.218911917098445
dp: 730 3665.0 1.1863013698630136
fcfg: 730 3670.0 8.682191780821919
dp: 743 3653.0 1.215343203230148
fcfg: 743 3668.0 8.94885598923284
dp: 680 3656.0 1.011764705882353
fcfg: 680 3668.0 11.452941176470588
dp: 755 3673.0 1.8649006622516557
fcfg: 755 3790.0 25.720529801324503
dp: 761 3647.0 1.6662286465177398
fcfg: 761 3659.0 14.973718791064389
dp: 790 3665.0 1.3177215189873417
fcfg: 790 3726.0 24.803797468354432
dp: 768 3679.0 2.1510416666666665
fcfg: 768 3796.0 20.522135416666668
dp: 729 3649.0 0.9684499314128944
fcfg: 729 3693.0 7.363511659807956
dp: 720 3655.0 1.2208333333333334
fcfg: 720 3665.0 18.7375
dp: 777 3665.0 1.5212355212355213
fcfg: 777 3741.0 37.904761904761905
dp: 739 3652.0 0.9364005412719891
fcfg: 739 3676.0 14.377537212449255
dp: 755 3681.0 2.0225165562913907
fcfg: 755 3805.0 32.64370860927152
dp: 699 3650.0 0.7896995708154506
fcfg: 699 3650.0 8.226037195994278
dp: 751 3652.0 1.2210386151797603
fcfg: 751 3707.0 11.537949400798935
dp: 729 3667.0 1.270233196159122
fcfg: 729 3755.0 18.532235939643346
dp: 751 3659.0 1.1238348868175765
fcfg: 751 3736.0 19.495339547270305
dp: 740 3666.0 1.8527027027027028
fcfg: 740 3678.0 24.024324324324326
dp: 755 3658.0 1.7854304635761589
fcfg: 755 3743.0 20.104635761589403
dp: 763 3659.0 1.2804718217562254
fcfg: 763 3696.0 17.771952817824378
dp: 770 3670.0 1.7454545454545454
fcfg: 770 3707.0 14.732467532467533
dp: 696 3654.0 0.9037356321839081
fcfg: 696 3697.0 14.107758620689655
dp: 756 3665.0 1.8214285714285714
fcfg: 756 3708.0 18.48148148148148
dp: 777 3660.0 2.0463320463320462
fcfg: 777 3761.0 28.54826254826255
dp: 744 3659.0 0.9865591397849462
fcfg: 744 3664.0 17.475806451612904
dp: 739 3662.0 1.7117726657645467
fcfg: 739 3662.0 14.635994587280107
dp: 712 3665.0 0.9129213483146067
fcfg: 712 3683.0 11.226123595505618
dp: 726 3669.0 1.2988980716253444
fcfg: 726 3689.0 11.949035812672177
dp: 756 3663.0 1.0317460317460319
fcfg: 756 3663.0 21.595238095238095
dp: 793 3650.0 1.880201765447667
fcfg: 793 3723.0 31.582597730138716
dp: 771 3661.0 2.0389105058365757
fcfg: 771 3773.0 41.02464332036317
dp: 749 3667.0 1.1268357810413885
fcfg: 749 3680.0 11.72630173564753
dp: 760 3666.0 1.325
fcfg: 760 3754.0 20.068421052631578
dp: 741 3658.0 1.5573549257759784
fcfg: 741 3738.0 20.218623481781375
dp: 751 3648.0 1.315579227696405
fcfg: 751 3652.0 21.21970705725699
dp: 753 3672.0 2.1779548472775563
fcfg: 753 3740.0 15.9269588313413
dp: 773 3668.0 1.423027166882277
fcfg: 773 3705.0 23.721862871927556
dp: 735 3664.0 1.0965986394557823
fcfg: 735 3682.0 13.75374149659864
dp: 729 3669.0 1.3689986282578874
fcfg: 729 3701.0 16.0
dp: 801 3662.0 1.3146067415730338
fcfg: 801 3703.0 32.164794007490634
dp: 722 3672.0 0.8559556786703602
fcfg: 722 3684.0 10.66759002770083
dp: 738 3660.0 1.505420054200542
fcfg: 738 3663.0 20.882113821138212
dp: 728 3669.0 1.2925824175824177
fcfg: 728 3676.0 10.303571428571429
dp: 739 3651.0 1.1096075778078485
fcfg: 739 3659.0 21.77131258457375
dp: 732 3659.0 1.330601092896175
fcfg: 732 3670.0 13.782786885245901
dp: 798 3662.0 2.0789473684210527
fcfg: 798 3671.0 29.908521303258144
dp: 804 3666.0 1.6156716417910448
fcfg: 804 3786.0 57.24129353233831
dp: 776 3671.0 1.6262886597938144
fcfg: 776 3714.0 28.02061855670103
dp: 724 3662.0 0.7292817679558011
fcfg: 724 3671.0 9.082872928176796
dp: 774 3684.0 1.7609819121447028
fcfg: 774 3731.0 19.135658914728683
dp: 738 3662.0 1.1382113821138211
fcfg: 738 3715.0 13.92818428184282
dp: 763 3656.0 2.7889908256880735
fcfg: 763 3762.0 28.410222804718217
dp: 793 3657.0 1.819672131147541
fcfg: 793 3666.0 30.102143757881464
dp: 753 3663.0 1.1925630810092962
fcfg: 753 3663.0 16.200531208499335
dp: 746 3651.0 1.2868632707774799
fcfg: 746 3683.0 14.583109919571045
dp: 747 3652.0 1.3775100401606426
fcfg: 747 3680.0 23.218206157965195
dp: 745 3653.0 1.2174496644295303
fcfg: 745 3707.0 30.691275167785236
dp: 731 3641.0 1.161422708618331
fcfg: 731 3663.0 17.856361149110807
dp: 749 3657.0 0.9692923898531375
fcfg: 749 3727.0 17.99332443257677
dp: 781 3673.0 2.531370038412292
fcfg: 781 3826.0 28.98079385403329
dp: 801 3677.0 2.269662921348315
fcfg: 801 3841.0 49.62671660424469
dp: 768 3652.0 1.8489583333333333
fcfg: 768 3667.0 40.526041666666664
dp: 704 3668.0 0.9375
fcfg: 704 3714.0 8.852272727272727
dp: 749 3658.0 1.1068090787716955
fcfg: 749 3698.0 16.363150867823766
dp: 766 3660.0 1.5992167101827677
fcfg: 766 3727.0 27.68798955613577
dp: 699 3651.0 0.9685264663805436
fcfg: 699 3658.0 7.298998569384835
dp: 807 3661.0 1.7558859975216852
fcfg: 807 3748.0 35.03097893432466
dp: 789 3661.0 1.5513307984790874
fcfg: 789 3714.0 21.49683143219265
dp: 684 3658.0 0.9576023391812866
fcfg: 684 3660.0 8.282163742690058
dp: 726 3667.0 0.8994490358126722
fcfg: 726 3672.0 6.5440771349862255
dp: 729 3660.0 1.1508916323731138
fcfg: 729 3672.0 21.87928669410151
dp: 791 3658.0 1.7762326169405815
fcfg: 791 3724.0 37.4905183312263
dp: 724 3652.0 1.6339779005524862
fcfg: 724 3672.0 16.023480662983424
dp: 804 3663.0 1.6604477611940298
fcfg: 804 3775.0 39.592039800995025
dp: 755 3660.0 3.0026490066225167
fcfg: 755 3759.0 18.508609271523177
dp: 753 3664.0 1.7915006640106241
fcfg: 753 3664.0 19.095617529880478
dp: 720 3652.0 1.1222222222222222
fcfg: 720 3652.0 10.481944444444444
dp: 785 3681.0 2.434394904458599
fcfg: 785 3784.0 39.26369426751592
dp: 759 3667.0 1.1093544137022397
fcfg: 759 3672.0 13.64163372859025
dp: 790 3659.0 2.7240506329113923
fcfg: 790 3659.0 29.40379746835443
dp: 768 3657.0 2.01171875
fcfg: 768 3723.0 19.45703125
dp: 713 3654.0 1.0420757363253856
fcfg: 713 3674.0 9.462833099579242
dp: 790 3652.0 1.418987341772152
fcfg: 790 3748.0 25.98987341772152
dp: 755 3655.0 1.8119205298013246
fcfg: 755 3655.0 19.47682119205298
dp: 703 3676.0 1.5988620199146515
fcfg: 703 3688.0 14.825035561877668
dp: 715 3653.0 1.6195804195804195
fcfg: 715 3653.0 18.746853146853148
dp: 764 3655.0 1.6963350785340314
fcfg: 764 3724.0 26.112565445026178
dp: 772 3657.0 1.9365284974093264
fcfg: 772 3773.0 32.262953367875646
dp: 770 3661.0 0.8441558441558441
fcfg: 770 3732.0 26.206493506493505
dp: 764 3661.0 1.3324607329842932
fcfg: 764 3747.0 17.596858638743456
dp: 757 3663.0 2.3038309114927347
fcfg: 757 3670.0 20.840158520475562
dp: 765 3670.0 1.3934640522875816
fcfg: 765 3697.0 17.783006535947713
dp: 801 3672.0 1.714107365792759
fcfg: 801 3785.0 36.89138576779026
dp: 766 3655.0 1.1866840731070496
fcfg: 766 3655.0 22.698433420365536
dp: 767 3672.0 1.7770534550195567
fcfg: 767 3754.0 26.53715775749674
dp: 726 3665.0 0.9297520661157025
fcfg: 726 3689.0 7.793388429752066
dp: 751 3666.0 1.33288948069241
fcfg: 751 3690.0 16.762982689747005
dp: 716 3670.0 1.5502793296089385
fcfg: 716 3709.0 16.886871508379887
dp: 756 3677.0 1.6865079365079365
fcfg: 756 3703.0 19.395502645502646
dp: 752 3655.0 1.2034574468085106
fcfg: 752 3656.0 11.789893617021276
dp: 760 3658.0 1.444736842105263
fcfg: 760 3661.0 24.16842105263158
dp: 738 3665.0 1.005420054200542
fcfg: 738 3741.0 16.139566395663955
dp: 730 3662.0 1.3273972602739725
fcfg: 730 3698.0 20.002739726027396
dp: 766 3662.0 1.08355091383812
fcfg: 766 3683.0 15.929503916449086
dp: 758 3655.0 1.1794195250659631
fcfg: 758 3658.0 16.687335092348285
dp: 778 3655.0 1.9100257069408741
fcfg: 778 3660.0 20.2853470437018
dp: 753 3662.0 1.658698539176627
fcfg: 753 3679.0 23.335989375830014
dp: 720 3658.0 1.2819444444444446
fcfg: 720 3683.0 16.386111111111113
dp: 772 3671.0 3.4313471502590676
fcfg: 772 3833.0 33.25777202072539
dp: 730 3683.0 1.0726027397260274
fcfg: 730 3718.0 8.36986301369863
dp: 728 3663.0 1.4423076923076923
fcfg: 728 3680.0 11.350274725274724
dp: 756 3654.0 2.4285714285714284
fcfg: 756 3686.0 22.117724867724867
dp: 717 3657.0 1.393305439330544
fcfg: 717 3695.0 21.278940027894002
dp: 773 3664.0 1.5265200517464423
fcfg: 773 3701.0 29.09831824062096
dp: 789 3670.0 1.2332065906210392
fcfg: 789 3693.0 24.277566539923953
dp: 762 3656.0 1.2913385826771653
fcfg: 762 3696.0 25.5
dp: 730 3660.0 2.115068493150685
fcfg: 730 3708.0 17.850684931506848
dp: 731 3671.0 0.7496580027359782
fcfg: 731 3698.0 9.69904240766074
dp: 715 3649.0 0.8503496503496504
fcfg: 715 3677.0 9.304895104895104
dp: 745 3662.0 1.7946308724832214
fcfg: 745 3723.0 16.065771812080538
dp: 776 3653.0 1.4149484536082475
fcfg: 776 3758.0 19.35438144329897
dp: 781 3659.0 1.5352112676056338
fcfg: 781 3776.0 25.262483994878362
dp: 746 3651.0 1.9302949061662198
fcfg: 746 3653.0 22.328418230563003
dp: 704 3661.0 1.3991477272727273
fcfg: 704 3711.0 11.816761363636363
dp: 802 3664.0 2.491271820448878
fcfg: 802 3873.0 65.37281795511223
dp: 738 3656.0 1.2981029810298104
fcfg: 738 3690.0 12.40650406504065
dp: 764 3668.0 1.9659685863874345
fcfg: 764 3788.0 22.914921465968586
dp: 734 3652.0 1.2247956403269755
fcfg: 734 3655.0 17.919618528610354
dp: 746 3668.0 1.3780160857908847
fcfg: 746 3673.0 18.049597855227884
dp: 786 3677.0 2.409669211195929
fcfg: 786 3752.0 53.036895674300254
dp: 710 3670.0 1.1253521126760564
fcfg: 710 3670.0 10.769014084507042
dp: 754 3668.0 1.2785145888594165
fcfg: 754 3689.0 20.06233421750663
dp: 799 3668.0 1.7784730913642053
fcfg: 799 3814.0 46.87484355444305
dp: 754 3657.0 0.8474801061007957
fcfg: 754 3657.0 13.478779840848807
dp: 763 3653.0 1.798165137614679
fcfg: 763 3772.0 42.64875491480996
dp: 757 3661.0 1.1638044914134742
fcfg: 757 3661.0 36.77542932628798
dp: 720 3663.0 1.6569444444444446
fcfg: 720 3855.0 37.96388888888889
dp: 748 3657.0 1.4197860962566844
fcfg: 748 3680.0 17.335561497326204
dp: 783 3674.0 1.6347381864623245
fcfg: 783 3737.0 24.561941251596423
dp: 748 3648.0 0.9532085561497327
fcfg: 748 3672.0 14.082887700534759
dp: 732 3649.0 1.419398907103825
fcfg: 732 3704.0 19.898907103825138
dp: 704 3665.0 1.5752840909090908
fcfg: 704 3669.0 10.661931818181818
dp: 729 3661.0 1.578875171467764
fcfg: 729 3753.0 20.45267489711934
dp: 706 3642.0 1.7422096317280453
fcfg: 706 3687.0 21.345609065155806
dp: 756 3664.0 1.0582010582010581
fcfg: 756 3777.0 27.798941798941797
dp: 711 3657.0 1.549929676511955
fcfg: 711 3662.0 16.261603375527425
dp: 716 3652.0 0.9622905027932961
fcfg: 716 3652.0 12.065642458100559
dp: 800 3678.0 2.33375
fcfg: 800 3724.0 29.26375
dp: 697 3652.0 1.0731707317073171
fcfg: 697 3661.0 9.259684361549498
dp: 798 3661.0 3.0050125313283207
fcfg: 798 3727.0 32.38471177944862
dp: 773 3664.0 1.4178525226390686
fcfg: 773 3695.0 18.73091849935317
dp: 780 3671.0 2.023076923076923
fcfg: 780 3743.0 37.093589743589746
dp: 729 3678.0 1.551440329218107
fcfg: 729 3685.0 16.89986282578875
dp: 722 3656.0 1.53601108033241
fcfg: 722 3658.0 11.634349030470915
dp: 736 3663.0 1.3695652173913044
fcfg: 736 3683.0 29.14945652173913
dp: 801 3675.0 2.1048689138576777
fcfg: 801 3694.0 40.0749063670412
dp: 751 3657.0 1.3288948069241011
fcfg: 751 3659.0 17.009320905459386
dp: 748 3656.0 2.084224598930481
fcfg: 748 3823.0 24.906417112299465
dp: 781 3667.0 1.6991037131882203
fcfg: 781 3697.0 19.772087067861715
dp: 751 3665.0 1.2276964047936085
fcfg: 751 3679.0 15.090545938748335
dp: 754 3658.0 1.9840848806366047
fcfg: 754 3726.0 31.19628647214854
dp: 758 3659.0 1.633245382585752
fcfg: 758 3707.0 26.08311345646438
dp: 743 3661.0 1.4724091520861373
fcfg: 743 3732.0 18.75908479138627
dp: 724 3649.0 1.0704419889502763
fcfg: 724 3649.0 15.299723756906078
dp: 760 3670.0 1.6368421052631579
fcfg: 760 3700.0 12.9
dp: 752 3663.0 1.485372340425532
fcfg: 752 3709.0 24.59441489361702
dp: 769 3644.0 2.375812743823147
fcfg: 769 3734.0 37.544863459037714
dp: 751 3649.0 0.9467376830892144
fcfg: 751 3686.0 16.917443408788284
dp: 762 3663.0 1.6561679790026247
fcfg: 762 3684.0 18.026246719160106
dp: 760 3667.0 1.6723684210526315
fcfg: 760 3673.0 15.914473684210526
dp: 713 3667.0 0.7419354838709677
fcfg: 713 3675.0 16.26507713884993
dp: 777 3645.0 1.5971685971685972
fcfg: 777 3764.0 27.8996138996139
dp: 761 3679.0 1.4034165571616295
fcfg: 761 3748.0 10.818659658344284
dp: 741 3651.0 0.9959514170040485
fcfg: 741 3695.0 16.40485829959514
dp: 702 3664.0 1.4316239316239316
fcfg: 702 3723.0 21.293447293447294
dp: 779 3659.0 1.6906290115532734
fcfg: 779 3659.0 23.901155327342746
dp: 738 3654.0 1.08130081300813
fcfg: 738 3734.0 17.937669376693766
dp: 750 3655.0 1.2373333333333334
fcfg: 750 3755.0 23.581333333333333
dp: 758 3678.0 1.675461741424802
fcfg: 758 3728.0 25.116094986807386
dp: 761 3660.0 0.8633377135348226
fcfg: 761 3682.0 14.145860709592641
dp: 720 3662.0 0.9027777777777778
fcfg: 720 3724.0 15.506944444444445
dp: 750 3655.0 1.2386666666666666
fcfg: 750 3655.0 21.98
dp: 765 3645.0 2.2287581699346406
fcfg: 765 3674.0 24.4797385620915
dp: 766 3661.0 2.480417754569191
fcfg: 766 3736.0 20.097911227154047
dp: 705 3651.0 0.950354609929078
fcfg: 705 3659.0 6.736170212765957
dp: 707 3651.0 0.9052333804809052
fcfg: 707 3659.0 9.373408769448373
dp: 780 3657.0 1.0384615384615385
fcfg: 780 3676.0 33.59230769230769
dp: 724 3677.0 1.12292817679558
fcfg: 724 3715.0 9.975138121546962
dp: 729 3663.0 0.7503429355281207
fcfg: 729 3668.0 7.814814814814815
dp: 729 3660.0 1.0685871056241427
fcfg: 729 3663.0 9.513031550068588
dp: 770 3678.0 1.490909090909091
fcfg: 770 3773.0 21.935064935064936
dp: 723 3668.0 0.9280774550484094
fcfg: 723 3668.0 18.97372060857538
dp: 790 3672.0 1.8670886075949367
fcfg: 790 3756.0 40.7379746835443
dp: 737 3670.0 1.1180461329715061
fcfg: 737 3744.0 17.597014925373134
dp: 723 3670.0 1.26417704011065
fcfg: 723 3728.0 11.491009681881051
dp: 741 3648.0 2.098515519568151
fcfg: 741 3654.0 35.044534412955464
dp: 745 3654.0 1.7033557046979866
fcfg: 745 3661.0 15.879194630872483
dp: 751 3664.0 0.877496671105193
fcfg: 751 3700.0 14.66444740346205
dp: 758 3663.0 1.4683377308707124
fcfg: 758 3675.0 14.316622691292876
dp: 762 3660.0 1.2086614173228347
fcfg: 762 3663.0 16.38451443569554
dp: 737 3665.0 0.8968792401628223
fcfg: 737 3712.0 12.609226594301221
dp: 769 3663.0 1.5461638491547465
fcfg: 769 3726.0 20.742522756827046
dp: 765 3656.0 1.473202614379085
fcfg: 765 3705.0 14.197385620915032
dp: 736 3665.0 1.5040760869565217
fcfg: 736 3719.0 32.96467391304348
dp: 729 3663.0 0.9849108367626886
fcfg: 729 3697.0 10.569272976680384
dp: 742 3658.0 1.6266846361185985
fcfg: 742 3765.0 24.765498652291104
dp: 781 3673.0 1.8693982074263764
fcfg: 781 3759.0 24.062740076824586
dp: 721 3664.0 0.9056865464632455
fcfg: 721 3702.0 12.965325936199722
dp: 747 3661.0 1.966532797858099
fcfg: 747 3728.0 16.224899598393574
dp: 700 3669.0 1.477142857142857
fcfg: 700 3673.0 14.905714285714286
dp: 761 3655.0 1.281208935611038
fcfg: 761 3699.0 18.946123521681997
dp: 810 3653.0 2.4444444444444446
fcfg: 810 3791.0 32.82839506172839
dp: 755 3661.0 2.504635761589404
fcfg: 755 3717.0 20.33112582781457
dp: 767 3657.0 1.7913950456323338
fcfg: 767 3743.0 43.08735332464146
dp: 716 3646.0 0.8994413407821229
fcfg: 716 3688.0 12.685754189944134
dp: 743 3665.0 1.294751009421265
fcfg: 743 3697.0 16.409152086137283
dp: 765 3667.0 2.542483660130719
fcfg: 765 3849.0 31.04313725490196
dp: 847 3664.0 1.9208972845336483
fcfg: 847 3840.0 70.22786304604486
dp: 749 3665.0 1.0507343124165553
fcfg: 749 3691.0 11.5086782376502
dp: 717 3652.0 1.1338912133891212
fcfg: 717 3657.0 17.02928870292887
dp: 744 3654.0 1.549731182795699
fcfg: 744 3654.0 15.756720430107526
dp: 721 3666.0 1.159500693481276
fcfg: 721 3710.0 13.592233009708737
dp: 735 3655.0 0.7727891156462585
fcfg: 735 3671.0 12.326530612244898
dp: 790 3664.0 1.7784810126582278
fcfg: 790 3781.0 51.29240506329114
dp: 789 3656.0 3.5614702154626108
fcfg: 789 3820.0 42.60963244613435
dp: 726 3665.0 1.7024793388429753
fcfg: 726 3682.0 11.953168044077135
dp: 734 3662.0 1.8024523160762942
fcfg: 734 3665.0 32.19618528610354
