dp: 208 1047.0 3.918269230769231
fcfg: 208 1047.0 3.9615384615384617
dp: 221 1068.0 4.873303167420814
fcfg: 221 1067.0 2.6561085972850678
dp: 260 1079.0 2.5384615384615383
fcfg: 260 1079.0 2.726923076923077
dp: 214 1070.0 3.2803738317757007
fcfg: 214 1076.0 2.5654205607476634
dp: 215 1079.0 1.372093023255814
fcfg: 215 1081.0 1.4604651162790698
dp: 227 1063.0 3.004405286343612
fcfg: 227 1063.0 2.3215859030837005
dp: 209 1061.0 2.110047846889952
fcfg: 209 1061.0 1.5933014354066986
dp: 204 1077.0 0.8921568627450981
fcfg: 204 1071.0 0.8725490196078431
dp: 209 1054.0 0.8803827751196173
fcfg: 209 1054.0 0.7129186602870813
dp: 225 1065.0 1.7733333333333334
fcfg: 225 1058.0 0.8977777777777778
dp: 225 1074.0 0.8133333333333334
fcfg: 225 1076.0 0.7777777777777778
dp: 240 1053.0 3.9541666666666666
fcfg: 240 1053.0 2.225
dp: 217 1067.0 1.5806451612903225
fcfg: 217 1067.0 1.2258064516129032
dp: 212 1066.0 1.0047169811320755
fcfg: 212 1058.0 0.7075471698113207
dp: 207 1057.0 1.3623188405797102
fcfg: 207 1057.0 1.4444444444444444
dp: 195 1066.0 1.087179487179487
fcfg: 195 1066.0 1.2923076923076924
dp: 198 1067.0 1.1111111111111112
fcfg: 198 1072.0 1.1464646464646464
dp: 213 1059.0 1.2018779342723005
fcfg: 213 1059.0 1.483568075117371
dp: 237 1066.0 2.1181434599156117
fcfg: 237 1065.0 2.7257383966244726
dp: 229 1088.0 2.3580786026200875
fcfg: 229 1097.0 2.3187772925764194
dp: 251 1066.0 10.091633466135459
fcfg: 251 1066.0 5.772908366533865
dp: 217 1070.0 1.599078341013825
fcfg: 217 1070.0 2.0829493087557602
dp: 221 1065.0 2.6380090497737556
fcfg: 221 1065.0 2.5610859728506785
dp: 227 1049.0 3.7841409691629955
fcfg: 227 1049.0 2.841409691629956
dp: 224 1076.0 3.0357142857142856
fcfg: 224 1074.0 1.8794642857142858
dp: 222 1063.0 4.063063063063063
fcfg: 222 1063.0 2.0135135135135136
dp: 236 1057.0 7.5974576271186445
fcfg: 236 1057.0 3.809322033898305
dp: 220 1057.0 1.740909090909091
fcfg: 220 1049.0 1.7272727272727273
dp: 239 1067.0 3.99163179916318
fcfg: 239 1067.0 3.414225941422594
dp: 234 1064.0 1.1837606837606838
fcfg: 234 1067.0 1.735042735042735
dp: 226 1069.0 2.017699115044248
fcfg: 226 1074.0 2.088495575221239
dp: 232 1058.0 2.581896551724138
fcfg: 232 1058.0 2.1767241379310347
dp: 248 1055.0 8.068548387096774
fcfg: 248 1055.0 5.709677419354839
dp: 246 1062.0 3.3495934959349594
fcfg: 246 1062.0 4.621951219512195
dp: 247 1060.0 5.8785425101214575
fcfg: 247 1060.0 5.396761133603239
dp: 240 1076.0 3.5208333333333335
fcfg: 240 1076.0 2.7125
dp: 214 1069.0 1.6822429906542056
fcfg: 214 1072.0 0.8785046728971962
dp: 216 1068.0 2.111111111111111
fcfg: 216 1069.0 1.8101851851851851
dp: 207 1073.0 0.6521739130434783
fcfg: 207 1074.0 0.748792270531401
dp: 203 1075.0 1.0886699507389161
fcfg: 203 1074.0 1.0985221674876848
dp: 229 1061.0 2.2838427947598254
fcfg: 229 1064.0 2.109170305676856
dp: 224 1067.0 3.1160714285714284
fcfg: 224 1067.0 3.3794642857142856
dp: 213 1071.0 1.0845070422535212
fcfg: 213 1076.0 1.1032863849765258
dp: 203 1064.0 0.7635467980295566
fcfg: 203 1064.0 0.7487684729064039
dp: 214 1077.0 1.2383177570093458
fcfg: 214 1079.0 1.897196261682243
dp: 234 1065.0 3.0982905982905984
fcfg: 234 1073.0 3.1324786324786325
dp: 242 1063.0 1.6198347107438016
fcfg: 242 1063.0 1.462809917355372
dp: 221 1069.0 1.5339366515837105
fcfg: 221 1069.0 1.339366515837104
dp: 213 1053.0 1.403755868544601
fcfg: 213 1053.0 0.9436619718309859
dp: 228 1065.0 3.5526315789473686
fcfg: 228 1065.0 2.745614035087719
dp: 227 1070.0 2.7136563876651985
fcfg: 227 1072.0 3.850220264317181
dp: 223 1069.0 3.3318385650224216
fcfg: 223 1069.0 1.6591928251121075
dp: 204 1072.0 1.3970588235294117
fcfg: 204 1076.0 1.2990196078431373
dp: 185 1061.0 1.162162162162162
fcfg: 185 1061.0 0.8648648648648649
dp: 261 1073.0 9.563218390804598
fcfg: 261 1073.0 9.624521072796934
dp: 223 1077.0 2.802690582959641
fcfg: 223 1077.0 2.1210762331838566
dp: 206 1054.0 1.4223300970873787
fcfg: 206 1054.0 1.470873786407767
dp: 231 1066.0 3.8051948051948052
fcfg: 231 1066.0 3.272727272727273
dp: 218 1055.0 1.775229357798165
fcfg: 218 1053.0 1.7844036697247707
dp: 239 1066.0 4.669456066945607
fcfg: 239 1066.0 3.4602510460251046
dp: 237 1058.0 5.105485232067511
fcfg: 237 1059.0 4.067510548523207
dp: 200 1066.0 1.29
fcfg: 200 1066.0 1.995
dp: 222 1051.0 5.427927927927928
fcfg: 222 1051.0 2.9279279279279278
dp: 201 1060.0 2.109452736318408
fcfg: 201 1060.0 1.3930348258706469
dp: 247 1064.0 5.5425101214574894
fcfg: 247 1064.0 5.020242914979757
dp: 243 1082.0 3.7325102880658436
fcfg: 243 1077.0 2.4979423868312756
dp: 199 1058.0 1.1959798994974875
fcfg: 199 1058.0 0.9849246231155779
dp: 234 1054.0 2.5042735042735043
fcfg: 234 1054.0 2.5854700854700856
dp: 220 1059.0 6.068181818181818
fcfg: 220 1059.0 3.8227272727272728
dp: 244 1061.0 4.10655737704918
fcfg: 244 1061.0 2.581967213114754
dp: 230 1060.0 1.7782608695652173
fcfg: 230 1060.0 1.991304347826087
dp: 231 1065.0 1.632034632034632
fcfg: 231 1065.0 1.567099567099567
dp: 222 1047.0 3.0675675675675675
fcfg: 222 1047.0 2.144144144144144
dp: 263 1089.0 7.85171102661597
fcfg: 263 1076.0 3.8631178707224336
dp: 229 1052.0 2.1528384279475983
fcfg: 229 1049.0 2.6419213973799125
dp: 219 1069.0 0.8127853881278538
fcfg: 219 1070.0 1.0410958904109588
dp: 220 1068.0 2.909090909090909
fcfg: 220 1068.0 1.5954545454545455
dp: 224 1065.0 1.4553571428571428
fcfg: 224 1065.0 1.5223214285714286
dp: 224 1070.0 2.4464285714285716
fcfg: 224 1070.0 2.1964285714285716
dp: 216 1063.0 1.1990740740740742
fcfg: 216 1063.0 0.7638888888888888
dp: 223 1070.0 2.3497757847533634
fcfg: 223 1070.0 1.6995515695067265
dp: 210 1056.0 1.3142857142857143
fcfg: 210 1056.0 1.3142857142857143
dp: 233 1062.0 2.643776824034335
fcfg: 233 1062.0 2.257510729613734
dp: 219 1076.0 1.8584474885844748
fcfg: 219 1074.0 1.6986301369863013
dp: 211 1057.0 1.2322274881516588
fcfg: 211 1057.0 1.6445497630331753
dp: 245 1063.0 3.3714285714285714
fcfg: 245 1065.0 2.726530612244898
dp: 248 1067.0 2.713709677419355
fcfg: 248 1067.0 4.294354838709677
dp: 213 1069.0 0.6995305164319249
fcfg: 213 1070.0 0.8356807511737089
dp: 224 1086.0 2.4107142857142856
fcfg: 224 1094.0 2.8482142857142856
dp: 212 1062.0 1.5660377358490567
fcfg: 212 1062.0 1.1933962264150944
dp: 223 1073.0 2.6457399103139014
fcfg: 223 1070.0 2.3004484304932737
dp: 213 1061.0 2.516431924882629
fcfg: 213 1061.0 3.028169014084507
dp: 197 1067.0 0.8527918781725888
fcfg: 197 1067.0 0.6548223350253807
dp: 244 1069.0 1.9754098360655739
fcfg: 244 1074.0 2.7295081967213113
dp: 231 1071.0 2.212121212121212
fcfg: 231 1071.0 1.844155844155844
dp: 228 1059.0 2.8508771929824563
fcfg: 228 1059.0 2.6578947368421053
dp: 216 1060.0 1.1435185185185186
fcfg: 216 1060.0 1.3981481481481481
dp: 226 1069.0 3.8672566371681416
fcfg: 226 1069.0 4.15929203539823
dp: 221 1060.0 2.32579185520362
fcfg: 221 1060.0 2.914027149321267
dp: 250 1069.0 2.204
fcfg: 250 1073.0 2.692
dp: 243 1061.0 7.403292181069959
fcfg: 243 1061.0 4.061728395061729
dp: 210 1057.0 1.2142857142857142
fcfg: 210 1053.0 0.6333333333333333
dp: 217 1069.0 4.105990783410138
fcfg: 217 1069.0 1.1013824884792627
dp: 237 1066.0 5.109704641350211
fcfg: 237 1065.0 3.7257383966244726
dp: 229 1063.0 4.209606986899563
fcfg: 229 1061.0 2.8078602620087336
dp: 215 1065.0 3.604651162790698
fcfg: 215 1065.0 1.0883720930232559
dp: 215 1066.0 5.925581395348837
fcfg: 215 1066.0 1.1441860465116278
dp: 224 1078.0 5.857142857142857
fcfg: 224 1078.0 1.9285714285714286
dp: 234 1059.0 5.542735042735043
fcfg: 234 1058.0 5.115384615384615
dp: 217 1086.0 5.304147465437788
fcfg: 217 1083.0 3.3502304147465436
dp: 209 1058.0 4.70334928229665
fcfg: 209 1058.0 2.1148325358851676
dp: 239 1082.0 6.98326359832636
fcfg: 239 1070.0 3.205020920502092
dp: 222 1064.0 4.378378378378378
fcfg: 222 1063.0 1.8783783783783783
dp: 235 1084.0 5.5574468085106385
fcfg: 235 1083.0 3.953191489361702
dp: 227 1082.0 3.9779735682819384
fcfg: 227 1062.0 1.6607929515418502
dp: 202 1065.0 2.717821782178218
fcfg: 202 1065.0 0.8762376237623762
dp: 245 1061.0 6.816326530612245
fcfg: 245 1060.0 3.595918367346939
dp: 228 1078.0 3.789473684210526
fcfg: 228 1059.0 2.1666666666666665
dp: 210 1060.0 2.8285714285714287
fcfg: 210 1060.0 1.0571428571428572
dp: 203 1074.0 1.1576354679802956
fcfg: 203 1069.0 0.5270935960591133
dp: 226 1056.0 4.314159292035399
fcfg: 226 1058.0 1.6725663716814159
dp: 236 1064.0 7.728813559322034
fcfg: 236 1062.0 2.1016949152542375
dp: 233 1051.0 6.669527896995708
fcfg: 233 1050.0 3.3390557939914163
dp: 214 1064.0 3.0981308411214954
fcfg: 214 1065.0 1.8457943925233644
dp: 212 1079.0 4.915094339622642
fcfg: 212 1066.0 1.5330188679245282
dp: 221 1057.0 2.936651583710407
fcfg: 221 1056.0 0.7013574660633484
dp: 231 1068.0 4.212121212121212
fcfg: 231 1069.0 1.9567099567099566
dp: 224 1061.0 3.174107142857143
fcfg: 224 1061.0 1.2633928571428572
dp: 214 1057.0 3.2850467289719627
fcfg: 214 1056.0 1.219626168224299
dp: 235 1075.0 3.9404255319148938
fcfg: 235 1073.0 1.5872340425531914
dp: 222 1048.0 6.842342342342342
fcfg: 222 1047.0 4.342342342342342
dp: 244 1052.0 7.60655737704918
fcfg: 244 1052.0 3.7295081967213113
dp: 220 1062.0 4.404545454545454
fcfg: 220 1062.0 1.7818181818181817
dp: 229 1064.0 3.965065502183406
fcfg: 229 1064.0 2.2882096069868996
dp: 207 1070.0 3.531400966183575
fcfg: 207 1068.0 2.463768115942029
dp: 223 1067.0 3.704035874439462
fcfg: 223 1067.0 1.345291479820628
dp: 215 1074.0 4.423255813953489
fcfg: 215 1073.0 1.8046511627906976
dp: 212 1061.0 2.938679245283019
fcfg: 212 1052.0 2.2641509433962264
dp: 230 1072.0 2.9956521739130433
fcfg: 230 1075.0 1.6043478260869566
dp: 212 1073.0 4.6745283018867925
fcfg: 212 1065.0 2.69811320754717
dp: 212 1050.0 7.679245283018868
fcfg: 212 1050.0 1.1179245283018868
dp: 227 1063.0 4.6784140969163
fcfg: 227 1063.0 2.643171806167401
dp: 217 1066.0 4.11520737327189
fcfg: 217 1065.0 1.2119815668202765
dp: 211 1075.0 3.156398104265403
fcfg: 211 1072.0 0.8957345971563981
dp: 232 1082.0 4.836206896551724
fcfg: 232 1069.0 1.5991379310344827
dp: 222 1061.0 2.7387387387387387
fcfg: 222 1061.0 1.2162162162162162
dp: 211 1059.0 2.895734597156398
fcfg: 211 1058.0 1.8483412322274881
dp: 230 1060.0 5.804347826086956
fcfg: 230 1058.0 3.2217391304347824
dp: 215 1066.0 2.73953488372093
fcfg: 215 1066.0 2.125581395348837
dp: 242 1076.0 8.223140495867769
fcfg: 242 1068.0 2.231404958677686
dp: 222 1078.0 4.518018018018018
fcfg: 222 1071.0 1.6756756756756757
dp: 225 1063.0 5.266666666666667
fcfg: 225 1062.0 4.835555555555556
dp: 203 1066.0 5.113300492610837
fcfg: 203 1066.0 1.083743842364532
dp: 215 1067.0 3.874418604651163
fcfg: 215 1067.0 1.2279069767441861
dp: 229 1075.0 5.179039301310044
fcfg: 229 1079.0 2.109170305676856
dp: 213 1056.0 1.7370892018779343
fcfg: 213 1056.0 1.0892018779342723
dp: 231 1063.0 6.558441558441558
fcfg: 231 1056.0 1.3333333333333333
dp: 218 1060.0 3.032110091743119
fcfg: 218 1053.0 1.1376146788990826
dp: 242 1088.0 11.487603305785123
fcfg: 242 1067.0 2.5578512396694215
dp: 234 1061.0 5.935897435897436
fcfg: 234 1061.0 3.4316239316239314
dp: 239 1061.0 6.347280334728033
fcfg: 239 1055.0 2.602510460251046
dp: 194 1056.0 2.2010309278350517
fcfg: 194 1054.0 1.0876288659793814
dp: 230 1076.0 4.730434782608696
fcfg: 230 1084.0 4.208695652173913
dp: 223 1066.0 3.4573991031390134
fcfg: 223 1066.0 1.905829596412556
dp: 212 1054.0 5.490566037735849
fcfg: 212 1054.0 2.188679245283019
dp: 214 1063.0 4.126168224299065
fcfg: 214 1063.0 2.7383177570093458
dp: 216 1077.0 4.148148148148148
fcfg: 216 1077.0 1.3148148148148149
dp: 223 1068.0 3.8699551569506725
fcfg: 223 1068.0 2.336322869955157
dp: 221 1063.0 6.04524886877828
fcfg: 221 1063.0 2.4434389140271495
dp: 241 1067.0 4.066390041493776
fcfg: 241 1069.0 2.2946058091286305
dp: 234 1072.0 4.905982905982906
fcfg: 234 1070.0 2.1965811965811968
dp: 216 1074.0 3.2175925925925926
fcfg: 216 1066.0 1.3888888888888888
dp: 229 1072.0 5.209606986899563
fcfg: 229 1072.0 2.868995633187773
dp: 230 1073.0 4.6695652173913045
fcfg: 230 1073.0 2.139130434782609
dp: 194 1052.0 3.6804123711340204
fcfg: 194 1052.0 1.3453608247422681
dp: 198 1061.0 3.792929292929293
fcfg: 198 1061.0 1.1565656565656566
dp: 203 1058.0 1.6650246305418719
fcfg: 203 1058.0 0.729064039408867
dp: 215 1067.0 2.9953488372093022
fcfg: 215 1073.0 1.1906976744186046
dp: 218 1054.0 2.165137614678899
fcfg: 218 1054.0 0.7339449541284404
dp: 219 1078.0 3.835616438356164
fcfg: 219 1058.0 1.2831050228310503
dp: 203 1062.0 2.2118226600985222
fcfg: 203 1062.0 1.1477832512315271
dp: 212 1099.0 2.768867924528302
fcfg: 212 1075.0 1.0613207547169812
dp: 212 1064.0 3.1367924528301887
fcfg: 212 1059.0 1.6650943396226414
dp: 208 1054.0 3.889423076923077
fcfg: 208 1054.0 1.7788461538461537
dp: 216 1074.0 1.8657407407407407
fcfg: 216 1073.0 0.6435185185185185
dp: 191 1066.0 2.356020942408377
fcfg: 191 1066.0 1.1465968586387434
dp: 229 1056.0 5.008733624454148
fcfg: 229 1052.0 3.2183406113537116
dp: 228 1076.0 2.741228070175439
fcfg: 228 1068.0 1.9298245614035088
dp: 213 1064.0 2.887323943661972
fcfg: 213 1060.0 0.92018779342723
dp: 236 1053.0 8.94915254237288
fcfg: 236 1053.0 5.046610169491525
dp: 209 1074.0 1.9808612440191387
fcfg: 209 1070.0 1.244019138755981
dp: 240 1058.0 5.6875
fcfg: 240 1048.0 1.9833333333333334
dp: 227 1052.0 8.687224669603523
fcfg: 227 1050.0 2.8634361233480177
dp: 217 1071.0 2.769585253456221
fcfg: 217 1065.0 1.5207373271889402
dp: 230 1065.0 4.608695652173913
fcfg: 230 1065.0 3.465217391304348
dp: 220 1064.0 4.340909090909091
fcfg: 220 1064.0 1.8636363636363635
dp: 214 1054.0 6.242990654205608
fcfg: 214 1054.0 1.691588785046729
dp: 213 1064.0 8.821596244131456
fcfg: 213 1058.0 1.488262910798122
dp: 228 1060.0 6.157894736842105
fcfg: 228 1062.0 2.3991228070175437
dp: 230 1088.0 4.1347826086956525
fcfg: 230 1089.0 2.5956521739130434
dp: 207 1054.0 3.859903381642512
fcfg: 207 1052.0 1.4879227053140096
dp: 260 1082.0 7.023076923076923
fcfg: 260 1082.0 4.976923076923077
dp: 212 1054.0 3.75
fcfg: 212 1054.0 2.740566037735849
dp: 215 1069.0 6.623255813953488
fcfg: 215 1069.0 2.1534883720930234
dp: 231 1063.0 5.199134199134199
fcfg: 231 1054.0 1.7402597402597402
dp: 232 1056.0 6.831896551724138
fcfg: 232 1056.0 4.056034482758621
dp: 241 1072.0 10.535269709543568
fcfg: 241 1066.0 5.261410788381743
dp: 230 1073.0 5.630434782608695
fcfg: 230 1071.0 3.1826086956521737
dp: 206 1070.0 1.412621359223301
fcfg: 206 1065.0 0.7815533980582524
dp: 206 1055.0 3.7427184466019416
fcfg: 206 1055.0 2.995145631067961
dp: 222 1080.0 4.531531531531532
fcfg: 222 1073.0 2.4864864864864864
dp: 200 1077.0 2.445
fcfg: 200 1071.0 1.095
dp: 209 1074.0 4.7272727272727275
fcfg: 209 1055.0 1.8373205741626795
dp: 227 1069.0 6.202643171806168
fcfg: 227 1067.0 1.7709251101321586
dp: 194 1052.0 2.0412371134020617
fcfg: 194 1052.0 0.7783505154639175
dp: 232 1082.0 8.758620689655173
fcfg: 232 1070.0 3.4655172413793105
dp: 232 1054.0 8.038793103448276
fcfg: 232 1044.0 4.418103448275862
dp: 229 1049.0 5.716157205240175
fcfg: 229 1049.0 2.441048034934498
dp: 229 1084.0 5.008733624454148
fcfg: 229 1077.0 3.0436681222707422
dp: 223 1072.0 3.7354260089686098
fcfg: 223 1070.0 2.381165919282511
dp: 206 1062.0 3.941747572815534
fcfg: 206 1060.0 2.233009708737864
dp: 215 1069.0 4.241860465116279
fcfg: 215 1069.0 0.9116279069767442
dp: 186 1061.0 1.564516129032258
fcfg: 186 1061.0 0.532258064516129
dp: 221 1089.0 3.3529411764705883
fcfg: 221 1080.0 2.171945701357466
dp: 215 1091.0 4.813953488372093
fcfg: 215 1071.0 2.9488372093023254
dp: 237 1069.0 6.966244725738397
fcfg: 237 1069.0 2.738396624472574
dp: 233 1062.0 4.386266094420601
fcfg: 233 1056.0 1.9570815450643777
dp: 196 1065.0 2.3520408163265305
fcfg: 196 1065.0 1.2551020408163265
dp: 192 1062.0 6.114583333333333
fcfg: 192 1062.0 1.1822916666666667
dp: 205 1051.0 4.580487804878048
fcfg: 205 1051.0 2.7463414634146344
dp: 222 1055.0 1.8243243243243243
fcfg: 222 1055.0 1.3063063063063063
dp: 250 1074.0 9.124
fcfg: 250 1067.0 4.24
dp: 214 1064.0 2.102803738317757
fcfg: 214 1064.0 0.5794392523364486
dp: 200 1062.0 1.89
fcfg: 200 1062.0 1.485
dp: 214 1078.0 6.0514018691588785
fcfg: 214 1065.0 1.8878504672897196
dp: 229 1075.0 3.0655021834061134
fcfg: 229 1064.0 2.03056768558952
dp: 197 1063.0 3.1218274111675126
fcfg: 197 1068.0 1.2131979695431472
dp: 205 1051.0 3.6439024390243904
fcfg: 205 1051.0 1.526829268292683
dp: 226 1086.0 3.172566371681416
fcfg: 226 1084.0 1.508849557522124
dp: 224 1086.0 7.892857142857143
fcfg: 224 1074.0 2.0669642857142856
dp: 233 1074.0 3.412017167381974
fcfg: 233 1070.0 1.0729613733905579
dp: 209 1071.0 1.2488038277511961
fcfg: 209 1066.0 0.9617224880382775
dp: 220 1092.0 3.659090909090909
fcfg: 220 1063.0 1.1227272727272728
dp: 228 1081.0 5.4868421052631575
fcfg: 228 1089.0 3.442982456140351
dp: 212 1064.0 2.9952830188679247
fcfg: 212 1064.0 1.6933962264150944
dp: 241 1061.0 6.91701244813278
fcfg: 241 1053.0 1.5767634854771784
dp: 220 1059.0 6.3954545454545455
fcfg: 220 1059.0 2.5272727272727273
dp: 219 1060.0 4.47945205479452
fcfg: 219 1059.0 1.1095890410958904
dp: 243 1092.0 4.691358024691358
fcfg: 243 1078.0 3.1728395061728394
dp: 226 1074.0 3.7035398230088497
fcfg: 226 1074.0 2.4734513274336285
dp: 189 1049.0 1.8994708994708995
fcfg: 189 1049.0 1.492063492063492
dp: 221 1063.0 3.755656108597285
fcfg: 221 1065.0 1.416289592760181
dp: 224 1080.0 9.0
fcfg: 224 1066.0 2.549107142857143
dp: 211 1065.0 4.028436018957346
fcfg: 211 1064.0 1.0568720379146919
dp: 209 1048.0 3.5167464114832536
fcfg: 209 1045.0 1.4019138755980862
dp: 213 1064.0 2.9107981220657275
fcfg: 213 1063.0 1.0046948356807512
dp: 246 1083.0 7.296747967479675
fcfg: 246 1072.0 3.0813008130081303
dp: 212 1055.0 2.6226415094339623
fcfg: 212 1055.0 1.5188679245283019
dp: 211 1072.0 3.5450236966824646
fcfg: 211 1063.0 1.4265402843601895
dp: 234 1095.0 4.02991452991453
fcfg: 234 1096.0 2.3162393162393164
dp: 220 1065.0 2.4863636363636363
fcfg: 220 1060.0 1.75
dp: 228 1056.0 5.18859649122807
fcfg: 228 1056.0 2.530701754385965
dp: 209 1061.0 3.15311004784689
fcfg: 209 1061.0 0.7129186602870813
dp: 215 1067.0 8.274418604651164
fcfg: 215 1067.0 2.7116279069767444
dp: 216 1110.0 5.055555555555555
fcfg: 216 1076.0 2.3194444444444446
dp: 243 1068.0 3.213991769547325
fcfg: 243 1067.0 2.6131687242798356
dp: 240 1079.0 6.983333333333333
fcfg: 240 1069.0 4.204166666666667
dp: 208 1061.0 2.0865384615384617
fcfg: 208 1061.0 1.5240384615384615
dp: 205 1055.0 4.15609756097561
fcfg: 205 1055.0 0.8536585365853658
dp: 216 1066.0 4.652777777777778
fcfg: 216 1066.0 1.2962962962962963
dp: 207 1070.0 2.2318840579710146
fcfg: 207 1059.0 1.391304347826087
dp: 223 1080.0 2.327354260089686
fcfg: 223 1081.0 1.6502242152466369
dp: 236 1083.0 5.495762711864407
fcfg: 236 1077.0 2.01271186440678
dp: 217 1056.0 4.986175115207374
fcfg: 217 1059.0 2.585253456221198
dp: 223 1068.0 5.672645739910314
fcfg: 223 1065.0 3.901345291479821
dp: 217 1071.0 3.806451612903226
fcfg: 217 1062.0 1.4470046082949308
dp: 222 1058.0 2.018018018018018
fcfg: 222 1058.0 0.9819819819819819
dp: 226 1060.0 4.561946902654867
fcfg: 226 1059.0 2.017699115044248
dp: 216 1076.0 4.62962962962963
fcfg: 216 1077.0 1.9861111111111112
dp: 221 1051.0 4.678733031674208
fcfg: 221 1051.0 2.7873303167420813
dp: 239 1063.0 6.97907949790795
fcfg: 239 1063.0 2.916317991631799
dp: 214 1055.0 5.331775700934579
fcfg: 214 1055.0 1.939252336448598
dp: 218 1050.0 4.032110091743119
fcfg: 218 1052.0 1.651376146788991
dp: 228 1068.0 6.065789473684211
fcfg: 228 1068.0 3.8552631578947367
dp: 242 1085.0 8.896694214876034
fcfg: 242 1082.0 5.491735537190083
dp: 227 1071.0 6.86784140969163
fcfg: 227 1073.0 5.616740088105727
dp: 226 1060.0 4.553097345132743
fcfg: 226 1060.0 1.323008849557522
dp: 224 1077.0 6.348214285714286
fcfg: 224 1068.0 2.3973214285714284
dp: 198 1063.0 2.1363636363636362
fcfg: 198 1063.0 1.0505050505050506
dp: 206 1076.0 2.2864077669902914
fcfg: 206 1065.0 1.0485436893203883
dp: 207 1064.0 2.608695652173913
fcfg: 207 1061.0 1.6328502415458936
dp: 228 1060.0 4.228070175438597
fcfg: 228 1060.0 1.5482456140350878
dp: 225 1075.0 7.0488888888888885
fcfg: 225 1069.0 1.8266666666666667
dp: 219 1055.0 4.863013698630137
fcfg: 219 1055.0 2.3972602739726026
dp: 214 1055.0 4.0327102803738315
fcfg: 214 1053.0 1.6121495327102804
dp: 236 1075.0 5.610169491525424
fcfg: 236 1066.0 1.6906779661016949
dp: 231 1075.0 5.432900432900433
fcfg: 231 1071.0 1.4718614718614718
dp: 209 1054.0 2.550239234449761
fcfg: 209 1054.0 0.7559808612440191
dp: 239 1074.0 4.669456066945607
fcfg: 239 1065.0 1.8535564853556485
dp: 230 1073.0 3.365217391304348
fcfg: 230 1066.0 1.934782608695652
dp: 252 1079.0 7.694444444444445
fcfg: 252 1073.0 3.75
dp: 211 1054.0 2.061611374407583
fcfg: 211 1053.0 1.5545023696682465
dp: 220 1064.0 1.1818181818181819
fcfg: 220 1069.0 0.8
dp: 216 1065.0 5.101851851851852
fcfg: 216 1065.0 2.1574074074074074
dp: 212 1052.0 3.792452830188679
fcfg: 212 1047.0 1.3254716981132075
dp: 212 1050.0 2.292452830188679
fcfg: 212 1050.0 1.278301886792453
dp: 207 1059.0 3.289855072463768
fcfg: 207 1059.0 1.4492753623188406
dp: 199 1062.0 1.5879396984924623
fcfg: 199 1062.0 0.9246231155778895
dp: 246 1057.0 6.955284552845528
fcfg: 246 1057.0 2.532520325203252
dp: 214 1053.0 4.878504672897196
fcfg: 214 1053.0 1.6261682242990654
dp: 197 1055.0 5.243654822335025
fcfg: 197 1054.0 2.8375634517766497
dp: 212 1095.0 5.556603773584905
fcfg: 212 1077.0 2.1320754716981134
dp: 211 1071.0 5.218009478672986
fcfg: 211 1066.0 4.009478672985782
dp: 192 1061.0 2.5052083333333335
fcfg: 192 1061.0 1.5104166666666667
dp: 246 1059.0 7.979674796747967
fcfg: 246 1059.0 5.186991869918699
dp: 216 1059.0 4.888888888888889
fcfg: 216 1059.0 3.6435185185185186
dp: 227 1069.0 2.850220264317181
fcfg: 227 1069.0 1.7092511013215859
dp: 223 1077.0 5.439461883408072
fcfg: 223 1066.0 1.9327354260089686
dp: 231 1050.0 6.025974025974026
fcfg: 231 1050.0 2.878787878787879
dp: 272 1103.0 13.047794117647058
fcfg: 272 1111.0 9.547794117647058
dp: 209 1064.0 3.349282296650718
fcfg: 209 1060.0 1.1961722488038278
dp: 234 1065.0 4.6239316239316235
fcfg: 234 1060.0 2.02991452991453
dp: 217 1061.0 2.28110599078341
fcfg: 217 1061.0 1.4884792626728112
dp: 235 1057.0 6.727659574468085
fcfg: 235 1061.0 4.353191489361702
dp: 228 1066.0 6.324561403508772
fcfg: 228 1053.0 1.0833333333333333
dp: 216 1066.0 6.074074074074074
fcfg: 216 1066.0 1.5185185185185186
dp: 213 1070.0 2.3427230046948355
fcfg: 213 1059.0 0.8779342723004695
dp: 234 1055.0 6.004273504273504
fcfg: 234 1055.0 4.568376068376068
dp: 244 1094.0 9.23360655737705
fcfg: 244 1090.0 4.647540983606557
dp: 239 1095.0 10.422594142259415
fcfg: 239 1077.0 2.3933054393305437
dp: 221 1061.0 6.208144796380091
fcfg: 221 1061.0 1.583710407239819
dp: 224 1060.0 3.8794642857142856
fcfg: 224 1060.0 2.138392857142857
dp: 203 1079.0 1.3251231527093597
fcfg: 203 1078.0 0.7783251231527094
dp: 209 1051.0 2.2966507177033493
fcfg: 209 1051.0 1.3732057416267942
dp: 212 1056.0 3.9292452830188678
fcfg: 212 1056.0 1.3867924528301887
dp: 229 1096.0 3.8646288209606987
fcfg: 229 1063.0 1.8078602620087336
dp: 218 1060.0 2.9174311926605503
fcfg: 218 1060.0 1.4954128440366972
dp: 224 1064.0 5.254464285714286
fcfg: 224 1062.0 2.3169642857142856
dp: 223 1065.0 3.201793721973094
fcfg: 223 1065.0 2.4170403587443947
dp: 198 1076.0 1.101010101010101
fcfg: 198 1074.0 0.5
dp: 223 1067.0 4.84304932735426
fcfg: 223 1067.0 1.3273542600896862
dp: 215 1072.0 4.888372093023256
fcfg: 215 1072.0 1.697674418604651
dp: 239 1073.0 3.2552301255230125
fcfg: 239 1067.0 1.7740585774058577
dp: 209 1056.0 2.9617224880382773
fcfg: 209 1056.0 0.6220095693779905
dp: 255 1079.0 6.08235294117647
fcfg: 255 1068.0 1.8980392156862744
dp: 197 1067.0 2.1065989847715736
fcfg: 197 1067.0 1.4873096446700507
dp: 219 1054.0 3.232876712328767
fcfg: 219 1056.0 1.4429223744292237
dp: 201 1052.0 3.1343283582089554
fcfg: 201 1052.0 1.8507462686567164
dp: 250 1078.0 7.476
fcfg: 250 1069.0 6.012
dp: 215 1057.0 6.051162790697674
fcfg: 215 1057.0 1.3767441860465117
dp: 224 1067.0 7.03125
fcfg: 224 1064.0 3.5580357142857144
dp: 210 1062.0 2.823809523809524
fcfg: 210 1060.0 1.8285714285714285
dp: 255 1071.0 6.635294117647059
fcfg: 255 1065.0 3.180392156862745
dp: 231 1073.0 3.883116883116883
fcfg: 231 1077.0 3.6363636363636362
dp: 205 1054.0 2.8829268292682926
fcfg: 205 1053.0 2.1951219512195124
dp: 235 1090.0 6.48936170212766
fcfg: 235 1066.0 3.331914893617021
dp: 252 1082.0 8.591269841269842
fcfg: 252 1084.0 7.5
dp: 230 1064.0 5.904347826086957
fcfg: 230 1058.0 2.0565217391304347
dp: 207 1058.0 2.0531400966183573
fcfg: 207 1058.0 0.5458937198067633
dp: 247 1057.0 7.275303643724697
fcfg: 247 1057.0 4.2105263157894735
dp: 227 1078.0 5.594713656387666
fcfg: 227 1066.0 1.6475770925110131
dp: 199 1068.0 1.8241206030150754
fcfg: 199 1067.0 1.4120603015075377
dp: 206 1052.0 4.169902912621359
fcfg: 206 1052.0 2.941747572815534
dp: 197 1073.0 1.736040609137056
fcfg: 197 1070.0 0.5685279187817259
dp: 232 1075.0 6.357758620689655
fcfg: 232 1075.0 3.1982758620689653
dp: 212 1067.0 3.8867924528301887
fcfg: 212 1069.0 1.0424528301886793
dp: 198 1065.0 1.797979797979798
fcfg: 198 1061.0 0.7474747474747475
dp: 227 1066.0 5.859030837004405
fcfg: 227 1066.0 2.511013215859031
dp: 221 1064.0 4.090497737556561
fcfg: 221 1064.0 1.2760180995475112
dp: 207 1068.0 3.8502415458937196
fcfg: 207 1068.0 2.2705314009661834
dp: 250 1058.0 6.644
fcfg: 250 1059.0 3.628
dp: 216 1069.0 3.8981481481481484
fcfg: 216 1067.0 1.7916666666666667
dp: 220 1072.0 5.718181818181818
fcfg: 220 1059.0 2.9318181818181817
dp: 216 1062.0 4.671296296296297
fcfg: 216 1062.0 2.2546296296296298
dp: 225 1071.0 4.644444444444445
fcfg: 225 1064.0 1.9333333333333333
dp: 211 1055.0 4.436018957345971
fcfg: 211 1055.0 1.3080568720379147
dp: 231 1057.0 3.134199134199134
fcfg: 231 1057.0 1.5281385281385282
dp: 218 1061.0 3.9174311926605503
fcfg: 218 1058.0 1.1743119266055047
dp: 224 1065.0 4.977678571428571
fcfg: 224 1062.0 1.71875
dp: 217 1059.0 4.907834101382488
fcfg: 217 1054.0 2.447004608294931
dp: 221 1070.0 4.542986425339366
fcfg: 221 1055.0 2.2036199095022626
dp: 226 1080.0 4.995575221238938
fcfg: 226 1060.0 2.415929203539823
dp: 218 1063.0 2.9954128440366974
fcfg: 218 1059.0 1.2293577981651376
dp: 243 1076.0 6.691358024691358
fcfg: 243 1061.0 2.9670781893004117
dp: 248 1093.0 7.508064516129032
fcfg: 248 1083.0 3.556451612903226
dp: 225 1060.0 5.697777777777778
fcfg: 225 1054.0 2.328888888888889
dp: 237 1055.0 10.189873417721518
fcfg: 237 1055.0 8.084388185654008
dp: 228 1066.0 5.451754385964913
fcfg: 228 1059.0 1.618421052631579
dp: 234 1068.0 5.213675213675214
fcfg: 234 1061.0 2.0384615384615383
dp: 222 1045.0 2.5855855855855854
fcfg: 222 1040.0 1.6261261261261262
dp: 196 1070.0 4.377551020408164
fcfg: 196 1070.0 1.1887755102040816
dp: 213 1056.0 4.286384976525822
fcfg: 213 1056.0 2.1220657276995305
dp: 229 1069.0 4.532751091703057
fcfg: 229 1055.0 3.532751091703057
dp: 219 1060.0 4.228310502283105
fcfg: 219 1059.0 1.8675799086757991
dp: 223 1060.0 7.291479820627803
fcfg: 223 1060.0 1.9013452914798206
dp: 223 1071.0 5.1524663677130045
fcfg: 223 1072.0 2.0582959641255605
dp: 216 1084.0 4.3842592592592595
fcfg: 216 1078.0 1.3055555555555556
dp: 217 1062.0 2.870967741935484
fcfg: 217 1062.0 1.0506912442396312
dp: 213 1081.0 3.004694835680751
fcfg: 213 1085.0 1.3427230046948357
dp: 217 1060.0 3.6313364055299537
fcfg: 217 1060.0 0.8571428571428571
dp: 201 1070.0 1.7611940298507462
fcfg: 201 1060.0 1.1890547263681592
dp: 230 1094.0 6.3130434782608695
fcfg: 230 1076.0 3.360869565217391
dp: 230 1070.0 4.756521739130434
fcfg: 230 1072.0 2.708695652173913
dp: 227 1057.0 5.916299559471366
fcfg: 227 1055.0 3.4757709251101323
dp: 225 1055.0 5.208888888888889
fcfg: 225 1056.0 2.1733333333333333
dp: 237 1093.0 5.7974683544303796
fcfg: 237 1069.0 2.4683544303797467
dp: 219 1061.0 3.1872146118721463
fcfg: 219 1061.0 1.2876712328767124
dp: 228 1047.0 4.75
fcfg: 228 1047.0 2.8421052631578947
dp: 227 1067.0 5.211453744493392
fcfg: 227 1057.0 2.198237885462555
dp: 246 1059.0 5.646341463414634
fcfg: 246 1055.0 4.060975609756097
dp: 217 1076.0 2.3317972350230414
fcfg: 217 1064.0 1.1336405529953917
dp: 223 1095.0 5.488789237668161
fcfg: 223 1071.0 1.5291479820627802
dp: 216 1086.0 4.972222222222222
fcfg: 216 1085.0 2.6296296296296298
dp: 217 1058.0 7.525345622119816
fcfg: 217 1058.0 1.6682027649769586
dp: 222 1069.0 4.972972972972973
fcfg: 222 1069.0 2.126126126126126
dp: 235 1071.0 7.097872340425532
fcfg: 235 1063.0 3.8
dp: 217 1074.0 3.5023041474654377
fcfg: 217 1068.0 1.2211981566820276
dp: 236 1061.0 6.627118644067797
fcfg: 236 1061.0 3.8516949152542375
dp: 212 1073.0 3.4056603773584904
fcfg: 212 1056.0 1.1650943396226414
dp: 246 1097.0 9.138211382113822
fcfg: 246 1071.0 2.772357723577236
dp: 203 1059.0 1.7339901477832513
fcfg: 203 1063.0 0.9458128078817734
dp: 206 1065.0 1.733009708737864
fcfg: 206 1064.0 0.9757281553398058
dp: 224 1069.0 8.964285714285714
fcfg: 224 1069.0 2.674107142857143
dp: 231 1070.0 6.3982683982683985
fcfg: 231 1069.0 3.8354978354978355
dp: 230 1088.0 4.6
fcfg: 230 1084.0 2.517391304347826
dp: 208 1058.0 2.3846153846153846
fcfg: 208 1058.0 0.7548076923076923
dp: 224 1078.0 5.111607142857143
fcfg: 224 1080.0 3.2901785714285716
dp: 245 1078.0 6.628571428571429
fcfg: 245 1085.0 3.4979591836734696
dp: 236 1081.0 5.241525423728813
fcfg: 236 1075.0 2.5296610169491527
dp: 220 1072.0 5.2318181818181815
fcfg: 220 1066.0 2.5090909090909093
dp: 232 1093.0 6.956896551724138
fcfg: 232 1075.0 1.9267241379310345
dp: 215 1068.0 5.930232558139535
fcfg: 215 1068.0 2.6511627906976742
dp: 209 1074.0 3.444976076555024
fcfg: 209 1070.0 1.6172248803827751
dp: 217 1066.0 4.04147465437788
fcfg: 217 1066.0 2.9493087557603688
dp: 200 1074.0 1.23
fcfg: 200 1071.0 0.28
dp: 218 1084.0 6.036697247706422
fcfg: 218 1079.0 2.518348623853211
dp: 206 1059.0 0.8592233009708737
fcfg: 206 1054.0 0.45145631067961167
dp: 183 1057.0 1.1038251366120218
fcfg: 183 1057.0 0.6284153005464481
dp: 198 1066.0 2.0757575757575757
fcfg: 198 1066.0 0.8282828282828283
dp: 219 1072.0 4.269406392694064
fcfg: 219 1043.0 1.9452054794520548
dp: 216 1078.0 4.8842592592592595
fcfg: 216 1078.0 2.2962962962962963
dp: 203 1052.0 3.4679802955665027
fcfg: 203 1052.0 1.6798029556650247
dp: 221 1059.0 4.579185520361991
fcfg: 221 1058.0 1.8778280542986425
dp: 236 1084.0 7.326271186440678
fcfg: 236 1091.0 5.262711864406779
dp: 229 1067.0 6.244541484716157
fcfg: 229 1057.0 3.6419213973799125
dp: 208 1053.0 4.0625
fcfg: 208 1053.0 1.4326923076923077
dp: 212 1052.0 3.5707547169811322
fcfg: 212 1049.0 1.2830188679245282
dp: 250 1087.0 5.808
fcfg: 250 1082.0 3.12
dp: 233 1066.0 4.793991416309013
fcfg: 233 1070.0 2.8583690987124464
dp: 243 1080.0 4.62962962962963
fcfg: 243 1066.0 1.6049382716049383
dp: 206 1051.0 2.7135922330097086
fcfg: 206 1046.0 0.8300970873786407
dp: 237 1059.0 7.037974683544304
fcfg: 237 1059.0 3.0337552742616034
dp: 236 1096.0 6.317796610169491
fcfg: 236 1088.0 2.906779661016949
dp: 237 1064.0 5.755274261603375
fcfg: 237 1064.0 1.6244725738396624
dp: 218 1068.0 7.08256880733945
fcfg: 218 1066.0 1.5688073394495412
dp: 241 1062.0 8.182572614107883
fcfg: 241 1061.0 5.095435684647303
dp: 215 1066.0 3.1767441860465118
fcfg: 215 1066.0 1.9674418604651163
dp: 214 1064.0 3.2803738317757007
fcfg: 214 1060.0 1.425233644859813
dp: 196 1070.0 2.520408163265306
fcfg: 196 1070.0 1.066326530612245
dp: 236 1078.0 4.02542372881356
fcfg: 236 1069.0 2.9279661016949152
dp: 239 1055.0 5.481171548117155
fcfg: 239 1055.0 2.573221757322176
dp: 247 1062.0 10.591093117408906
fcfg: 247 1062.0 3.9595141700404857
dp: 246 1076.0 5.455284552845528
fcfg: 246 1064.0 2.9552845528455283
dp: 220 1066.0 2.55
fcfg: 220 1066.0 1.0
dp: 236 1060.0 8.877118644067796
fcfg: 236 1057.0 2.01271186440678
dp: 252 1075.0 10.607142857142858
fcfg: 252 1076.0 5.773809523809524
dp: 219 1078.0 4.872146118721461
fcfg: 219 1064.0 1.4429223744292237
dp: 229 1072.0 7.03056768558952
fcfg: 229 1070.0 4.720524017467249
dp: 216 1090.0 4.273148148148148
fcfg: 216 1073.0 1.3194444444444444
dp: 204 1063.0 1.2745098039215685
fcfg: 204 1065.0 0.8431372549019608
dp: 222 1069.0 5.351351351351352
fcfg: 222 1069.0 1.4504504504504505
dp: 216 1066.0 3.6944444444444446
fcfg: 216 1066.0 1.6851851851851851
dp: 229 1036.0 7.685589519650655
fcfg: 229 1036.0 2.2401746724890828
dp: 239 1078.0 9.255230125523013
fcfg: 239 1072.0 3.502092050209205
dp: 222 1062.0 3.4054054054054053
fcfg: 222 1062.0 1.3783783783783783
dp: 211 1069.0 3.5781990521327014
fcfg: 211 1067.0 1.3744075829383886
dp: 218 1056.0 3.86697247706422
fcfg: 218 1056.0 2.261467889908257
dp: 208 1059.0 4.980769230769231
fcfg: 208 1059.0 1.8942307692307692
dp: 218 1071.0 4.958715596330276
fcfg: 218 1066.0 1.7660550458715596
dp: 240 1085.0 5.725
fcfg: 240 1064.0 2.5875
dp: 231 1066.0 4.541125541125541
fcfg: 231 1061.0 2.8354978354978355
dp: 194 1072.0 1.3556701030927836
fcfg: 194 1068.0 0.8917525773195877
dp: 224 1064.0 6.700892857142857
fcfg: 224 1064.0 3.1294642857142856
dp: 214 1078.0 6.126168224299065
fcfg: 214 1081.0 1.7009345794392523
dp: 227 1044.0 5.859030837004405
fcfg: 227 1044.0 2.973568281938326
dp: 222 1065.0 3.8468468468468466
fcfg: 222 1063.0 1.6801801801801801
dp: 220 1063.0 7.677272727272728
fcfg: 220 1063.0 2.6954545454545453
dp: 196 1072.0 2.0153061224489797
fcfg: 196 1070.0 0.6428571428571429
dp: 213 1062.0 1.9577464788732395
fcfg: 213 1062.0 0.7934272300469484
dp: 241 1080.0 7.16597510373444
fcfg: 241 1060.0 5.365145228215767
dp: 211 1069.0 4.118483412322274
fcfg: 211 1057.0 1.9763033175355451
dp: 216 1064.0 3.4722222222222223
fcfg: 216 1070.0 1.0416666666666667
dp: 236 1066.0 3.4110169491525424
fcfg: 236 1065.0 2.1059322033898304
dp: 236 1059.0 5.889830508474576
fcfg: 236 1059.0 2.5296610169491527
dp: 223 1071.0 4.7757847533632285
fcfg: 223 1071.0 3.3004484304932737
dp: 212 1057.0 2.0754716981132075
fcfg: 212 1056.0 0.7735849056603774
dp: 213 1055.0 3.779342723004695
fcfg: 213 1055.0 1.300469483568075
dp: 230 1073.0 6.160869565217391
fcfg: 230 1071.0 4.808695652173913
dp: 198 1068.0 4.237373737373737
fcfg: 198 1068.0 0.9292929292929293
dp: 226 1061.0 4.588495575221239
fcfg: 226 1061.0 2.579646017699115
dp: 227 1066.0 3.7841409691629955
fcfg: 227 1069.0 1.933920704845815
dp: 195 1085.0 1.3948717948717948
fcfg: 195 1084.0 1.3384615384615384
dp: 234 1074.0 2.4444444444444446
fcfg: 234 1070.0 2.3675213675213675
dp: 194 1069.0 2.5103092783505154
fcfg: 194 1061.0 0.5927835051546392
dp: 219 1080.0 4.538812785388128
fcfg: 219 1067.0 1.7077625570776256
dp: 203 1071.0 5.113300492610837
fcfg: 203 1071.0 1.0394088669950738
dp: 229 1069.0 4.454148471615721
fcfg: 229 1068.0 1.5938864628820961
dp: 228 1074.0 5.692982456140351
fcfg: 228 1069.0 3.324561403508772
dp: 220 1064.0 4.168181818181818
fcfg: 220 1065.0 2.5681818181818183
dp: 206 1058.0 3.3689320388349513
fcfg: 206 1058.0 2.407766990291262
dp: 220 1052.0 6.627272727272727
fcfg: 220 1052.0 3.6227272727272726
dp: 185 1068.0 1.1675675675675676
fcfg: 185 1062.0 0.5297297297297298
dp: 212 1050.0 2.641509433962264
fcfg: 212 1050.0 0.8820754716981132
dp: 240 1069.0 5.55
fcfg: 240 1072.0 1.6791666666666667
dp: 220 1052.0 5.922727272727273
fcfg: 220 1052.0 1.0545454545454545
dp: 208 1051.0 3.6201923076923075
fcfg: 208 1051.0 1.3894230769230769
dp: 231 1035.0 4.8354978354978355
fcfg: 231 1033.0 2.965367965367965
dp: 231 1059.0 5.32034632034632
fcfg: 231 1059.0 2.2034632034632033
dp: 212 1073.0 1.5
fcfg: 212 1065.0 0.8254716981132075
dp: 206 1068.0 3.4902912621359223
fcfg: 206 1066.0 1.9368932038834952
dp: 234 1054.0 6.589743589743589
fcfg: 234 1051.0 3.0598290598290596
dp: 239 1085.0 8.694560669456067
fcfg: 239 1075.0 2.1799163179916317
dp: 202 1068.0 2.6930693069306932
fcfg: 202 1068.0 1.5
dp: 238 1082.0 7.323529411764706
fcfg: 238 1075.0 3.063025210084034
dp: 225 1100.0 4.746666666666667
fcfg: 225 1088.0 3.1777777777777776
dp: 227 1068.0 6.458149779735683
fcfg: 227 1060.0 1.9118942731277533
dp: 234 1061.0 6.888888888888889
fcfg: 234 1061.0 2.700854700854701
dp: 213 1061.0 3.4178403755868545
fcfg: 213 1063.0 2.0704225352112675
dp: 228 1055.0 9.232456140350877
fcfg: 228 1055.0 3.6842105263157894
dp: 205 1049.0 3.648780487804878
fcfg: 205 1049.0 2.2536585365853656
dp: 215 1070.0 4.293023255813954
fcfg: 215 1066.0 1.4976744186046511
dp: 214 1067.0 5.107476635514018
fcfg: 214 1065.0 1.397196261682243
dp: 228 1063.0 6.298245614035087
fcfg: 228 1064.0 2.06140350877193
dp: 212 1085.0 3.1792452830188678
fcfg: 212 1072.0 1.4433962264150944
dp: 235 1074.0 7.182978723404255
fcfg: 235 1069.0 2.7914893617021277
dp: 220 1052.0 7.236363636363636
fcfg: 220 1052.0 2.559090909090909
dp: 247 1076.0 7.886639676113361
fcfg: 247 1070.0 5.089068825910931
dp: 226 1105.0 7.150442477876106
fcfg: 226 1084.0 3.017699115044248
dp: 237 1058.0 7.244725738396625
fcfg: 237 1058.0 2.9957805907172994
dp: 242 1070.0 7.921487603305785
fcfg: 242 1062.0 3.975206611570248
dp: 219 1060.0 3.9406392694063928
fcfg: 219 1060.0 2.835616438356164
dp: 213 1077.0 2.107981220657277
fcfg: 213 1074.0 1.2394366197183098
dp: 235 1072.0 6.889361702127659
fcfg: 235 1077.0 5.889361702127659
dp: 230 1078.0 3.9043478260869566
fcfg: 230 1077.0 1.608695652173913
dp: 204 1044.0 5.4068627450980395
fcfg: 204 1044.0 1.142156862745098
dp: 221 1065.0 1.918552036199095
fcfg: 221 1057.0 0.8461538461538461
dp: 225 1060.0 5.093333333333334
fcfg: 225 1056.0 1.8844444444444444
dp: 225 1069.0 6.191111111111111
fcfg: 225 1066.0 2.511111111111111
dp: 215 1064.0 5.413953488372093
fcfg: 215 1064.0 0.9627906976744186
dp: 232 1071.0 3.064655172413793
fcfg: 232 1064.0 1.7629310344827587
dp: 227 1070.0 4.581497797356828
fcfg: 227 1065.0 2.502202643171806
dp: 226 1081.0 4.451327433628318
fcfg: 226 1071.0 1.1902654867256637
dp: 241 1061.0 6.1161825726141075
fcfg: 241 1052.0 2.9460580912863072
dp: 209 1068.0 1.4784688995215312
fcfg: 209 1064.0 0.45454545454545453
dp: 221 1065.0 3.683257918552036
fcfg: 221 1063.0 1.2986425339366516
dp: 230 1070.0 4.626086956521739
fcfg: 230 1058.0 2.4347826086956523
dp: 226 1074.0 6.5265486725663715
fcfg: 226 1064.0 1.9734513274336283
dp: 209 1056.0 4.511961722488039
fcfg: 209 1056.0 1.3157894736842106
dp: 234 1082.0 8.867521367521368
fcfg: 234 1056.0 3.6025641025641026
dp: 234 1083.0 5.867521367521367
fcfg: 234 1064.0 2.6367521367521367
dp: 232 1070.0 6.625
fcfg: 232 1063.0 2.9051724137931036
dp: 203 1073.0 4.221674876847291
fcfg: 203 1072.0 1.2610837438423645
dp: 229 1090.0 7.069868995633188
fcfg: 229 1066.0 2.6812227074235806
dp: 242 1068.0 7.086776859504132
fcfg: 242 1065.0 4.3264462809917354
dp: 229 1082.0 3.8296943231441047
fcfg: 229 1088.0 2.6244541484716155
dp: 217 1059.0 3.8940092165898617
fcfg: 217 1059.0 2.792626728110599
dp: 244 1077.0 5.815573770491803
fcfg: 244 1069.0 3.331967213114754
dp: 231 1063.0 6.770562770562771
fcfg: 231 1061.0 2.0216450216450217
dp: 201 1082.0 1.5323383084577114
fcfg: 201 1080.0 0.5970149253731343
dp: 213 1068.0 3.032863849765258
fcfg: 213 1068.0 2.276995305164319
dp: 221 1062.0 4.330316742081448
fcfg: 221 1062.0 1.7330316742081449
dp: 213 1069.0 2.943661971830986
fcfg: 213 1073.0 1.3427230046948357
dp: 218 1063.0 3.9541284403669725
fcfg: 218 1059.0 1.81651376146789
dp: 229 1064.0 4.139737991266376
fcfg: 229 1068.0 2.6419213973799125
dp: 250 1084.0 8.564
fcfg: 250 1075.0 3.984
dp: 210 1052.0 1.7047619047619047
fcfg: 210 1052.0 0.7761904761904762
dp: 206 1071.0 3.970873786407767
fcfg: 206 1073.0 1.6650485436893203
dp: 260 1094.0 7.726923076923077
fcfg: 260 1090.0 4.365384615384615
dp: 239 1071.0 6.820083682008368
fcfg: 239 1068.0 3.4769874476987446
dp: 223 1098.0 6.565022421524664
fcfg: 223 1078.0 1.8565022421524664
dp: 216 1086.0 2.949074074074074
fcfg: 216 1094.0 2.25
dp: 225 1078.0 4.377777777777778
fcfg: 225 1077.0 1.7066666666666668
dp: 228 1068.0 4.280701754385965
fcfg: 228 1067.0 2.412280701754386
dp: 219 1053.0 3.680365296803653
fcfg: 219 1053.0 1.3835616438356164
dp: 227 1057.0 4.832599118942731
fcfg: 227 1060.0 2.4317180616740086
dp: 225 1097.0 6.2844444444444445
fcfg: 225 1058.0 2.4266666666666667
dp: 218 1060.0 4.302752293577981
fcfg: 218 1060.0 1.614678899082569
dp: 224 1078.0 3.732142857142857
fcfg: 224 1073.0 2.013392857142857
dp: 207 1057.0 2.4879227053140096
fcfg: 207 1057.0 1.1014492753623188
dp: 214 1058.0 4.514018691588785
fcfg: 214 1056.0 1.658878504672897
dp: 228 1042.0 5.7105263157894735
fcfg: 228 1042.0 3.942982456140351
dp: 233 1074.0 5.253218884120171
fcfg: 233 1070.0 2.59656652360515
dp: 204 1057.0 2.2205882352941178
fcfg: 204 1057.0 1.3480392156862746
dp: 229 1058.0 5.3755458515283845
fcfg: 229 1056.0 1.6288209606986899
dp: 224 1061.0 3.0267857142857144
fcfg: 224 1061.0 1.4910714285714286
dp: 212 1060.0 3.6273584905660377
fcfg: 212 1060.0 1.9669811320754718
dp: 206 1060.0 4.699029126213592
fcfg: 206 1060.0 1.7524271844660195
dp: 197 1066.0 2.284263959390863
fcfg: 197 1066.0 0.9543147208121827
dp: 220 1064.0 4.8136363636363635
fcfg: 220 1064.0 1.65
dp: 239 1085.0 9.527196652719665
fcfg: 239 1080.0 3.9539748953974896
dp: 231 1073.0 5.225108225108225
fcfg: 231 1071.0 2.653679653679654
dp: 245 1082.0 4.955102040816326
fcfg: 245 1069.0 2.9183673469387754
dp: 226 1069.0 2.1106194690265485
fcfg: 226 1067.0 1.2212389380530972
dp: 213 1073.0 3.084507042253521
fcfg: 213 1069.0 1.8732394366197183
dp: 222 1048.0 3.720720720720721
fcfg: 222 1048.0 1.837837837837838
dp: 219 1058.0 6.027397260273973
fcfg: 219 1059.0 4.077625570776256
dp: 258 1076.0 12.023255813953488
fcfg: 258 1075.0 5.864341085271318
dp: 224 1083.0 4.142857142857143
fcfg: 224 1076.0 2.0089285714285716
dp: 207 1073.0 5.318840579710145
fcfg: 207 1065.0 1.5845410628019323
dp: 226 1058.0 6.6415929203539825
fcfg: 226 1059.0 4.283185840707965
dp: 212 1065.0 4.283018867924528
fcfg: 212 1057.0 1.4811320754716981
dp: 220 1083.0 5.209090909090909
fcfg: 220 1079.0 1.9045454545454545
dp: 237 1057.0 7.514767932489452
fcfg: 237 1055.0 2.7974683544303796
dp: 211 1063.0 3.744075829383886
fcfg: 211 1061.0 1.4597156398104265
dp: 222 1081.0 4.202702702702703
fcfg: 222 1076.0 2.873873873873874
dp: 230 1079.0 5.730434782608696
fcfg: 230 1073.0 3.1
dp: 237 1082.0 4.6455696202531644
fcfg: 237 1074.0 2.49789029535865
dp: 244 1065.0 8.967213114754099
fcfg: 244 1065.0 10.225409836065573
dp: 235 1072.0 7.4
fcfg: 235 1061.0 3.851063829787234
dp: 228 1051.0 5.254385964912281
fcfg: 228 1051.0 2.5964912280701755
dp: 213 1069.0 5.774647887323944
fcfg: 213 1072.0 3.0985915492957745
dp: 212 1054.0 3.44811320754717
fcfg: 212 1054.0 1.778301886792453
dp: 220 1056.0 6.954545454545454
fcfg: 220 1056.0 1.8
dp: 215 1070.0 5.0093023255813955
fcfg: 215 1070.0 2.125581395348837
dp: 221 1059.0 4.891402714932127
fcfg: 221 1056.0 2.085972850678733
dp: 211 1051.0 2.943127962085308
fcfg: 211 1051.0 1.5165876777251184
dp: 213 1057.0 4.032863849765258
fcfg: 213 1057.0 0.9342723004694836
dp: 238 1085.0 5.277310924369748
fcfg: 238 1087.0 3.5126050420168067
dp: 215 1070.0 3.5209302325581397
fcfg: 215 1070.0 1.455813953488372
dp: 220 1065.0 3.790909090909091
fcfg: 220 1065.0 1.2863636363636364
dp: 216 1064.0 4.773148148148148
fcfg: 216 1064.0 2.6712962962962963
dp: 253 1076.0 9.49802371541502
fcfg: 253 1068.0 3.399209486166008
dp: 228 1048.0 4.837719298245614
fcfg: 228 1048.0 2.3289473684210527
dp: 200 1065.0 2.745
fcfg: 200 1065.0 2.18
dp: 224 1062.0 4.977678571428571
fcfg: 224 1062.0 1.9776785714285714
dp: 227 1056.0 3.60352422907489
fcfg: 227 1049.0 2.290748898678414
dp: 232 1065.0 4.107758620689655
fcfg: 232 1062.0 2.831896551724138
dp: 210 1060.0 2.4
fcfg: 210 1066.0 0.8761904761904762
dp: 211 1049.0 5.061611374407583
fcfg: 211 1049.0 2.2322274881516586
dp: 209 1065.0 2.2344497607655502
fcfg: 209 1066.0 1.6220095693779903
dp: 235 1072.0 4.451063829787234
fcfg: 235 1071.0 2.676595744680851
dp: 231 1079.0 5.9004329004329
fcfg: 231 1073.0 3.1948051948051948
dp: 219 1066.0 3.5753424657534247
fcfg: 219 1060.0 2.493150684931507
dp: 219 1075.0 3.73972602739726
fcfg: 219 1071.0 2.2648401826484017
dp: 218 1051.0 3.623853211009174
fcfg: 218 1051.0 1.1605504587155964
dp: 218 1072.0 5.137614678899083
fcfg: 218 1066.0 3.270642201834862
dp: 235 1081.0 5.9361702127659575
fcfg: 235 1066.0 2.7106382978723405
dp: 251 1072.0 11.880478087649402
fcfg: 251 1070.0 3.7250996015936253
dp: 222 1057.0 8.193693693693694
fcfg: 222 1057.0 2.4954954954954953
dp: 239 1079.0 6.359832635983263
fcfg: 239 1068.0 2.6652719665271967
dp: 232 1054.0 8.056034482758621
fcfg: 232 1050.0 3.3405172413793105
dp: 231 1053.0 4.264069264069264
fcfg: 231 1053.0 1.9307359307359306
dp: 223 1067.0 5.336322869955157
fcfg: 223 1068.0 1.7443946188340806
dp: 214 1060.0 4.359813084112149
fcfg: 214 1060.0 2.322429906542056
dp: 232 1118.0 6.051724137931035
fcfg: 232 1091.0 3.2758620689655173
dp: 229 1066.0 3.1790393013100435
fcfg: 229 1058.0 2.148471615720524
dp: 215 1069.0 3.683720930232558
fcfg: 215 1069.0 2.7069767441860466
dp: 209 1060.0 4.401913875598086
fcfg: 209 1060.0 2.813397129186603
dp: 217 1058.0 6.921658986175115
fcfg: 217 1058.0 4.474654377880184
dp: 223 1068.0 5.076233183856503
fcfg: 223 1043.0 2.8295964125560538
dp: 222 1095.0 4.581081081081081
fcfg: 222 1069.0 1.8198198198198199
dp: 230 1073.0 4.3
fcfg: 230 1065.0 2.226086956521739
dp: 197 1076.0 2.436548223350254
fcfg: 197 1065.0 1.3147208121827412
dp: 223 1069.0 4.591928251121076
fcfg: 223 1069.0 2.672645739910314
dp: 231 1061.0 7.264069264069264
fcfg: 231 1056.0 5.528138528138528
dp: 222 1063.0 5.414414414414415
fcfg: 222 1063.0 2.563063063063063
dp: 227 1084.0 8.537444933920705
fcfg: 227 1070.0 3.149779735682819
dp: 220 1063.0 3.7772727272727273
fcfg: 220 1062.0 1.4363636363636363
dp: 213 1047.0 2.8826291079812205
fcfg: 213 1047.0 1.6854460093896713
dp: 223 1074.0 3.6367713004484306
fcfg: 223 1069.0 1.6816143497757847
dp: 222 1062.0 3.765765765765766
fcfg: 222 1057.0 2.3018018018018016
dp: 234 1047.0 5.598290598290598
fcfg: 234 1047.0 2.782051282051282
dp: 195 1059.0 2.3384615384615386
fcfg: 195 1057.0 1.3128205128205128
dp: 212 1059.0 6.6415094339622645
fcfg: 212 1059.0 1.4952830188679245
dp: 223 1084.0 4.757847533632287
fcfg: 223 1080.0 1.9910313901345291
dp: 211 1061.0 3.995260663507109
fcfg: 211 1061.0 1.6398104265402844
dp: 226 1087.0 4.331858407079646
fcfg: 226 1078.0 2.9646017699115044
dp: 230 1058.0 5.082608695652174
fcfg: 230 1058.0 1.2434782608695651
dp: 235 1065.0 4.217021276595744
fcfg: 235 1062.0 3.7404255319148936
dp: 231 1079.0 7.714285714285714
fcfg: 231 1058.0 2.406926406926407
dp: 223 1058.0 6.358744394618834
fcfg: 223 1058.0 2.7354260089686098
dp: 235 1077.0 5.463829787234043
fcfg: 235 1068.0 3.0
dp: 219 1078.0 4.004566210045662
fcfg: 219 1072.0 1.4246575342465753
dp: 216 1073.0 1.8425925925925926
fcfg: 216 1072.0 1.4537037037037037
dp: 212 1052.0 7.693396226415095
fcfg: 212 1052.0 1.9103773584905661
dp: 241 1086.0 5.485477178423237
fcfg: 241 1073.0 1.7551867219917012
dp: 213 1100.0 4.380281690140845
fcfg: 213 1081.0 1.4647887323943662
dp: 244 1067.0 5.840163934426229
fcfg: 244 1065.0 4.270491803278689
dp: 221 1066.0 3.2850678733031673
fcfg: 221 1077.0 3.244343891402715
dp: 203 1064.0 1.4137931034482758
fcfg: 203 1059.0 0.9950738916256158
dp: 248 1079.0 6.30241935483871
fcfg: 248 1065.0 2.3588709677419355
dp: 205 1059.0 1.8390243902439025
fcfg: 205 1054.0 1.0390243902439025
dp: 232 1067.0 3.1724137931034484
fcfg: 232 1067.0 1.9310344827586208
dp: 221 1054.0 5.384615384615385
fcfg: 221 1054.0 2.248868778280543
dp: 216 1074.0 4.476851851851852
fcfg: 216 1073.0 2.6574074074074074
dp: 221 1078.0 3.0995475113122173
fcfg: 221 1069.0 1.4027149321266967
dp: 235 1066.0 9.293617021276596
fcfg: 235 1059.0 3.5361702127659576
dp: 221 1046.0 4.262443438914027
fcfg: 221 1046.0 2.3800904977375565
dp: 230 1062.0 3.591304347826087
fcfg: 230 1059.0 3.134782608695652
dp: 206 1078.0 3.936893203883495
fcfg: 206 1073.0 2.3300970873786406
dp: 226 1064.0 3.9646017699115044
fcfg: 226 1064.0 1.920353982300885
dp: 236 1083.0 7.190677966101695
fcfg: 236 1064.0 2.7033898305084745
dp: 211 1058.0 2.786729857819905
fcfg: 211 1058.0 1.8909952606635072
dp: 221 1066.0 5.583710407239819
fcfg: 221 1065.0 4.1855203619909505
dp: 233 1089.0 5.635193133047211
fcfg: 233 1094.0 2.944206008583691
dp: 227 1069.0 4.903083700440528
fcfg: 227 1067.0 1.9030837004405285
dp: 218 1069.0 3.8486238532110093
fcfg: 218 1072.0 2.073394495412844
dp: 206 1058.0 4.014563106796117
fcfg: 206 1057.0 1.5339805825242718
dp: 226 1096.0 6.464601769911504
fcfg: 226 1074.0 1.9336283185840708
dp: 216 1078.0 4.0092592592592595
fcfg: 216 1064.0 1.0601851851851851
dp: 222 1060.0 3.6216216216216215
fcfg: 222 1060.0 1.7477477477477477
dp: 238 1066.0 3.642857142857143
fcfg: 238 1066.0 2.0504201680672267
dp: 218 1080.0 4.3577981651376145
fcfg: 218 1076.0 1.7431192660550459
dp: 219 1060.0 3.2009132420091326
fcfg: 219 1060.0 1.8904109589041096
dp: 223 1071.0 3.8475336322869955
fcfg: 223 1071.0 2.905829596412556
dp: 215 1074.0 4.8
fcfg: 215 1068.0 1.7534883720930232
dp: 206 1070.0 4.174757281553398
fcfg: 206 1069.0 2.063106796116505
dp: 216 1077.0 3.1481481481481484
fcfg: 216 1073.0 1.2268518518518519
dp: 221 1051.0 8.39819004524887
fcfg: 221 1051.0 1.5746606334841629
dp: 232 1060.0 5.780172413793103
fcfg: 232 1054.0 2.9870689655172415
dp: 220 1079.0 4.036363636363636
fcfg: 220 1078.0 1.7636363636363637
dp: 203 1069.0 1.458128078817734
fcfg: 203 1064.0 0.5812807881773399
dp: 257 1090.0 9.38910505836576
fcfg: 257 1081.0 8.463035019455253
dp: 210 1074.0 2.0238095238095237
fcfg: 210 1078.0 1.3904761904761904
dp: 220 1063.0 3.6136363636363638
fcfg: 220 1059.0 2.327272727272727
dp: 225 1080.0 4.097777777777778
fcfg: 225 1071.0 2.0
dp: 218 1056.0 4.894495412844036
fcfg: 218 1056.0 2.6743119266055047
dp: 223 1083.0 4.623318385650224
fcfg: 223 1077.0 1.506726457399103
dp: 207 1076.0 3.0434782608695654
fcfg: 207 1069.0 1.3526570048309179
dp: 214 1045.0 3.4485981308411215
fcfg: 214 1045.0 1.2570093457943925
dp: 206 1055.0 3.0728155339805827
fcfg: 206 1055.0 1.796116504854369
dp: 227 1049.0 6.233480176211454
fcfg: 227 1049.0 2.86784140969163
dp: 217 1057.0 4.788018433179723
fcfg: 217 1057.0 1.903225806451613
dp: 222 1058.0 4.617117117117117
fcfg: 222 1054.0 1.6261261261261262
dp: 229 1055.0 6.899563318777292
fcfg: 229 1055.0 2.3056768558951966
dp: 239 1057.0 7.7656903765690375
fcfg: 239 1055.0 3.690376569037657
dp: 224 1070.0 5.098214285714286
fcfg: 224 1068.0 2.580357142857143
dp: 219 1054.0 4.671232876712328
fcfg: 219 1054.0 1.1095890410958904
dp: 223 1065.0 3.591928251121076
fcfg: 223 1065.0 1.7623318385650224
dp: 228 1075.0 7.9868421052631575
fcfg: 228 1071.0 2.043859649122807
dp: 220 1058.0 3.7818181818181817
fcfg: 220 1058.0 1.4363636363636363
dp: 226 1083.0 4.238938053097345
fcfg: 226 1067.0 1.8053097345132743
dp: 218 1066.0 4.4036697247706424
fcfg: 218 1066.0 2.522935779816514
dp: 236 1052.0 4.415254237288136
fcfg: 236 1052.0 1.9533898305084745
dp: 220 1072.0 2.7954545454545454
fcfg: 220 1071.0 1.2136363636363636
dp: 214 1058.0 8.350467289719626
fcfg: 214 1058.0 2.2289719626168223
dp: 231 1061.0 5.96969696969697
fcfg: 231 1059.0 2.792207792207792
dp: 201 1080.0 3.208955223880597
fcfg: 201 1077.0 1.5671641791044777
dp: 213 1061.0 1.0469483568075117
fcfg: 213 1061.0 0.8309859154929577
dp: 223 1077.0 4.304932735426009
fcfg: 223 1073.0 1.8699551569506727
dp: 226 1053.0 5.942477876106195
fcfg: 226 1044.0 2.517699115044248
dp: 216 1071.0 3.1805555555555554
fcfg: 216 1065.0 1.1898148148148149
dp: 221 1084.0 3.4705882352941178
fcfg: 221 1082.0 2.226244343891403
dp: 230 1066.0 6.904347826086957
fcfg: 230 1055.0 2.508695652173913
dp: 220 1062.0 3.3727272727272726
fcfg: 220 1061.0 1.3272727272727274
dp: 223 1074.0 5.0941704035874436
fcfg: 223 1060.0 2.591928251121076
dp: 211 1058.0 4.478672985781991
fcfg: 211 1062.0 0.8530805687203792
dp: 234 1052.0 6.405982905982906
fcfg: 234 1053.0 4.636752136752137
dp: 216 1065.0 2.300925925925926
fcfg: 216 1065.0 1.1851851851851851
dp: 215 1067.0 3.772093023255814
fcfg: 215 1067.0 0.8883720930232558
dp: 223 1083.0 3.6457399103139014
fcfg: 223 1064.0 1.748878923766816
dp: 207 1050.0 3.9130434782608696
fcfg: 207 1050.0 1.4106280193236715
dp: 241 1082.0 7.1203319502074685
fcfg: 241 1071.0 4.074688796680498
dp: 212 1066.0 2.9339622641509435
fcfg: 212 1057.0 1.1132075471698113
dp: 226 1064.0 6.261061946902655
fcfg: 226 1064.0 2.084070796460177
dp: 221 1067.0 3.565610859728507
fcfg: 221 1065.0 1.1493212669683257
dp: 221 1055.0 3.3484162895927603
fcfg: 221 1055.0 1.9049773755656108
dp: 231 1075.0 3.393939393939394
fcfg: 231 1071.0 1.9523809523809523
dp: 221 1076.0 3.7963800904977374
fcfg: 221 1055.0 1.9728506787330318
dp: 214 1070.0 6.037383177570093
fcfg: 214 1071.0 1.439252336448598
dp: 233 1068.0 5.133047210300429
fcfg: 233 1065.0 2.8068669527896994
dp: 206 1070.0 2.5194174757281553
fcfg: 206 1073.0 1.0097087378640777
dp: 224 1081.0 4.709821428571429
fcfg: 224 1081.0 2.8794642857142856
dp: 209 1071.0 3.1004784688995217
fcfg: 209 1068.0 1.4832535885167464
dp: 223 1068.0 3.1748878923766815
fcfg: 223 1068.0 1.968609865470852
dp: 223 1066.0 5.582959641255606
fcfg: 223 1066.0 2.968609865470852
dp: 222 1048.0 3.0720720720720722
fcfg: 222 1048.0 1.7522522522522523
dp: 233 1054.0 3.9570815450643777
fcfg: 233 1054.0 2.742489270386266
dp: 197 1070.0 2.4619289340101522
fcfg: 197 1072.0 1.5888324873096447
dp: 234 1060.0 5.8247863247863245
fcfg: 234 1058.0 2.6367521367521367
dp: 246 1070.0 8.605691056910569
fcfg: 246 1069.0 5.739837398373984
dp: 226 1061.0 3.3230088495575223
fcfg: 226 1061.0 1.3628318584070795
dp: 238 1088.0 6.2521008403361344
fcfg: 238 1076.0 2.8739495798319328
dp: 222 1057.0 1.7162162162162162
fcfg: 222 1056.0 1.2477477477477477
dp: 209 1058.0 2.574162679425837
fcfg: 209 1058.0 0.9952153110047847
dp: 223 1080.0 2.726457399103139
fcfg: 223 1078.0 2.336322869955157
dp: 249 1079.0 9.89558232931727
fcfg: 249 1052.0 5.160642570281125
dp: 244 1074.0 5.602459016393443
fcfg: 244 1063.0 3.3852459016393444
dp: 203 1065.0 2.1773399014778323
fcfg: 203 1065.0 1.1921182266009853
dp: 209 1061.0 1.832535885167464
fcfg: 209 1061.0 1.0239234449760766
dp: 228 1069.0 3.241228070175439
fcfg: 228 1064.0 1.8903508771929824
dp: 209 1083.0 4.043062200956938
fcfg: 209 1074.0 1.4688995215311005
dp: 238 1076.0 3.773109243697479
fcfg: 238 1072.0 1.134453781512605
dp: 217 1099.0 3.5161290322580645
fcfg: 217 1088.0 1.640552995391705
dp: 225 1087.0 3.3022222222222224
fcfg: 225 1077.0 2.0755555555555554
dp: 231 1098.0 6.017316017316017
fcfg: 231 1093.0 2.536796536796537
dp: 195 1053.0 0.8461538461538461
fcfg: 195 1053.0 0.4153846153846154
dp: 192 1051.0 2.75
fcfg: 192 1051.0 0.7395833333333334
dp: 205 1046.0 4.2682926829268295
fcfg: 205 1046.0 2.453658536585366
dp: 207 1072.0 2.792270531400966
fcfg: 207 1071.0 1.3526570048309179
dp: 199 1066.0 3.562814070351759
fcfg: 199 1066.0 1.7336683417085428
dp: 223 1071.0 4.085201793721973
fcfg: 223 1071.0 1.4080717488789238
dp: 228 1057.0 4.166666666666667
fcfg: 228 1057.0 2.807017543859649
dp: 230 1070.0 5.673913043478261
fcfg: 230 1057.0 3.8391304347826085
dp: 242 1082.0 6.119834710743802
fcfg: 242 1076.0 3.1115702479338845
dp: 229 1059.0 3.2794759825327513
fcfg: 229 1052.0 1.8296943231441047
dp: 219 1059.0 3.5342465753424657
fcfg: 219 1059.0 1.812785388127854
dp: 228 1065.0 5.859649122807017
fcfg: 228 1053.0 2.9649122807017543
dp: 209 1057.0 2.0861244019138754
fcfg: 209 1054.0 1.167464114832536
dp: 226 1057.0 6.615044247787611
fcfg: 226 1057.0 1.836283185840708
dp: 229 1095.0 4.764192139737991
fcfg: 229 1076.0 1.6899563318777293
dp: 207 1077.0 2.9468599033816427
fcfg: 207 1081.0 1.893719806763285
dp: 229 1081.0 6.510917030567685
fcfg: 229 1071.0 2.8078602620087336
dp: 224 1083.0 5.982142857142857
fcfg: 224 1058.0 2.3169642857142856
dp: 214 1080.0 3.2990654205607477
fcfg: 214 1072.0 1.7289719626168225
dp: 228 1063.0 6.473684210526316
fcfg: 228 1063.0 3.6535087719298245
dp: 247 1077.0 9.923076923076923
fcfg: 247 1056.0 2.1093117408906883
dp: 224 1063.0 5.919642857142857
fcfg: 224 1063.0 3.455357142857143
dp: 213 1056.0 2.5868544600938965
fcfg: 213 1055.0 1.1267605633802817
dp: 247 1076.0 7.874493927125506
fcfg: 247 1071.0 3.603238866396761
dp: 255 1091.0 7.7254901960784315
fcfg: 255 1075.0 5.015686274509804
dp: 233 1058.0 3.3991416309012874
fcfg: 233 1057.0 2.390557939914163
dp: 239 1109.0 7.184100418410042
fcfg: 239 1090.0 2.9456066945606696
dp: 243 1100.0 5.872427983539095
fcfg: 243 1074.0 2.707818930041152
dp: 230 1075.0 4.030434782608696
fcfg: 230 1075.0 1.5695652173913044
dp: 215 1076.0 2.8465116279069766
fcfg: 215 1068.0 1.3581395348837209
dp: 207 1065.0 5.6521739130434785
fcfg: 207 1065.0 1.0144927536231885
dp: 227 1068.0 6.180616740088106
fcfg: 227 1062.0 2.788546255506608
dp: 216 1057.0 8.38888888888889
fcfg: 216 1057.0 2.263888888888889
dp: 217 1068.0 2.5023041474654377
fcfg: 217 1058.0 1.5253456221198156
dp: 216 1074.0 3.365740740740741
fcfg: 216 1068.0 1.7268518518518519
dp: 214 1040.0 3.883177570093458
fcfg: 214 1035.0 1.8364485981308412
dp: 203 1064.0 4.384236453201971
fcfg: 203 1061.0 2.4876847290640396
dp: 228 1047.0 4.508771929824562
fcfg: 228 1047.0 2.2719298245614037
dp: 230 1067.0 4.391304347826087
fcfg: 230 1064.0 1.4782608695652173
dp: 218 1063.0 2.834862385321101
fcfg: 218 1063.0 1.5963302752293578
dp: 216 1069.0 5.180555555555555
fcfg: 216 1069.0 3.2314814814814814
dp: 235 1069.0 5.1063829787234045
fcfg: 235 1065.0 2.6
dp: 225 1064.0 1.9866666666666666
fcfg: 225 1064.0 0.9244444444444444
dp: 210 1071.0 3.942857142857143
fcfg: 210 1062.0 2.2095238095238097
dp: 230 1055.0 4.373913043478261
fcfg: 230 1048.0 3.0391304347826087
dp: 238 1067.0 5.428571428571429
fcfg: 238 1065.0 5.07563025210084
dp: 227 1052.0 6.370044052863436
fcfg: 227 1053.0 4.762114537444934
dp: 218 1060.0 3.6376146788990824
fcfg: 218 1060.0 2.3256880733944953
dp: 225 1064.0 3.3866666666666667
fcfg: 225 1065.0 1.4533333333333334
dp: 215 1057.0 1.8558139534883722
fcfg: 215 1057.0 0.9348837209302325
dp: 219 1060.0 4.091324200913242
fcfg: 219 1060.0 1.6575342465753424
dp: 224 1074.0 2.9642857142857144
fcfg: 224 1065.0 1.4464285714285714
dp: 207 1060.0 6.5893719806763285
fcfg: 207 1064.0 2.5410628019323673
dp: 230 1061.0 5.495652173913044
fcfg: 230 1055.0 1.8130434782608695
dp: 229 1064.0 3.62882096069869
fcfg: 229 1065.0 2.890829694323144
dp: 204 1067.0 3.1813725490196076
fcfg: 204 1067.0 1.0245098039215685
dp: 214 1067.0 4.08411214953271
fcfg: 214 1067.0 2.060747663551402
dp: 251 1060.0 11.071713147410359
fcfg: 251 1060.0 3.366533864541833
dp: 202 1063.0 2.277227722772277
fcfg: 202 1063.0 1.504950495049505
dp: 235 1065.0 5.791489361702127
fcfg: 235 1060.0 2.3787234042553194
dp: 234 1071.0 5.551282051282051
fcfg: 234 1070.0 2.952991452991453
dp: 212 1074.0 4.221698113207547
fcfg: 212 1077.0 1.5424528301886793
dp: 217 1067.0 2.193548387096774
fcfg: 217 1067.0 0.783410138248848
dp: 231 1047.0 5.541125541125541
fcfg: 231 1047.0 3.155844155844156
dp: 236 1077.0 6.593220338983051
fcfg: 236 1066.0 2.48728813559322
dp: 195 1047.0 1.558974358974359
fcfg: 195 1047.0 0.6564102564102564
dp: 223 1069.0 5.901345291479821
fcfg: 223 1069.0 1.8026905829596414
dp: 217 1066.0 4.870967741935484
fcfg: 217 1060.0 1.7511520737327189
dp: 225 1077.0 6.573333333333333
fcfg: 225 1067.0 2.537777777777778
dp: 192 1062.0 2.28125
fcfg: 192 1062.0 1.203125
dp: 214 1075.0 2.864485981308411
fcfg: 214 1072.0 2.0514018691588785
dp: 235 1059.0 6.953191489361702
fcfg: 235 1053.0 3.5148936170212766
dp: 218 1053.0 2.3211009174311927
fcfg: 218 1053.0 0.9862385321100917
dp: 223 1067.0 4.623318385650224
fcfg: 223 1066.0 1.4573991031390134
dp: 231 1083.0 7.064935064935065
fcfg: 231 1075.0 1.6233766233766234
dp: 218 1083.0 3.3394495412844036
fcfg: 218 1074.0 1.0229357798165137
dp: 232 1055.0 5.620689655172414
fcfg: 232 1055.0 4.620689655172414
dp: 222 1063.0 3.108108108108108
fcfg: 222 1063.0 1.4504504504504505
dp: 230 1088.0 6.456521739130435
fcfg: 230 1071.0 1.7869565217391303
dp: 201 1062.0 5.0049751243781095
fcfg: 201 1062.0 0.8656716417910447
dp: 226 1059.0 6.6371681415929205
fcfg: 226 1059.0 2.566371681415929
dp: 223 1067.0 3.587443946188341
fcfg: 223 1067.0 1.84304932735426
dp: 225 1057.0 4.902222222222222
fcfg: 225 1057.0 1.52
dp: 252 1079.0 6.253968253968254
fcfg: 252 1066.0 3.3452380952380953
dp: 243 1063.0 4.205761316872428
fcfg: 243 1064.0 2.588477366255144
dp: 229 1057.0 5.11353711790393
fcfg: 229 1056.0 1.960698689956332
dp: 215 1065.0 4.758139534883721
fcfg: 215 1065.0 2.2418604651162792
dp: 231 1079.0 3.134199134199134
fcfg: 231 1072.0 1.2207792207792207
dp: 239 1063.0 5.99581589958159
fcfg: 239 1063.0 2.092050209205021
dp: 245 1057.0 6.546938775510204
fcfg: 245 1057.0 4.453061224489796
dp: 211 1043.0 4.327014218009479
fcfg: 211 1039.0 1.7914691943127963
dp: 244 1095.0 7.885245901639344
fcfg: 244 1088.0 4.668032786885246
dp: 247 1070.0 9.785425101214575
fcfg: 247 1070.0 7.834008097165992
dp: 230 1073.0 4.730434782608696
fcfg: 230 1073.0 2.634782608695652
dp: 226 1068.0 4.606194690265487
fcfg: 226 1064.0 2.7876106194690267
dp: 220 1079.0 3.45
fcfg: 220 1079.0 1.9090909090909092
dp: 230 1079.0 6.217391304347826
fcfg: 230 1063.0 3.3956521739130436
dp: 216 1079.0 5.62962962962963
fcfg: 216 1074.0 1.5833333333333333
dp: 223 1074.0 4.8475336322869955
fcfg: 223 1072.0 0.9506726457399103
dp: 247 1080.0 5.842105263157895
fcfg: 247 1077.0 3.5182186234817814
dp: 229 1059.0 5.8034934497816595
fcfg: 229 1058.0 3.7598253275109172
dp: 214 1056.0 4.649532710280374
fcfg: 214 1056.0 1.4299065420560748
dp: 213 1063.0 2.755868544600939
fcfg: 213 1063.0 1.488262910798122
dp: 215 1065.0 5.097674418604651
fcfg: 215 1065.0 1.813953488372093
dp: 215 1070.0 5.023255813953488
fcfg: 215 1070.0 3.5488372093023255
dp: 248 1072.0 5.491935483870968
fcfg: 248 1073.0 1.6774193548387097
dp: 235 1072.0 2.953191489361702
fcfg: 235 1060.0 1.8851063829787233
dp: 229 1045.0 6.8384279475982535
fcfg: 229 1041.0 2.524017467248908
dp: 225 1063.0 3.3155555555555556
fcfg: 225 1063.0 1.1422222222222222
dp: 222 1059.0 2.5765765765765765
fcfg: 222 1059.0 0.972972972972973
dp: 242 1077.0 6.066115702479339
fcfg: 242 1058.0 3.06198347107438
dp: 223 1080.0 3.7354260089686098
fcfg: 223 1075.0 1.295964125560538
dp: 210 1051.0 3.8
fcfg: 210 1051.0 2.8
dp: 237 1057.0 7.69620253164557
fcfg: 237 1056.0 2.4936708860759493
dp: 207 1070.0 2.357487922705314
fcfg: 207 1060.0 1.4396135265700483
dp: 231 1079.0 4.03030303030303
fcfg: 231 1069.0 1.7662337662337662
dp: 205 1066.0 1.8
fcfg: 205 1057.0 1.1804878048780487
dp: 236 1077.0 5.004237288135593
fcfg: 236 1064.0 2.9491525423728815
dp: 220 1072.0 4.6454545454545455
fcfg: 220 1070.0 2.5636363636363635
dp: 223 1086.0 5.771300448430493
fcfg: 223 1063.0 1.547085201793722
dp: 227 1068.0 7.365638766519824
fcfg: 227 1064.0 5.903083700440528
dp: 228 1057.0 6.828947368421052
fcfg: 228 1055.0 1.6140350877192982
dp: 215 1070.0 3.3069767441860467
fcfg: 215 1072.0 0.9953488372093023
dp: 225 1065.0 3.48
fcfg: 225 1062.0 1.9866666666666666
dp: 224 1071.0 4.075892857142857
fcfg: 224 1066.0 1.7276785714285714
dp: 233 1077.0 3.721030042918455
fcfg: 233 1074.0 1.6909871244635193
dp: 234 1077.0 8.760683760683762
fcfg: 234 1074.0 2.7222222222222223
dp: 233 1059.0 8.532188841201716
fcfg: 233 1059.0 3.2317596566523603
dp: 225 1058.0 5.64
fcfg: 225 1058.0 1.3688888888888888
dp: 222 1060.0 5.027027027027027
fcfg: 222 1060.0 1.864864864864865
dp: 212 1060.0 2.811320754716981
fcfg: 212 1062.0 1.6320754716981132
dp: 235 1081.0 7.191489361702128
fcfg: 235 1075.0 3.2085106382978723
dp: 212 1071.0 3.7122641509433962
fcfg: 212 1069.0 1.3867924528301887
dp: 206 1062.0 3.5436893203883497
fcfg: 206 1060.0 1.4466019417475728
dp: 226 1075.0 5.115044247787611
fcfg: 226 1078.0 4.561946902654867
dp: 245 1064.0 4.755102040816326
fcfg: 245 1064.0 4.640816326530612
dp: 219 1078.0 4.945205479452055
fcfg: 219 1072.0 2.9178082191780823
dp: 232 1075.0 6.629310344827586
fcfg: 232 1059.0 2.75
dp: 206 1058.0 4.058252427184466
fcfg: 206 1061.0 2.6310679611650487
dp: 215 1077.0 2.572093023255814
fcfg: 215 1080.0 1.8465116279069766
dp: 237 1061.0 7.70464135021097
fcfg: 237 1061.0 5.30801687763713
dp: 229 1072.0 4.572052401746725
fcfg: 229 1064.0 1.5109170305676856
dp: 223 1065.0 7.403587443946188
fcfg: 223 1057.0 1.3632286995515694
dp: 245 1079.0 7.444897959183673
fcfg: 245 1069.0 3.436734693877551
dp: 206 1069.0 2.495145631067961
fcfg: 206 1068.0 1.0339805825242718
dp: 227 1063.0 4.903083700440528
fcfg: 227 1065.0 2.0837004405286343
dp: 247 1080.0 6.048582995951417
fcfg: 247 1070.0 3.080971659919028
dp: 236 1062.0 5.406779661016949
fcfg: 236 1062.0 2.139830508474576
dp: 222 1086.0 2.81981981981982
fcfg: 222 1077.0 1.4324324324324325
dp: 219 1056.0 4.616438356164384
fcfg: 219 1055.0 2.1232876712328768
dp: 193 1069.0 2.8031088082901556
fcfg: 193 1069.0 1.3471502590673574
dp: 211 1063.0 4.260663507109005
fcfg: 211 1057.0 1.8293838862559242
dp: 246 1086.0 5.004065040650406
fcfg: 246 1078.0 2.2845528455284554
dp: 223 1066.0 5.053811659192825
fcfg: 223 1066.0 2.663677130044843
dp: 228 1080.0 6.62719298245614
fcfg: 228 1066.0 2.1447368421052633
dp: 213 1059.0 4.234741784037559
fcfg: 213 1059.0 2.0985915492957745
dp: 232 1076.0 6.293103448275862
fcfg: 232 1059.0 1.8663793103448276
dp: 225 1061.0 5.24
fcfg: 225 1061.0 3.417777777777778
dp: 215 1068.0 3.641860465116279
fcfg: 215 1068.0 1.6604651162790698
dp: 245 1069.0 7.016326530612245
fcfg: 245 1067.0 5.16734693877551
dp: 238 1060.0 8.382352941176471
fcfg: 238 1060.0 3.6260504201680672
dp: 215 1080.0 3.1953488372093024
fcfg: 215 1075.0 1.7348837209302326
dp: 205 1065.0 3.317073170731707
fcfg: 205 1060.0 2.1658536585365855
dp: 217 1057.0 5.096774193548387
fcfg: 217 1057.0 2.737327188940092
dp: 221 1083.0 3.090497737556561
fcfg: 221 1077.0 1.5610859728506787
dp: 227 1063.0 5.969162995594714
fcfg: 227 1063.0 2.39647577092511
dp: 229 1062.0 4.541484716157205
fcfg: 229 1062.0 2.6899563318777293
dp: 234 1050.0 5.576923076923077
fcfg: 234 1040.0 2.8333333333333335
dp: 233 1057.0 4.472103004291846
fcfg: 233 1055.0 3.0643776824034337
dp: 212 1067.0 3.419811320754717
fcfg: 212 1064.0 1.820754716981132
dp: 223 1070.0 3.1121076233183858
fcfg: 223 1069.0 2.210762331838565
dp: 223 1076.0 5.42152466367713
fcfg: 223 1076.0 2.8385650224215246
dp: 210 1080.0 3.642857142857143
fcfg: 210 1068.0 1.8714285714285714
dp: 242 1085.0 4.8264462809917354
fcfg: 242 1073.0 3.1487603305785123
dp: 210 1067.0 3.4857142857142858
fcfg: 210 1065.0 1.8571428571428572
dp: 206 1072.0 1.6407766990291262
fcfg: 206 1073.0 0.9611650485436893
dp: 205 1063.0 2.15609756097561
fcfg: 205 1057.0 1.6195121951219513
dp: 205 1054.0 1.4682926829268292
fcfg: 205 1053.0 0.697560975609756
dp: 221 1060.0 2.266968325791855
fcfg: 221 1054.0 1.2805429864253393
dp: 247 1076.0 4.712550607287449
fcfg: 247 1074.0 2.445344129554656
dp: 233 1063.0 4.991416309012876
fcfg: 233 1063.0 3.4935622317596566
dp: 262 1093.0 9.874045801526718
fcfg: 262 1084.0 6.709923664122138
dp: 213 1070.0 3.572769953051643
fcfg: 213 1067.0 1.704225352112676
dp: 243 1077.0 8.08641975308642
fcfg: 243 1058.0 2.7983539094650207
dp: 228 1077.0 4.421052631578948
fcfg: 228 1075.0 2.074561403508772
dp: 231 1061.0 2.1298701298701297
fcfg: 231 1063.0 1.6363636363636365
dp: 219 1063.0 3.502283105022831
fcfg: 219 1058.0 1.7031963470319635
dp: 237 1068.0 4.755274261603375
fcfg: 237 1074.0 3.257383966244726
dp: 246 1096.0 7.617886178861789
fcfg: 246 1067.0 3.434959349593496
dp: 221 1090.0 4.782805429864253
fcfg: 221 1080.0 2.7873303167420813
dp: 220 1055.0 5.818181818181818
fcfg: 220 1055.0 2.8181818181818183
dp: 220 1075.0 3.0454545454545454
fcfg: 220 1061.0 1.7818181818181817
dp: 222 1058.0 5.148648648648648
fcfg: 222 1058.0 1.8243243243243243
dp: 208 1070.0 3.581730769230769
fcfg: 208 1065.0 0.9759615384615384
dp: 228 1075.0 3.3508771929824563
fcfg: 228 1074.0 2.2850877192982457
dp: 218 1053.0 3.1559633027522938
fcfg: 218 1053.0 1.4678899082568808
dp: 224 1074.0 3.700892857142857
fcfg: 224 1061.0 1.96875
dp: 231 1070.0 3.142857142857143
fcfg: 231 1071.0 1.0043290043290043
dp: 220 1055.0 3.8136363636363635
fcfg: 220 1052.0 2.1636363636363636
dp: 225 1081.0 3.497777777777778
fcfg: 225 1079.0 1.951111111111111
dp: 217 1063.0 4.11520737327189
fcfg: 217 1071.0 1.7142857142857142
dp: 222 1083.0 2.725225225225225
fcfg: 222 1058.0 0.6846846846846847
dp: 224 1059.0 3.236607142857143
fcfg: 224 1058.0 1.5133928571428572
dp: 209 1071.0 2.9617224880382773
fcfg: 209 1067.0 1.062200956937799
