dp: 262 815.0 63.36641221374046
fcfg: 262 893.0 95.20229007633588
dp: 240 769.0 47.175
fcfg: 240 801.0 67.99583333333334
dp: 224 744.0 42.424107142857146
fcfg: 224 815.0 84.125
dp: 222 742.0 36.86036036036036
fcfg: 222 898.0 90.05405405405405
dp: 244 773.0 45.299180327868854
fcfg: 244 856.0 74.43852459016394
dp: 226 748.0 39.85840707964602
fcfg: 226 797.0 53.29203539823009
dp: 250 781.0 53.688
fcfg: 250 826.0 77.912
dp: 250 784.0 54.476
fcfg: 250 846.0 83.036
dp: 243 787.0 67.8641975308642
fcfg: 243 823.0 81.95884773662551
dp: 244 767.0 49.040983606557376
fcfg: 244 967.0 117.4139344262295
