dp: 61 370.0 1.9344262295081966
fafg: 61 370.0 1.8360655737704918
dp: 62 386.0 8.548387096774194
fafg: 62 386.0 9.096774193548388
dp: 52 383.0 0.4423076923076923
fafg: 52 383.0 0.5
dp: 66 372.0 8.303030303030303
fafg: 66 372.0 7.166666666666667
dp: 48 371.0 1.0208333333333333
fafg: 48 371.0 1.0208333333333333
dp: 63 365.0 1.3174603174603174
fafg: 63 370.0 1.746031746031746
dp: 60 379.0 0.36666666666666664
fafg: 60 379.0 0.3
dp: 68 372.0 1.0
fafg: 68 372.0 1.0147058823529411
dp: 54 369.0 0.9074074074074074
fafg: 54 369.0 1.0
dp: 68 404.0 12.705882352941176
fafg: 68 394.0 11.602941176470589
dp: 57 377.0 0.22807017543859648
fafg: 57 378.0 0.2807017543859649
dp: 59 369.0 1.2203389830508475
fafg: 59 372.0 1.305084745762712
dp: 63 369.0 1.3492063492063493
fafg: 63 372.0 1.3968253968253967
dp: 73 378.0 4.068493150684931
fafg: 73 385.0 4.780821917808219
dp: 52 370.0 5.1923076923076925
fafg: 52 370.0 5.1923076923076925
dp: 73 371.0 7.8493150684931505
fafg: 73 384.0 8.643835616438356
dp: 65 370.0 1.7230769230769232
fafg: 65 370.0 2.123076923076923
dp: 67 383.0 6.1940298507462686
fafg: 67 373.0 2.7611940298507465
dp: 60 364.0 5.233333333333333
fafg: 60 364.0 3.4833333333333334
dp: 58 370.0 1.0517241379310345
fafg: 58 370.0 0.9137931034482759
dp: 70 385.0 21.65714285714286
fafg: 70 384.0 21.97142857142857
dp: 57 376.0 1.8245614035087718
fafg: 57 376.0 1.736842105263158
dp: 64 373.0 1.609375
fafg: 64 373.0 1.484375
dp: 76 400.0 13.302631578947368
fafg: 76 398.0 11.43421052631579
dp: 55 369.0 1.3454545454545455
fafg: 55 369.0 0.6727272727272727
dp: 64 375.0 1.640625
fafg: 64 375.0 2.078125
dp: 68 372.0 11.808823529411764
fafg: 68 372.0 2.6470588235294117
dp: 66 403.0 28.666666666666668
fafg: 66 403.0 28.681818181818183
dp: 52 378.0 0.6730769230769231
fafg: 52 378.0 0.5384615384615384
dp: 75 376.0 5.8533333333333335
fafg: 75 406.0 24.24
dp: 66 373.0 4.212121212121212
fafg: 66 373.0 4.151515151515151
dp: 60 382.0 1.3
fafg: 60 377.0 1.0666666666666667
dp: 56 363.0 2.6785714285714284
fafg: 56 363.0 2.7142857142857144
dp: 56 366.0 1.1428571428571428
fafg: 56 366.0 1.4464285714285714
dp: 64 372.0 2.453125
fafg: 64 373.0 3.0625
dp: 63 365.0 1.6507936507936507
fafg: 63 365.0 1.7142857142857142
dp: 69 372.0 7.478260869565218
fafg: 69 374.0 4.115942028985507
dp: 76 381.0 2.1315789473684212
fafg: 76 385.0 2.1973684210526314
dp: 56 365.0 1.4285714285714286
fafg: 56 365.0 1.4285714285714286
dp: 53 357.0 1.0754716981132075
fafg: 53 357.0 4.509433962264151
dp: 53 368.0 1.0943396226415094
fafg: 53 368.0 1.1320754716981132
dp: 72 379.0 20.819444444444443
fafg: 72 371.0 11.222222222222221
dp: 57 383.0 0.9298245614035088
fafg: 57 383.0 0.9298245614035088
dp: 58 360.0 0.034482758620689655
fafg: 58 360.0 0.034482758620689655
dp: 52 373.0 0.3076923076923077
fafg: 52 371.0 0.36538461538461536
dp: 58 375.0 1.1896551724137931
fafg: 58 378.0 2.0517241379310347
dp: 67 375.0 0.6716417910447762
fafg: 67 375.0 0.8805970149253731
dp: 61 396.0 31.83606557377049
fafg: 61 396.0 31.885245901639344
dp: 49 374.0 3.0408163265306123
fafg: 49 374.0 3.7346938775510203
dp: 63 381.0 2.7142857142857144
fafg: 63 381.0 2.7142857142857144
dp: 65 365.0 2.9692307692307693
fafg: 65 369.0 7.507692307692308
dp: 55 376.0 0.5636363636363636
fafg: 55 376.0 4.127272727272727
dp: 61 379.0 3.0491803278688523
fafg: 61 382.0 3.3278688524590163
dp: 63 377.0 6.492063492063492
fafg: 63 377.0 6.492063492063492
dp: 51 369.0 3.1372549019607843
fafg: 51 369.0 3.2745098039215685
dp: 59 360.0 9.389830508474576
fafg: 59 361.0 9.322033898305085
dp: 55 345.0 1.1636363636363636
fafg: 55 345.0 1.2
dp: 63 394.0 16.666666666666668
fafg: 63 365.0 3.984126984126984
dp: 59 362.0 1.8135593220338984
fafg: 59 362.0 1.6271186440677967
dp: 66 381.0 1.6666666666666667
fafg: 66 383.0 3.8636363636363638
dp: 66 380.0 1.9545454545454546
fafg: 66 383.0 2.0606060606060606
dp: 65 378.0 5.984615384615385
fafg: 65 381.0 5.569230769230769
dp: 59 374.0 1.4406779661016949
fafg: 59 377.0 1.423728813559322
dp: 69 377.0 6.797101449275362
fafg: 69 367.0 5.971014492753623
dp: 57 384.0 3.543859649122807
fafg: 57 382.0 3.824561403508772
dp: 62 378.0 1.1774193548387097
fafg: 62 378.0 1.1774193548387097
dp: 47 364.0 0.5106382978723404
fafg: 47 364.0 0.5319148936170213
dp: 55 370.0 1.8363636363636364
fafg: 55 370.0 1.8363636363636364
dp: 69 371.0 0.8695652173913043
fafg: 69 371.0 0.9130434782608695
dp: 45 360.0 1.8222222222222222
fafg: 45 360.0 1.3777777777777778
dp: 75 413.0 31.026666666666667
fafg: 75 411.0 29.04
dp: 60 356.0 0.13333333333333333
fafg: 60 356.0 0.13333333333333333
dp: 54 374.0 1.462962962962963
fafg: 54 374.0 1.462962962962963
dp: 68 376.0 12.897058823529411
fafg: 68 367.0 10.735294117647058
dp: 57 372.0 1.2280701754385965
fafg: 57 372.0 1.2456140350877194
dp: 65 368.0 2.9076923076923076
fafg: 65 373.0 2.876923076923077
dp: 57 370.0 0.6842105263157895
fafg: 57 370.0 0.6842105263157895
dp: 55 371.0 0.7636363636363637
fafg: 55 371.0 0.6727272727272727
dp: 60 360.0 21.066666666666666
fafg: 60 360.0 21.066666666666666
dp: 56 369.0 1.0535714285714286
fafg: 56 369.0 1.125
dp: 53 365.0 8.735849056603774
fafg: 53 364.0 8.716981132075471
dp: 76 364.0 3.1973684210526314
fafg: 76 364.0 4.7368421052631575
dp: 54 366.0 0.2962962962962963
fafg: 54 366.0 0.42592592592592593
dp: 62 374.0 3.161290322580645
fafg: 62 374.0 3.161290322580645
dp: 67 373.0 10.567164179104477
fafg: 67 373.0 11.746268656716419
dp: 63 366.0 1.5238095238095237
fafg: 63 366.0 1.9047619047619047
dp: 61 364.0 1.1475409836065573
fafg: 61 364.0 0.9836065573770492
dp: 62 376.0 3.0483870967741935
fafg: 62 374.0 3.0806451612903225
dp: 55 376.0 1.4363636363636363
fafg: 55 376.0 1.4363636363636363
dp: 53 363.0 0.22641509433962265
fafg: 53 377.0 2.056603773584906
dp: 50 371.0 0.06
fafg: 50 371.0 0.1
dp: 72 377.0 1.3055555555555556
fafg: 72 378.0 1.4027777777777777
dp: 58 373.0 2.2586206896551726
fafg: 58 373.0 2.2586206896551726
dp: 63 370.0 2.9206349206349205
fafg: 63 369.0 2.984126984126984
dp: 56 372.0 0.17857142857142858
fafg: 56 372.0 0.17857142857142858
dp: 74 381.0 3.7837837837837838
fafg: 74 386.0 3.5945945945945947
dp: 73 394.0 9.726027397260275
fafg: 73 385.0 3.73972602739726
dp: 72 390.0 19.708333333333332
fafg: 72 367.0 4.638888888888889
dp: 48 368.0 0.10416666666666667
fafg: 48 368.0 0.14583333333333334
dp: 70 380.0 10.17142857142857
fafg: 70 373.0 11.442857142857143
dp: 59 374.0 3.152542372881356
fafg: 59 374.0 3.152542372881356
dp: 60 366.0 0.15
fafg: 60 366.0 0.2
dp: 60 367.0 0.95
fafg: 60 367.0 1.55
dp: 68 384.0 5.1911764705882355
fafg: 68 368.0 7.1911764705882355
dp: 60 370.0 1.1833333333333333
fafg: 60 370.0 1.2333333333333334
dp: 56 363.0 2.5535714285714284
fafg: 56 364.0 2.6785714285714284
dp: 46 339.0 0.5
fafg: 46 339.0 0.5
dp: 79 409.0 23.911392405063292
fafg: 79 385.0 5.253164556962025
dp: 70 377.0 3.357142857142857
fafg: 70 377.0 3.7
dp: 49 369.0 0.5918367346938775
fafg: 49 366.0 1.0
dp: 65 370.0 2.8
fafg: 65 370.0 2.8
dp: 54 353.0 1.9444444444444444
fafg: 54 353.0 4.7407407407407405
dp: 64 365.0 5.46875
fafg: 64 365.0 5.515625
dp: 70 372.0 1.6428571428571428
fafg: 70 373.0 1.4714285714285715
dp: 54 385.0 0.7222222222222222
fafg: 54 385.0 0.7222222222222222
dp: 52 369.0 3.173076923076923
fafg: 52 369.0 4.1923076923076925
dp: 61 373.0 11.852459016393443
fafg: 61 373.0 7.032786885245901
dp: 64 366.0 2.0625
fafg: 64 366.0 2.09375
dp: 60 372.0 1.7833333333333334
fafg: 60 372.0 1.8166666666666667
dp: 61 368.0 1.4754098360655739
fafg: 61 368.0 1.4754098360655739
dp: 68 366.0 7.529411764705882
fafg: 68 366.0 6.205882352941177
dp: 71 362.0 3.112676056338028
fafg: 71 368.0 4.563380281690141
dp: 68 372.0 1.3235294117647058
fafg: 68 372.0 1.3823529411764706
dp: 75 375.0 6.12
fafg: 75 398.0 20.493333333333332
dp: 77 377.0 5.857142857142857
fafg: 77 375.0 6.207792207792208
dp: 59 360.0 0.9152542372881356
fafg: 59 360.0 1.2542372881355932
dp: 53 366.0 0.37735849056603776
fafg: 53 366.0 0.4716981132075472
dp: 50 374.0 0.3
fafg: 50 374.0 0.3
dp: 59 370.0 0.5423728813559322
fafg: 59 370.0 0.5423728813559322
dp: 78 412.0 30.166666666666668
fafg: 78 414.0 33.98717948717949
dp: 60 372.0 0.35
fafg: 60 372.0 0.35
dp: 58 366.0 3.1551724137931036
fafg: 58 366.0 2.310344827586207
dp: 61 370.0 0.26229508196721313
fafg: 61 370.0 0.29508196721311475
dp: 67 388.0 4.492537313432836
fafg: 67 389.0 4.7611940298507465
dp: 73 386.0 11.712328767123287
fafg: 73 398.0 18.328767123287673
dp: 51 373.0 0.9803921568627451
fafg: 51 373.0 0.9803921568627451
dp: 57 370.0 0.8421052631578947
fafg: 57 370.0 1.0526315789473684
dp: 61 381.0 7.098360655737705
fafg: 61 377.0 6.688524590163935
dp: 70 378.0 1.8857142857142857
fafg: 70 379.0 2.2142857142857144
dp: 58 367.0 0.5172413793103449
fafg: 58 367.0 0.5689655172413793
dp: 57 377.0 1.1403508771929824
fafg: 57 377.0 1.6140350877192982
dp: 68 375.0 2.6176470588235294
fafg: 68 375.0 2.676470588235294
dp: 70 378.0 4.728571428571429
fafg: 70 378.0 5.514285714285714
dp: 57 365.0 2.1578947368421053
fafg: 57 365.0 2.1228070175438596
dp: 62 374.0 4.145161290322581
fafg: 62 374.0 3.4193548387096775
dp: 61 375.0 1.0
fafg: 61 379.0 2.19672131147541
dp: 74 380.0 4.77027027027027
fafg: 74 389.0 7.0
dp: 76 403.0 27.31578947368421
fafg: 76 401.0 23.82894736842105
dp: 56 366.0 1.6964285714285714
fafg: 56 366.0 1.4821428571428572
dp: 60 378.0 2.316666666666667
fafg: 60 375.0 2.683333333333333
dp: 51 373.0 7.235294117647059
fafg: 51 365.0 5.686274509803922
dp: 69 366.0 2.2028985507246377
fafg: 69 366.0 2.2028985507246377
dp: 61 381.0 7.049180327868853
fafg: 61 378.0 6.967213114754099
dp: 61 365.0 11.081967213114755
fafg: 61 359.0 10.39344262295082
dp: 57 366.0 8.157894736842104
fafg: 57 381.0 13.157894736842104
dp: 54 374.0 0.2037037037037037
fafg: 54 373.0 0.2962962962962963
dp: 62 367.0 1.2580645161290323
fafg: 62 367.0 1.2741935483870968
dp: 69 368.0 2.5652173913043477
fafg: 69 394.0 16.231884057971016
dp: 72 379.0 9.61111111111111
fafg: 72 372.0 7.305555555555555
dp: 56 372.0 0.7321428571428571
fafg: 56 372.0 0.7321428571428571
dp: 73 393.0 15.643835616438356
fafg: 73 376.0 3.2465753424657535
dp: 69 392.0 11.840579710144928
fafg: 69 399.0 13.797101449275363
dp: 58 374.0 0.9137931034482759
fafg: 58 374.0 1.1551724137931034
dp: 69 381.0 2.1159420289855073
fafg: 69 381.0 2.1159420289855073
dp: 68 367.0 3.3823529411764706
fafg: 68 367.0 3.4558823529411766
dp: 49 366.0 0.16326530612244897
fafg: 49 366.0 0.7551020408163265
dp: 65 394.0 19.846153846153847
fafg: 65 390.0 19.476923076923075
dp: 57 371.0 1.105263157894737
fafg: 57 371.0 1.0
dp: 67 378.0 3.5671641791044775
fafg: 67 378.0 4.119402985074627
dp: 74 370.0 2.0
fafg: 74 370.0 2.554054054054054
dp: 58 369.0 0.3793103448275862
fafg: 58 369.0 0.4827586206896552
dp: 72 392.0 3.4027777777777777
fafg: 72 379.0 2.8472222222222223
dp: 65 374.0 15.4
fafg: 65 374.0 15.4
dp: 63 371.0 2.0793650793650795
fafg: 63 371.0 2.380952380952381
dp: 54 373.0 3.1296296296296298
fafg: 54 366.0 2.537037037037037
dp: 55 353.0 1.1090909090909091
fafg: 55 353.0 1.2727272727272727
dp: 68 375.0 0.6470588235294118
fafg: 68 375.0 1.1764705882352942
dp: 57 368.0 4.649122807017544
fafg: 57 368.0 4.649122807017544
dp: 62 375.0 0.9838709677419355
fafg: 62 375.0 1.1290322580645162
dp: 50 357.0 1.46
fafg: 50 357.0 2.22
dp: 66 377.0 3.893939393939394
fafg: 66 377.0 3.8636363636363638
dp: 64 369.0 0.953125
fafg: 64 369.0 5.265625
dp: 65 373.0 0.7692307692307693
fafg: 65 373.0 0.7692307692307693
dp: 88 390.0 12.727272727272727
fafg: 88 409.0 19.261363636363637
dp: 69 377.0 10.579710144927537
fafg: 69 375.0 9.144927536231885
dp: 52 366.0 2.0384615384615383
fafg: 52 366.0 2.076923076923077
dp: 54 362.0 3.6481481481481484
fafg: 54 362.0 3.6481481481481484
dp: 66 375.0 2.9393939393939394
fafg: 66 375.0 3.787878787878788
dp: 72 376.0 2.4166666666666665
fafg: 72 377.0 2.4166666666666665
dp: 73 368.0 12.479452054794521
fafg: 73 368.0 6.232876712328767
dp: 50 376.0 0.08
fafg: 50 376.0 0.12
dp: 65 366.0 1.7538461538461538
fafg: 65 369.0 0.9538461538461539
dp: 63 388.0 20.746031746031747
fafg: 63 376.0 1.3174603174603174
dp: 68 394.0 5.132352941176471
fafg: 68 394.0 5.529411764705882
dp: 71 380.0 2.464788732394366
fafg: 71 386.0 2.1971830985915495
dp: 62 357.0 4.645161290322581
fafg: 62 357.0 1.2419354838709677
dp: 71 371.0 1.4507042253521127
fafg: 71 371.0 2.5774647887323945
dp: 50 362.0 3.54
fafg: 50 362.0 3.58
dp: 56 363.0 0.625
fafg: 56 363.0 0.5535714285714286
dp: 56 367.0 0.75
fafg: 56 367.0 0.9464285714285714
dp: 73 416.0 28.643835616438356
fafg: 73 367.0 4.589041095890411
dp: 61 363.0 3.6065573770491803
fafg: 61 362.0 2.9344262295081966
dp: 62 357.0 1.2258064516129032
fafg: 62 357.0 1.3870967741935485
dp: 72 373.0 3.3055555555555554
fafg: 72 373.0 1.9305555555555556
dp: 59 382.0 14.474576271186441
fafg: 59 382.0 14.474576271186441
dp: 68 373.0 4.426470588235294
fafg: 68 373.0 4.705882352941177
dp: 59 371.0 2.0338983050847457
fafg: 59 371.0 2.0338983050847457
dp: 68 370.0 1.7058823529411764
fafg: 68 380.0 12.926470588235293
dp: 68 370.0 8.867647058823529
fafg: 68 370.0 9.911764705882353
dp: 68 385.0 10.794117647058824
fafg: 68 385.0 10.794117647058824
dp: 61 362.0 0.8524590163934426
fafg: 61 381.0 11.295081967213115
dp: 56 363.0 0.48214285714285715
fafg: 56 363.0 0.48214285714285715
dp: 69 394.0 6.521739130434782
fafg: 69 391.0 6.173913043478261
dp: 70 375.0 1.2571428571428571
fafg: 70 392.0 4.371428571428571
dp: 56 362.0 1.7678571428571428
fafg: 56 362.0 1.2678571428571428
dp: 60 366.0 0.8
fafg: 60 366.0 0.6666666666666666
dp: 56 365.0 1.6607142857142858
fafg: 56 365.0 1.6607142857142858
dp: 55 364.0 5.2
fafg: 55 364.0 5.2
dp: 46 358.0 1.5869565217391304
fafg: 46 358.0 1.5869565217391304
dp: 56 363.0 1.8035714285714286
fafg: 56 363.0 1.875
dp: 58 373.0 1.1379310344827587
fafg: 58 373.0 1.206896551724138
dp: 70 363.0 2.842857142857143
fafg: 70 397.0 23.185714285714287
dp: 65 361.0 2.6769230769230767
fafg: 65 361.0 2.707692307692308
dp: 65 371.0 2.0307692307692307
fafg: 65 371.0 2.5076923076923077
dp: 62 374.0 0.9032258064516129
fafg: 62 375.0 1.0483870967741935
dp: 66 375.0 1.1818181818181819
fafg: 66 375.0 1.4393939393939394
dp: 67 368.0 2.8507462686567164
fafg: 67 368.0 2.343283582089552
dp: 78 391.0 5.076923076923077
fafg: 78 381.0 2.8205128205128207
dp: 65 366.0 1.3384615384615384
fafg: 65 375.0 3.4
dp: 59 366.0 0.7627118644067796
fafg: 59 368.0 1.0169491525423728
dp: 59 381.0 2.559322033898305
fafg: 59 381.0 2.559322033898305
dp: 63 374.0 3.0793650793650795
fafg: 63 362.0 2.1904761904761907
dp: 50 365.0 0.9
fafg: 50 365.0 0.94
dp: 54 366.0 0.3148148148148148
fafg: 54 366.0 0.3148148148148148
dp: 61 366.0 2.0491803278688523
fafg: 61 362.0 1.9836065573770492
dp: 54 358.0 0.12962962962962962
fafg: 54 360.0 0.3148148148148148
dp: 61 372.0 0.2786885245901639
fafg: 61 375.0 0.4426229508196721
dp: 57 400.0 17.05263157894737
fafg: 57 373.0 2.473684210526316
dp: 70 380.0 4.928571428571429
fafg: 70 380.0 5.3
dp: 56 365.0 1.0178571428571428
fafg: 56 365.0 0.6785714285714286
dp: 74 369.0 0.8918918918918919
fafg: 74 369.0 1.162162162162162
dp: 64 377.0 4.6875
fafg: 64 377.0 6.515625
dp: 73 364.0 4.109589041095891
fafg: 73 364.0 5.123287671232877
dp: 70 371.0 3.1
fafg: 70 371.0 3.1857142857142855
dp: 68 368.0 0.5735294117647058
fafg: 68 368.0 1.0441176470588236
dp: 60 368.0 0.25
fafg: 60 368.0 0.25
dp: 48 373.0 0.8333333333333334
fafg: 48 373.0 0.875
dp: 62 369.0 0.9838709677419355
fafg: 62 369.0 0.6290322580645161
dp: 57 373.0 0.5789473684210527
fafg: 57 373.0 0.5789473684210527
dp: 68 395.0 2.661764705882353
fafg: 68 387.0 2.426470588235294
dp: 66 386.0 1.893939393939394
fafg: 66 386.0 1.893939393939394
dp: 66 403.0 29.848484848484848
fafg: 66 384.0 19.893939393939394
dp: 59 379.0 6.4576271186440675
fafg: 59 377.0 5.491525423728813
dp: 70 402.0 17.585714285714285
fafg: 70 380.0 2.557142857142857
dp: 54 373.0 0.25925925925925924
fafg: 54 373.0 0.24074074074074073
dp: 47 363.0 0.46808510638297873
fafg: 47 363.0 0.5106382978723404
dp: 52 366.0 0.5769230769230769
fafg: 52 366.0 0.6730769230769231
dp: 60 369.0 0.9166666666666666
fafg: 60 370.0 1.0833333333333333
dp: 57 374.0 3.3684210526315788
fafg: 57 374.0 3.2280701754385963
dp: 62 357.0 3.338709677419355
fafg: 62 357.0 3.3225806451612905
dp: 66 374.0 1.1818181818181819
fafg: 66 374.0 1.2121212121212122
dp: 59 368.0 0.3728813559322034
fafg: 59 368.0 0.423728813559322
dp: 56 359.0 0.5535714285714286
fafg: 56 359.0 0.5178571428571429
dp: 58 343.0 1.293103448275862
fafg: 58 343.0 1.6724137931034482
dp: 51 372.0 5.03921568627451
fafg: 51 372.0 5.019607843137255
dp: 54 359.0 0.9074074074074074
fafg: 54 359.0 0.9074074074074074
dp: 63 359.0 0.3968253968253968
fafg: 63 359.0 0.4444444444444444
dp: 63 376.0 0.9365079365079365
fafg: 63 376.0 0.9841269841269841
dp: 65 364.0 0.2
fafg: 65 364.0 0.2
dp: 58 372.0 2.413793103448276
fafg: 58 372.0 1.5517241379310345
dp: 65 367.0 1.5538461538461539
fafg: 65 367.0 1.5538461538461539
dp: 67 404.0 20.223880597014926
fafg: 67 387.0 14.388059701492537
dp: 60 363.0 0.5833333333333334
fafg: 60 363.0 0.5833333333333334
dp: 76 365.0 2.4473684210526314
fafg: 76 368.0 2.526315789473684
dp: 53 372.0 1.2264150943396226
fafg: 53 376.0 1.3584905660377358
dp: 55 373.0 1.1636363636363636
fafg: 55 373.0 1.1636363636363636
dp: 60 361.0 1.35
fafg: 60 361.0 1.3666666666666667
dp: 72 365.0 2.111111111111111
fafg: 72 371.0 2.2222222222222223
dp: 69 385.0 14.55072463768116
fafg: 69 380.0 14.405797101449275
dp: 56 361.0 1.4285714285714286
fafg: 56 361.0 0.3392857142857143
dp: 64 366.0 0.9375
fafg: 64 366.0 0.515625
dp: 61 355.0 1.6557377049180328
fafg: 61 355.0 1.2295081967213115
dp: 61 366.0 0.9508196721311475
fafg: 61 366.0 2.80327868852459
dp: 57 365.0 0.7368421052631579
fafg: 57 365.0 0.9122807017543859
dp: 57 369.0 5.4035087719298245
fafg: 57 369.0 4.684210526315789
dp: 62 366.0 3.306451612903226
fafg: 62 366.0 3.064516129032258
dp: 60 373.0 4.133333333333334
fafg: 60 373.0 4.133333333333334
dp: 58 368.0 1.6206896551724137
fafg: 58 368.0 1.6379310344827587
dp: 70 388.0 6.257142857142857
fafg: 70 388.0 6.357142857142857
dp: 54 377.0 1.2777777777777777
fafg: 54 377.0 1.3148148148148149
dp: 74 380.0 2.108108108108108
fafg: 74 380.0 2.135135135135135
dp: 72 381.0 4.805555555555555
fafg: 72 384.0 3.5277777777777777
dp: 51 358.0 1.6862745098039216
fafg: 51 358.0 1.6862745098039216
dp: 74 405.0 40.7027027027027
fafg: 74 400.0 29.405405405405407
dp: 72 394.0 13.805555555555555
fafg: 72 394.0 13.847222222222221
dp: 58 376.0 1.0172413793103448
fafg: 58 377.0 1.0689655172413792
dp: 63 376.0 1.3650793650793651
fafg: 63 371.0 1.4444444444444444
dp: 72 373.0 1.9166666666666667
fafg: 72 377.0 4.736111111111111
dp: 64 363.0 1.3125
fafg: 64 367.0 1.328125
dp: 72 382.0 3.263888888888889
fafg: 72 383.0 4.055555555555555
dp: 62 351.0 1.096774193548387
fafg: 62 351.0 1.032258064516129
dp: 71 381.0 6.676056338028169
fafg: 71 381.0 2.591549295774648
dp: 66 371.0 2.3333333333333335
fafg: 66 371.0 2.484848484848485
dp: 58 402.0 16.74137931034483
fafg: 58 402.0 16.637931034482758
dp: 66 373.0 2.893939393939394
fafg: 66 390.0 8.712121212121213
dp: 63 352.0 2.492063492063492
fafg: 63 353.0 3.507936507936508
dp: 71 370.0 2.1690140845070425
fafg: 71 369.0 4.0
dp: 66 375.0 1.196969696969697
fafg: 66 375.0 3.909090909090909
dp: 55 343.0 4.381818181818182
fafg: 55 343.0 4.381818181818182
dp: 81 387.0 11.123456790123457
fafg: 81 371.0 3.123456790123457
dp: 77 405.0 30.064935064935064
fafg: 77 384.0 19.766233766233768
dp: 63 376.0 2.6507936507936507
fafg: 63 376.0 2.6507936507936507
dp: 66 378.0 1.5757575757575757
fafg: 66 371.0 1.0303030303030303
dp: 72 359.0 6.125
fafg: 72 359.0 6.166666666666667
dp: 62 352.0 2.2096774193548385
fafg: 62 352.0 2.2096774193548385
dp: 68 396.0 5.455882352941177
fafg: 68 396.0 5.455882352941177
dp: 72 361.0 0.6805555555555556
fafg: 72 380.0 2.8055555555555554
dp: 68 394.0 5.279411764705882
fafg: 68 394.0 6.514705882352941
dp: 57 373.0 1.9824561403508771
fafg: 57 373.0 1.9824561403508771
dp: 56 378.0 1.6607142857142858
fafg: 56 378.0 1.625
dp: 50 372.0 1.7
fafg: 50 372.0 1.7
dp: 69 376.0 6.36231884057971
fafg: 69 375.0 6.478260869565218
dp: 54 359.0 5.7592592592592595
fafg: 54 359.0 5.7592592592592595
dp: 66 374.0 0.5151515151515151
fafg: 66 374.0 0.5757575757575758
dp: 64 385.0 3.421875
fafg: 64 383.0 3.21875
dp: 62 360.0 0.27419354838709675
fafg: 62 360.0 0.4838709677419355
dp: 80 371.0 5.6875
fafg: 80 359.0 5.8125
dp: 55 373.0 0.09090909090909091
fafg: 55 373.0 0.23636363636363636
dp: 55 365.0 2.3636363636363638
fafg: 55 365.0 2.381818181818182
dp: 79 370.0 7.949367088607595
fafg: 79 370.0 8.063291139240507
dp: 63 422.0 44.26984126984127
fafg: 63 422.0 44.26984126984127
dp: 60 374.0 0.5333333333333333
fafg: 60 378.0 0.38333333333333336
dp: 72 385.0 24.47222222222222
fafg: 72 396.0 27.09722222222222
dp: 67 389.0 2.343283582089552
fafg: 67 385.0 2.1641791044776117
dp: 62 374.0 1.4193548387096775
fafg: 62 374.0 2.338709677419355
dp: 60 368.0 0.4
fafg: 60 374.0 0.8166666666666667
dp: 68 386.0 5.25
fafg: 68 379.0 3.4705882352941178
dp: 57 374.0 1.3333333333333333
fafg: 57 374.0 1.3333333333333333
dp: 62 363.0 11.290322580645162
fafg: 62 363.0 12.048387096774194
dp: 77 382.0 5.025974025974026
fafg: 77 392.0 6.337662337662338
dp: 63 371.0 1.7301587301587302
fafg: 63 371.0 2.888888888888889
dp: 60 367.0 0.35
fafg: 60 367.0 0.4166666666666667
dp: 63 384.0 3.3968253968253967
fafg: 63 384.0 3.619047619047619
dp: 71 377.0 4.985915492957746
fafg: 71 381.0 3.183098591549296
dp: 62 358.0 11.903225806451612
fafg: 62 358.0 11.903225806451612
dp: 64 373.0 0.78125
fafg: 64 392.0 8.546875
dp: 61 369.0 2.1639344262295084
fafg: 61 369.0 4.409836065573771
dp: 65 388.0 14.03076923076923
fafg: 65 377.0 9.446153846153846
dp: 52 371.0 6.4423076923076925
fafg: 52 371.0 6.4423076923076925
dp: 83 403.0 25.686746987951807
fafg: 83 374.0 8.168674698795181
dp: 66 376.0 1.1515151515151516
fafg: 66 376.0 0.9696969696969697
dp: 64 379.0 1.03125
fafg: 64 379.0 1.28125
dp: 58 374.0 4.758620689655173
fafg: 58 374.0 5.241379310344827
dp: 67 372.0 1.7611940298507462
fafg: 67 372.0 1.7611940298507462
dp: 60 382.0 13.116666666666667
fafg: 60 382.0 13.116666666666667
dp: 58 358.0 3.706896551724138
fafg: 58 358.0 3.706896551724138
dp: 64 403.0 37.734375
fafg: 64 382.0 24.859375
dp: 62 367.0 1.7741935483870968
fafg: 62 368.0 2.0483870967741935
dp: 70 359.0 1.542857142857143
fafg: 70 359.0 1.6
dp: 64 372.0 1.34375
fafg: 64 372.0 1.34375
dp: 79 387.0 17.772151898734176
fafg: 79 381.0 10.227848101265822
dp: 56 360.0 0.375
fafg: 56 360.0 0.5178571428571429
dp: 40 370.0 2.375
fafg: 40 370.0 2.375
dp: 59 396.0 16.11864406779661
fafg: 59 396.0 16.11864406779661
dp: 54 371.0 3.2037037037037037
fafg: 54 371.0 2.2777777777777777
dp: 56 389.0 8.839285714285714
fafg: 56 387.0 2.6785714285714284
dp: 70 383.0 5.214285714285714
fafg: 70 416.0 32.385714285714286
dp: 55 366.0 0.8909090909090909
fafg: 55 366.0 0.8909090909090909
dp: 60 349.0 9.55
fafg: 60 349.0 9.366666666666667
dp: 58 385.0 1.9827586206896552
fafg: 58 385.0 1.9827586206896552
dp: 71 376.0 0.971830985915493
fafg: 71 376.0 7.352112676056338
dp: 51 372.0 2.1372549019607843
fafg: 51 372.0 2.1372549019607843
dp: 64 361.0 3.375
fafg: 64 361.0 3.0
dp: 64 381.0 0.375
fafg: 64 381.0 0.546875
dp: 55 358.0 0.8181818181818182
fafg: 55 358.0 1.2
dp: 64 360.0 1.515625
fafg: 64 360.0 1.671875
dp: 68 368.0 1.6029411764705883
fafg: 68 368.0 2.088235294117647
dp: 53 373.0 0.6226415094339622
fafg: 53 373.0 0.8113207547169812
dp: 59 393.0 7.372881355932203
fafg: 59 393.0 7.440677966101695
dp: 62 360.0 8.629032258064516
fafg: 62 361.0 7.129032258064516
dp: 76 378.0 6.381578947368421
fafg: 76 378.0 6.381578947368421
dp: 54 365.0 0.3148148148148148
fafg: 54 365.0 0.3148148148148148
dp: 63 389.0 16.88888888888889
fafg: 63 389.0 16.88888888888889
dp: 61 373.0 2.9672131147540983
fafg: 61 373.0 3.0327868852459017
dp: 75 386.0 4.693333333333333
fafg: 75 382.0 3.6533333333333333
dp: 61 361.0 1.098360655737705
fafg: 61 393.0 14.524590163934427
dp: 62 378.0 5.016129032258065
fafg: 62 387.0 7.741935483870968
dp: 69 361.0 2.449275362318841
fafg: 69 361.0 3.36231884057971
dp: 65 396.0 22.415384615384614
fafg: 65 396.0 22.384615384615383
dp: 67 360.0 0.9552238805970149
fafg: 67 360.0 0.9552238805970149
dp: 66 432.0 61.196969696969695
fafg: 66 432.0 61.196969696969695
dp: 58 359.0 0.7068965517241379
fafg: 58 359.0 0.7241379310344828
dp: 59 373.0 0.288135593220339
fafg: 59 381.0 0.6440677966101694
dp: 57 365.0 0.3684210526315789
fafg: 57 365.0 0.40350877192982454
dp: 75 384.0 1.2
fafg: 75 383.0 1.0666666666666667
dp: 63 364.0 1.5555555555555556
fafg: 63 373.0 2.0
dp: 65 363.0 0.7384615384615385
fafg: 65 363.0 0.8153846153846154
dp: 76 386.0 17.44736842105263
fafg: 76 417.0 29.723684210526315
dp: 70 376.0 3.242857142857143
fafg: 70 399.0 16.985714285714284
dp: 62 359.0 1.596774193548387
fafg: 62 357.0 2.2096774193548385
dp: 61 358.0 1.9344262295081966
fafg: 61 348.0 0.7704918032786885
dp: 60 361.0 2.933333333333333
fafg: 60 361.0 2.933333333333333
dp: 75 383.0 3.92
fafg: 75 389.0 4.6
dp: 56 372.0 0.9821428571428571
fafg: 56 379.0 1.9642857142857142
dp: 61 367.0 0.7704918032786885
fafg: 61 367.0 0.7704918032786885
dp: 74 363.0 2.175675675675676
fafg: 74 364.0 5.95945945945946
dp: 66 373.0 2.772727272727273
fafg: 66 373.0 3.0757575757575757
dp: 64 372.0 12.46875
fafg: 64 371.0 15.1875
dp: 58 362.0 1.8448275862068966
fafg: 58 362.0 1.8448275862068966
dp: 60 375.0 2.5
fafg: 60 375.0 2.5
dp: 76 375.0 4.565789473684211
fafg: 76 375.0 3.5657894736842106
dp: 66 372.0 2.0
fafg: 66 372.0 2.0
dp: 70 424.0 41.357142857142854
fafg: 70 402.0 24.571428571428573
dp: 60 371.0 0.5
fafg: 60 369.0 0.6333333333333333
dp: 58 363.0 0.7068965517241379
fafg: 58 363.0 0.7586206896551724
dp: 55 368.0 1.9636363636363636
fafg: 55 367.0 0.8727272727272727
dp: 56 375.0 8.428571428571429
fafg: 56 381.0 9.482142857142858
dp: 61 379.0 5.065573770491803
fafg: 61 363.0 2.081967213114754
dp: 55 361.0 1.3272727272727274
fafg: 55 361.0 1.3636363636363635
dp: 72 382.0 3.1666666666666665
fafg: 72 381.0 3.0
dp: 52 372.0 0.4230769230769231
fafg: 52 372.0 0.46153846153846156
dp: 54 379.0 3.740740740740741
fafg: 54 379.0 3.740740740740741
dp: 62 379.0 2.032258064516129
fafg: 62 379.0 2.032258064516129
dp: 59 383.0 1.9152542372881356
fafg: 59 383.0 1.7118644067796611
dp: 61 375.0 4.278688524590164
fafg: 61 383.0 4.180327868852459
dp: 54 364.0 0.8888888888888888
fafg: 54 364.0 0.8888888888888888
dp: 57 369.0 3.245614035087719
fafg: 57 369.0 1.736842105263158
dp: 72 377.0 2.125
fafg: 72 390.0 6.902777777777778
dp: 55 349.0 1.9636363636363636
fafg: 55 349.0 1.0727272727272728
dp: 51 371.0 0.35294117647058826
fafg: 51 371.0 0.39215686274509803
dp: 59 375.0 1.6610169491525424
fafg: 59 375.0 1.2372881355932204
dp: 61 397.0 17.737704918032787
fafg: 61 372.0 5.967213114754099
dp: 68 384.0 1.3088235294117647
fafg: 68 384.0 1.3088235294117647
dp: 52 352.0 0.5192307692307693
fafg: 52 352.0 0.5384615384615384
dp: 65 366.0 2.6769230769230767
fafg: 65 368.0 3.8615384615384616
dp: 81 418.0 36.839506172839506
fafg: 81 418.0 37.0
dp: 68 379.0 9.323529411764707
fafg: 68 379.0 2.2205882352941178
dp: 56 363.0 1.1785714285714286
fafg: 56 363.0 1.5892857142857142
dp: 58 364.0 1.6724137931034482
fafg: 58 364.0 1.793103448275862
dp: 62 385.0 8.951612903225806
fafg: 62 385.0 8.951612903225806
dp: 65 364.0 8.846153846153847
fafg: 65 364.0 2.2
dp: 72 394.0 10.305555555555555
fafg: 72 376.0 2.263888888888889
dp: 61 370.0 2.0327868852459017
fafg: 61 374.0 2.2295081967213113
dp: 73 388.0 11.027397260273972
fafg: 73 369.0 3.452054794520548
dp: 62 362.0 3.0161290322580645
fafg: 62 362.0 3.0161290322580645
dp: 56 367.0 0.9642857142857143
fafg: 56 367.0 0.9642857142857143
dp: 77 398.0 23.974025974025974
fafg: 77 402.0 24.454545454545453
dp: 69 381.0 1.9565217391304348
fafg: 69 381.0 2.0434782608695654
dp: 55 359.0 10.254545454545454
fafg: 55 359.0 5.0
dp: 68 390.0 2.6470588235294117
fafg: 68 390.0 2.7941176470588234
dp: 58 373.0 4.931034482758621
fafg: 58 373.0 4.931034482758621
dp: 63 378.0 3.015873015873016
fafg: 63 378.0 2.5714285714285716
dp: 65 384.0 7.984615384615385
fafg: 65 384.0 7.984615384615385
dp: 47 361.0 0.5957446808510638
fafg: 47 361.0 0.8936170212765957
dp: 65 369.0 5.661538461538462
fafg: 65 367.0 6.107692307692307
dp: 64 367.0 6.875
fafg: 64 363.0 1.65625
dp: 47 364.0 0.0851063829787234
fafg: 47 364.0 0.1702127659574468
dp: 64 365.0 1.15625
fafg: 64 365.0 1.3125
dp: 70 367.0 3.242857142857143
fafg: 70 367.0 1.7857142857142858
dp: 71 356.0 8.352112676056338
fafg: 71 356.0 9.774647887323944
dp: 54 358.0 0.48148148148148145
fafg: 54 358.0 0.4444444444444444
dp: 63 362.0 5.920634920634921
fafg: 63 362.0 5.857142857142857
dp: 75 383.0 4.626666666666667
fafg: 75 384.0 5.573333333333333
dp: 72 366.0 6.277777777777778
fafg: 72 366.0 6.208333333333333
dp: 55 371.0 0.16363636363636364
fafg: 55 371.0 0.16363636363636364
dp: 57 364.0 2.3508771929824563
fafg: 57 364.0 2.3508771929824563
dp: 59 371.0 0.288135593220339
fafg: 59 371.0 0.423728813559322
dp: 61 359.0 0.8032786885245902
fafg: 61 359.0 1.540983606557377
dp: 54 346.0 1.3518518518518519
fafg: 54 346.0 1.7407407407407407
dp: 71 377.0 5.577464788732394
fafg: 71 377.0 7.633802816901408
dp: 61 365.0 2.8524590163934427
fafg: 61 365.0 2.098360655737705
dp: 55 357.0 1.4181818181818182
fafg: 55 357.0 1.8181818181818181
dp: 63 375.0 1.0952380952380953
fafg: 63 381.0 1.1904761904761905
dp: 63 360.0 13.031746031746032
fafg: 63 360.0 5.190476190476191
dp: 61 380.0 0.5409836065573771
fafg: 61 380.0 0.5409836065573771
dp: 60 381.0 6.75
fafg: 60 375.0 3.8
dp: 51 378.0 2.8627450980392157
fafg: 51 373.0 3.450980392156863
dp: 61 363.0 1.2950819672131149
fafg: 61 363.0 1.2950819672131149
dp: 54 371.0 3.0925925925925926
fafg: 54 371.0 3.1481481481481484
dp: 74 384.0 1.2837837837837838
fafg: 74 385.0 2.108108108108108
dp: 71 346.0 2.352112676056338
fafg: 71 349.0 12.535211267605634
dp: 64 376.0 3.859375
fafg: 64 378.0 4.3125
dp: 48 367.0 1.25
fafg: 48 367.0 1.4375
dp: 59 364.0 1.5593220338983051
fafg: 59 364.0 1.2372881355932204
dp: 63 388.0 15.253968253968255
fafg: 63 370.0 1.7301587301587302
dp: 70 394.0 27.3
fafg: 70 392.0 27.185714285714287
dp: 68 401.0 33.3235294117647
fafg: 68 405.0 34.05882352941177
dp: 69 370.0 2.9420289855072466
fafg: 69 370.0 1.5217391304347827
dp: 63 367.0 3.3015873015873014
fafg: 63 367.0 3.3492063492063493
dp: 62 366.0 2.0
fafg: 62 366.0 1.532258064516129
dp: 58 369.0 0.5689655172413793
fafg: 58 369.0 0.5689655172413793
dp: 61 362.0 1.9180327868852458
fafg: 61 362.0 3.0655737704918034
dp: 58 368.0 1.1724137931034482
fafg: 58 370.0 1.2586206896551724
dp: 62 369.0 2.1129032258064515
fafg: 62 369.0 2.629032258064516
dp: 60 392.0 7.183333333333334
fafg: 60 383.0 3.0833333333333335
dp: 63 364.0 6.571428571428571
fafg: 63 364.0 6.5396825396825395
dp: 63 365.0 1.746031746031746
fafg: 63 365.0 1.9841269841269842
dp: 57 370.0 1.105263157894737
fafg: 57 370.0 1.2105263157894737
dp: 52 370.0 1.1153846153846154
fafg: 52 370.0 1.1153846153846154
dp: 54 370.0 0.1111111111111111
fafg: 54 370.0 0.1111111111111111
dp: 69 362.0 3.130434782608696
fafg: 69 395.0 32.768115942028984
dp: 66 381.0 1.393939393939394
fafg: 66 381.0 1.4242424242424243
dp: 55 383.0 1.0545454545454545
fafg: 55 383.0 1.0545454545454545
dp: 70 366.0 6.514285714285714
fafg: 70 366.0 6.357142857142857
dp: 52 356.0 0.4423076923076923
fafg: 52 356.0 0.9230769230769231
dp: 63 373.0 3.492063492063492
fafg: 63 373.0 4.031746031746032
dp: 55 376.0 1.9090909090909092
fafg: 55 374.0 1.6727272727272726
dp: 46 367.0 0.2826086956521739
fafg: 46 367.0 0.2826086956521739
dp: 53 379.0 8.735849056603774
fafg: 53 379.0 8.79245283018868
dp: 71 381.0 1.971830985915493
fafg: 71 381.0 3.9014084507042255
dp: 66 366.0 1.7424242424242424
fafg: 66 373.0 4.333333333333333
dp: 61 377.0 3.737704918032787
fafg: 61 377.0 3.737704918032787
dp: 60 369.0 0.43333333333333335
fafg: 60 369.0 0.4666666666666667
dp: 64 380.0 2.0
fafg: 64 380.0 5.5
dp: 66 371.0 2.0303030303030303
fafg: 66 371.0 2.090909090909091
dp: 58 363.0 1.8793103448275863
fafg: 58 370.0 6.155172413793103
dp: 58 376.0 4.568965517241379
fafg: 58 376.0 5.620689655172414
dp: 65 374.0 9.876923076923077
fafg: 65 374.0 10.292307692307693
dp: 59 376.0 3.2542372881355934
fafg: 59 385.0 5.186440677966102
dp: 68 375.0 3.514705882352941
fafg: 68 375.0 3.75
dp: 64 367.0 1.0
fafg: 64 367.0 1.078125
dp: 69 372.0 3.3768115942028984
fafg: 69 378.0 3.246376811594203
dp: 72 366.0 9.930555555555555
fafg: 72 394.0 33.90277777777778
dp: 61 390.0 18.737704918032787
fafg: 61 366.0 6.639344262295082
dp: 57 373.0 1.1403508771929824
fafg: 57 373.0 1.1403508771929824
dp: 60 361.0 4.2
fafg: 60 361.0 2.4833333333333334
dp: 68 370.0 6.117647058823529
fafg: 68 370.0 5.323529411764706
dp: 63 370.0 1.619047619047619
fafg: 63 370.0 1.5238095238095237
dp: 50 374.0 0.14
fafg: 50 374.0 0.14
dp: 79 383.0 7.1265822784810124
fafg: 79 388.0 3.0759493670886076
dp: 67 399.0 19.238805970149254
fafg: 67 386.0 10.194029850746269
dp: 56 362.0 2.982142857142857
fafg: 56 362.0 3.232142857142857
dp: 61 372.0 1.1475409836065573
fafg: 61 372.0 1.2622950819672132
dp: 70 392.0 22.785714285714285
fafg: 70 392.0 22.785714285714285
dp: 76 397.0 15.68421052631579
fafg: 76 397.0 15.68421052631579
dp: 62 374.0 1.0161290322580645
fafg: 62 374.0 0.9838709677419355
dp: 74 389.0 9.378378378378379
fafg: 74 405.0 17.31081081081081
dp: 58 361.0 4.396551724137931
fafg: 58 361.0 4.396551724137931
dp: 75 391.0 4.04
fafg: 75 380.0 5.053333333333334
dp: 65 369.0 7.3538461538461535
fafg: 65 372.0 10.692307692307692
dp: 63 363.0 2.2222222222222223
fafg: 63 363.0 2.2222222222222223
dp: 59 366.0 3.9661016949152543
fafg: 59 366.0 3.864406779661017
dp: 57 361.0 2.5789473684210527
fafg: 57 361.0 2.543859649122807
dp: 69 387.0 2.9420289855072466
fafg: 69 386.0 3.550724637681159
dp: 64 376.0 1.875
fafg: 64 381.0 5.0625
dp: 53 373.0 1.8679245283018868
fafg: 53 373.0 1.8679245283018868
dp: 60 368.0 0.7333333333333333
fafg: 60 376.0 3.45
dp: 79 377.0 9.30379746835443
fafg: 79 375.0 6.075949367088608
dp: 70 367.0 2.9
fafg: 70 367.0 3.9
dp: 64 384.0 9.421875
fafg: 64 361.0 3.640625
dp: 65 370.0 12.938461538461539
fafg: 65 371.0 4.1692307692307695
dp: 75 366.0 1.3733333333333333
fafg: 75 366.0 2.16
dp: 70 376.0 1.6
fafg: 70 382.0 3.6
dp: 48 367.0 0.6458333333333334
fafg: 48 367.0 0.6666666666666666
dp: 60 369.0 1.3333333333333333
fafg: 60 369.0 1.3
dp: 72 373.0 1.8888888888888888
fafg: 72 372.0 1.9166666666666667
dp: 59 359.0 0.4915254237288136
fafg: 59 359.0 0.5084745762711864
dp: 59 371.0 2.864406779661017
fafg: 59 371.0 2.864406779661017
dp: 64 367.0 2.234375
fafg: 64 367.0 5.234375
dp: 74 384.0 3.635135135135135
fafg: 74 391.0 4.027027027027027
dp: 60 367.0 0.7833333333333333
fafg: 60 367.0 0.7833333333333333
dp: 60 372.0 3.8333333333333335
fafg: 60 372.0 3.1166666666666667
dp: 62 370.0 1.6935483870967742
fafg: 62 370.0 1.0
dp: 70 389.0 5.942857142857143
fafg: 70 384.0 4.642857142857143
dp: 59 352.0 1.4576271186440677
fafg: 59 352.0 2.864406779661017
dp: 71 377.0 7.563380281690141
fafg: 71 379.0 7.76056338028169
dp: 56 378.0 6.464285714285714
fafg: 56 374.0 3.75
dp: 63 362.0 1.8253968253968254
fafg: 63 362.0 1.9523809523809523
dp: 51 372.0 4.705882352941177
fafg: 51 372.0 3.823529411764706
dp: 69 374.0 1.9710144927536233
fafg: 69 374.0 2.101449275362319
dp: 57 367.0 6.508771929824562
fafg: 57 367.0 6.526315789473684
dp: 54 366.0 0.6851851851851852
fafg: 54 366.0 0.6851851851851852
dp: 62 366.0 0.2903225806451613
fafg: 62 366.0 0.5
dp: 58 367.0 1.0517241379310345
fafg: 58 367.0 1.0689655172413792
dp: 64 371.0 0.40625
fafg: 64 371.0 0.46875
dp: 65 379.0 3.753846153846154
fafg: 65 382.0 2.230769230769231
dp: 48 368.0 0.625
fafg: 48 368.0 0.5208333333333334
dp: 69 381.0 8.434782608695652
fafg: 69 375.0 5.536231884057971
dp: 58 364.0 1.0862068965517242
fafg: 58 365.0 1.8448275862068966
dp: 67 380.0 5.373134328358209
fafg: 67 374.0 3.08955223880597
dp: 61 367.0 0.03278688524590164
fafg: 61 367.0 0.03278688524590164
dp: 43 367.0 2.883720930232558
fafg: 43 367.0 2.883720930232558
dp: 65 378.0 3.3384615384615386
fafg: 65 378.0 2.923076923076923
dp: 56 362.0 0.7142857142857143
fafg: 56 362.0 0.7142857142857143
dp: 58 358.0 1.7413793103448276
fafg: 58 358.0 1.7586206896551724
dp: 63 370.0 1.8888888888888888
fafg: 63 374.0 2.7777777777777777
dp: 65 371.0 0.5692307692307692
fafg: 65 371.0 0.7384615384615385
dp: 62 359.0 1.2419354838709677
fafg: 62 372.0 4.048387096774194
dp: 58 374.0 2.6551724137931036
fafg: 58 383.0 4.810344827586207
dp: 57 385.0 18.894736842105264
fafg: 57 385.0 18.894736842105264
dp: 79 362.0 6.518987341772152
fafg: 79 362.0 5.367088607594937
dp: 61 385.0 4.524590163934426
fafg: 61 385.0 4.524590163934426
dp: 55 365.0 4.2727272727272725
fafg: 55 365.0 9.927272727272728
dp: 59 371.0 2.389830508474576
fafg: 59 371.0 2.457627118644068
dp: 70 371.0 3.0
fafg: 70 372.0 3.9285714285714284
dp: 70 379.0 11.157142857142857
fafg: 70 358.0 6.742857142857143
dp: 66 395.0 13.515151515151516
fafg: 66 395.0 13.515151515151516
dp: 58 371.0 0.15517241379310345
fafg: 58 371.0 0.15517241379310345
dp: 54 367.0 1.0925925925925926
fafg: 54 368.0 1.5555555555555556
dp: 61 387.0 5.655737704918033
fafg: 61 397.0 9.672131147540984
dp: 50 373.0 6.1
fafg: 50 373.0 6.0
dp: 48 367.0 0.8958333333333334
fafg: 48 367.0 0.875
dp: 64 378.0 3.4375
fafg: 64 374.0 1.984375
dp: 64 372.0 0.90625
fafg: 64 380.0 8.484375
dp: 72 375.0 7.041666666666667
fafg: 72 375.0 7.194444444444445
dp: 56 357.0 0.7321428571428571
fafg: 56 357.0 0.8571428571428571
dp: 63 365.0 1.2222222222222223
fafg: 63 363.0 0.9365079365079365
dp: 64 372.0 1.65625
fafg: 64 373.0 2.03125
dp: 53 374.0 0.5849056603773585
fafg: 53 374.0 0.6037735849056604
dp: 63 375.0 1.5555555555555556
fafg: 63 381.0 1.6666666666666667
dp: 57 366.0 1.6140350877192982
fafg: 57 366.0 1.7543859649122806
dp: 52 369.0 0.5384615384615384
fafg: 52 369.0 0.3269230769230769
dp: 58 368.0 2.7758620689655173
fafg: 58 374.0 2.9827586206896552
dp: 75 384.0 20.44
fafg: 75 379.0 14.493333333333334
dp: 44 367.0 0.18181818181818182
fafg: 44 367.0 0.18181818181818182
dp: 57 373.0 0.7368421052631579
fafg: 57 373.0 0.7368421052631579
dp: 62 377.0 17.112903225806452
fafg: 62 367.0 6.435483870967742
dp: 49 371.0 1.3061224489795917
fafg: 49 371.0 1.4081632653061225
dp: 65 370.0 2.5538461538461537
fafg: 65 370.0 2.707692307692308
dp: 82 426.0 30.74390243902439
fafg: 82 396.0 11.768292682926829
dp: 77 405.0 20.2987012987013
fafg: 77 390.0 17.98701298701299
dp: 59 401.0 24.728813559322035
fafg: 59 401.0 24.728813559322035
dp: 67 371.0 9.313432835820896
fafg: 67 371.0 9.432835820895523
dp: 56 362.0 0.9464285714285714
fafg: 56 362.0 1.1607142857142858
dp: 69 403.0 21.26086956521739
fafg: 69 435.0 13.840579710144928
dp: 49 373.0 0.22448979591836735
fafg: 49 373.0 0.2653061224489796
dp: 72 376.0 2.0555555555555554
fafg: 72 376.0 2.013888888888889
dp: 54 370.0 1.0185185185185186
fafg: 54 370.0 1.0555555555555556
dp: 57 367.0 1.105263157894737
fafg: 57 367.0 1.0350877192982457
dp: 57 371.0 0.17543859649122806
fafg: 57 371.0 0.2982456140350877
dp: 54 371.0 0.9814814814814815
fafg: 54 371.0 1.0740740740740742
dp: 62 370.0 0.24193548387096775
fafg: 62 370.0 0.3225806451612903
dp: 67 372.0 0.373134328358209
fafg: 67 372.0 0.417910447761194
dp: 60 378.0 2.2666666666666666
fafg: 60 378.0 2.316666666666667
dp: 66 376.0 4.863636363636363
fafg: 66 376.0 4.863636363636363
dp: 53 363.0 1.3773584905660377
fafg: 53 363.0 1.0566037735849056
dp: 65 375.0 7.538461538461538
fafg: 65 390.0 12.123076923076923
dp: 60 346.0 12.016666666666667
fafg: 60 345.0 11.683333333333334
dp: 66 370.0 2.287878787878788
fafg: 66 370.0 6.348484848484849
dp: 60 363.0 1.45
fafg: 60 363.0 1.4666666666666666
dp: 60 366.0 1.1333333333333333
fafg: 60 380.0 9.0
dp: 52 377.0 0.8076923076923077
fafg: 52 377.0 1.3461538461538463
dp: 63 370.0 0.746031746031746
fafg: 63 370.0 0.7619047619047619
dp: 70 393.0 20.914285714285715
fafg: 70 393.0 20.914285714285715
dp: 62 359.0 3.8870967741935485
fafg: 62 359.0 3.2419354838709675
dp: 74 411.0 34.33783783783784
fafg: 74 411.0 34.33783783783784
dp: 56 377.0 1.3928571428571428
fafg: 56 377.0 1.9642857142857142
dp: 54 356.0 2.574074074074074
fafg: 54 369.0 4.2592592592592595
dp: 55 376.0 0.7090909090909091
fafg: 55 374.0 0.7272727272727273
dp: 79 370.0 6.050632911392405
fafg: 79 368.0 5.6835443037974684
dp: 55 370.0 0.9090909090909091
fafg: 55 370.0 0.9090909090909091
dp: 46 358.0 0.8260869565217391
fafg: 46 358.0 0.8260869565217391
dp: 59 368.0 2.983050847457627
fafg: 59 380.0 8.728813559322035
dp: 58 369.0 0.896551724137931
fafg: 58 369.0 1.4137931034482758
dp: 56 377.0 15.107142857142858
fafg: 56 364.0 4.196428571428571
dp: 85 374.0 5.576470588235294
fafg: 85 388.0 17.894117647058824
dp: 72 376.0 2.7083333333333335
fafg: 72 379.0 2.361111111111111
dp: 55 383.0 0.7090909090909091
fafg: 55 380.0 0.6
dp: 65 367.0 3.0153846153846153
fafg: 65 367.0 3.2153846153846155
dp: 55 372.0 1.2
fafg: 55 372.0 1.2181818181818183
dp: 56 374.0 3.5535714285714284
fafg: 56 374.0 3.5535714285714284
dp: 57 365.0 2.2280701754385963
fafg: 57 368.0 2.5789473684210527
dp: 53 365.0 0.07547169811320754
fafg: 53 365.0 0.09433962264150944
dp: 50 375.0 0.48
fafg: 50 377.0 0.72
dp: 68 384.0 1.9852941176470589
fafg: 68 384.0 2.235294117647059
dp: 66 403.0 16.651515151515152
fafg: 66 372.0 0.6060606060606061
dp: 53 361.0 0.660377358490566
fafg: 53 361.0 0.7169811320754716
dp: 54 371.0 1.537037037037037
fafg: 54 371.0 1.5925925925925926
dp: 51 374.0 0.7058823529411765
fafg: 51 374.0 0.7254901960784313
dp: 61 359.0 7.147540983606557
fafg: 61 359.0 4.213114754098361
dp: 63 371.0 1.1428571428571428
fafg: 63 371.0 1.1904761904761905
dp: 58 369.0 1.9137931034482758
fafg: 58 369.0 2.1206896551724137
dp: 64 380.0 1.171875
fafg: 64 380.0 1.171875
dp: 55 379.0 0.509090909090909
fafg: 55 380.0 0.6181818181818182
dp: 62 371.0 0.8870967741935484
fafg: 62 371.0 0.8870967741935484
dp: 66 366.0 1.4242424242424243
fafg: 66 380.0 8.893939393939394
dp: 59 366.0 1.7457627118644068
fafg: 59 366.0 1.5084745762711864
dp: 53 373.0 1.830188679245283
fafg: 53 373.0 1.830188679245283
dp: 68 378.0 6.5
fafg: 68 397.0 7.279411764705882
dp: 66 367.0 12.727272727272727
fafg: 66 367.0 7.03030303030303
dp: 50 378.0 0.38
fafg: 50 378.0 0.38
dp: 73 376.0 5.945205479452055
fafg: 73 380.0 6.013698630136986
dp: 56 383.0 1.5357142857142858
fafg: 56 382.0 1.625
dp: 54 371.0 0.46296296296296297
fafg: 54 371.0 0.46296296296296297
dp: 81 415.0 30.48148148148148
fafg: 81 396.0 15.308641975308642
dp: 57 370.0 0.47368421052631576
fafg: 57 370.0 0.47368421052631576
dp: 61 370.0 11.131147540983607
fafg: 61 370.0 11.229508196721312
dp: 58 386.0 4.896551724137931
fafg: 58 384.0 4.775862068965517
dp: 56 368.0 14.732142857142858
fafg: 56 368.0 14.875
dp: 76 370.0 1.6578947368421053
fafg: 76 370.0 1.6973684210526316
dp: 65 372.0 1.6923076923076923
fafg: 65 372.0 1.6923076923076923
dp: 62 360.0 1.3225806451612903
fafg: 62 360.0 1.3225806451612903
dp: 78 392.0 15.025641025641026
fafg: 78 392.0 15.025641025641026
dp: 64 365.0 0.390625
fafg: 64 365.0 0.546875
dp: 81 398.0 14.432098765432098
fafg: 81 373.0 3.308641975308642
dp: 57 371.0 2.9473684210526314
fafg: 57 371.0 3.3157894736842106
dp: 69 383.0 5.6231884057971016
fafg: 69 383.0 5.666666666666667
dp: 61 379.0 3.80327868852459
fafg: 61 366.0 2.819672131147541
dp: 69 367.0 2.0869565217391304
fafg: 69 372.0 2.8260869565217392
dp: 67 373.0 0.9552238805970149
fafg: 67 373.0 1.2238805970149254
dp: 45 366.0 0.5111111111111111
fafg: 45 366.0 0.17777777777777778
dp: 49 372.0 0.24489795918367346
fafg: 49 372.0 0.30612244897959184
dp: 56 360.0 1.125
fafg: 56 360.0 1.5535714285714286
dp: 68 397.0 15.485294117647058
fafg: 68 397.0 15.485294117647058
dp: 63 383.0 4.031746031746032
fafg: 63 383.0 3.4285714285714284
dp: 77 409.0 27.545454545454547
fafg: 77 398.0 10.402597402597403
dp: 62 378.0 8.129032258064516
fafg: 62 384.0 8.03225806451613
dp: 54 366.0 0.25925925925925924
fafg: 54 366.0 0.25925925925925924
dp: 56 382.0 4.089285714285714
fafg: 56 382.0 4.107142857142857
dp: 67 375.0 1.7313432835820894
fafg: 67 375.0 1.8656716417910448
dp: 52 374.0 0.5
fafg: 52 372.0 1.7884615384615385
dp: 53 362.0 0.7547169811320755
fafg: 53 362.0 0.9245283018867925
dp: 54 357.0 8.222222222222221
fafg: 54 357.0 8.222222222222221
dp: 60 370.0 0.48333333333333334
fafg: 60 370.0 0.6166666666666667
dp: 57 366.0 0.24561403508771928
fafg: 57 366.0 0.2631578947368421
dp: 63 380.0 2.7936507936507935
fafg: 63 375.0 2.507936507936508
dp: 77 381.0 2.4155844155844157
fafg: 77 392.0 3.8181818181818183
dp: 66 368.0 1.878787878787879
fafg: 66 368.0 2.015151515151515
dp: 65 369.0 2.169230769230769
fafg: 65 382.0 4.384615384615385
dp: 56 359.0 0.9285714285714286
fafg: 56 359.0 0.7678571428571429
dp: 52 368.0 0.6346153846153846
fafg: 52 368.0 0.6730769230769231
dp: 59 394.0 13.067796610169491
fafg: 59 366.0 2.3728813559322033
dp: 72 380.0 6.513888888888889
fafg: 72 388.0 7.833333333333333
dp: 66 372.0 2.893939393939394
fafg: 66 372.0 2.893939393939394
dp: 54 358.0 1.5
fafg: 54 358.0 1.5925925925925926
dp: 71 366.0 1.5774647887323943
fafg: 71 419.0 37.647887323943664
dp: 64 368.0 2.375
fafg: 64 368.0 1.765625
dp: 66 370.0 1.606060606060606
fafg: 66 370.0 1.8181818181818181
dp: 60 362.0 0.9
fafg: 60 362.0 0.9
dp: 63 377.0 1.9523809523809523
fafg: 63 380.0 1.9841269841269842
dp: 65 382.0 3.3076923076923075
fafg: 65 382.0 3.3692307692307693
dp: 62 364.0 0.6612903225806451
fafg: 62 364.0 0.6612903225806451
dp: 55 357.0 2.090909090909091
fafg: 55 359.0 2.018181818181818
dp: 78 401.0 16.025641025641026
fafg: 78 428.0 45.14102564102564
dp: 73 380.0 2.1232876712328768
fafg: 73 380.0 2.1780821917808217
dp: 59 376.0 0.7796610169491526
fafg: 59 376.0 0.7796610169491526
dp: 64 369.0 3.578125
fafg: 64 378.0 6.484375
dp: 73 385.0 11.657534246575343
fafg: 73 382.0 11.493150684931507
dp: 69 374.0 1.144927536231884
fafg: 69 374.0 0.927536231884058
dp: 66 373.0 2.1363636363636362
fafg: 66 373.0 1.0606060606060606
dp: 53 359.0 2.6226415094339623
fafg: 53 359.0 2.6226415094339623
dp: 60 382.0 4.616666666666666
fafg: 60 382.0 3.85
dp: 61 369.0 0.8688524590163934
fafg: 61 369.0 0.8688524590163934
dp: 56 355.0 0.9821428571428571
fafg: 56 356.0 1.0178571428571428
dp: 74 372.0 4.3108108108108105
fafg: 74 369.0 4.27027027027027
dp: 54 347.0 0.6296296296296297
fafg: 54 347.0 0.6296296296296297
dp: 52 366.0 2.3846153846153846
fafg: 52 366.0 2.4038461538461537
dp: 59 368.0 1.2203389830508475
fafg: 59 369.0 1.2881355932203389
dp: 64 373.0 9.125
fafg: 64 371.0 1.734375
dp: 70 376.0 4.085714285714285
fafg: 70 376.0 4.328571428571428
dp: 64 366.0 1.328125
fafg: 64 366.0 2.5625
dp: 63 396.0 23.603174603174605
fafg: 63 367.0 3.2698412698412698
dp: 60 369.0 1.6333333333333333
fafg: 60 366.0 1.4833333333333334
dp: 61 374.0 0.08196721311475409
fafg: 61 374.0 0.08196721311475409
dp: 66 389.0 8.136363636363637
fafg: 66 389.0 8.303030303030303
dp: 68 396.0 12.235294117647058
fafg: 68 396.0 12.235294117647058
dp: 51 378.0 0.3137254901960784
fafg: 51 378.0 0.3137254901960784
dp: 55 360.0 1.3272727272727274
fafg: 55 368.0 2.581818181818182
dp: 73 397.0 21.561643835616437
fafg: 73 405.0 26.958904109589042
dp: 67 390.0 22.62686567164179
fafg: 67 390.0 22.62686567164179
dp: 63 359.0 2.8253968253968256
fafg: 63 359.0 3.0952380952380953
dp: 60 373.0 1.5
fafg: 60 373.0 1.65
dp: 49 371.0 0.1836734693877551
fafg: 49 371.0 0.24489795918367346
dp: 70 358.0 2.1857142857142855
fafg: 70 376.0 5.4714285714285715
dp: 62 364.0 0.6935483870967742
fafg: 62 364.0 0.8870967741935484
dp: 72 369.0 15.930555555555555
fafg: 72 369.0 15.88888888888889
dp: 53 367.0 1.0566037735849056
fafg: 53 367.0 1.0566037735849056
dp: 53 369.0 0.7169811320754716
fafg: 53 369.0 0.7547169811320755
dp: 56 384.0 0.625
fafg: 56 384.0 0.625
dp: 61 372.0 1.819672131147541
fafg: 61 372.0 1.819672131147541
dp: 62 364.0 1.967741935483871
fafg: 62 364.0 2.4193548387096775
dp: 65 372.0 6.861538461538461
fafg: 65 372.0 16.753846153846155
dp: 75 377.0 0.6266666666666667
fafg: 75 377.0 0.64
dp: 63 365.0 3.0317460317460316
fafg: 63 365.0 3.126984126984127
dp: 74 370.0 0.918918918918919
fafg: 74 370.0 0.918918918918919
dp: 73 383.0 5.36986301369863
fafg: 73 409.0 6.684931506849315
dp: 75 384.0 3.1733333333333333
fafg: 75 384.0 3.1733333333333333
dp: 53 351.0 1.0566037735849056
fafg: 53 351.0 1.0943396226415094
dp: 65 365.0 1.7846153846153847
fafg: 65 365.0 1.7846153846153847
dp: 57 366.0 3.9473684210526314
fafg: 57 366.0 3.5789473684210527
dp: 59 369.0 0.4406779661016949
fafg: 59 369.0 0.4745762711864407
dp: 68 362.0 5.279411764705882
fafg: 68 362.0 4.573529411764706
dp: 63 371.0 2.9523809523809526
fafg: 63 379.0 3.2063492063492065
dp: 66 371.0 8.378787878787879
fafg: 66 364.0 7.757575757575758
dp: 61 366.0 0.9016393442622951
fafg: 61 366.0 3.6557377049180326
dp: 50 381.0 0.08
fafg: 50 381.0 0.08
dp: 65 375.0 13.938461538461539
fafg: 65 380.0 14.23076923076923
dp: 56 373.0 1.3928571428571428
fafg: 56 373.0 1.0178571428571428
dp: 53 374.0 1.5849056603773586
fafg: 53 376.0 1.169811320754717
dp: 59 359.0 0.8813559322033898
fafg: 59 359.0 0.8305084745762712
dp: 65 376.0 0.7384615384615385
fafg: 65 377.0 0.9846153846153847
dp: 68 414.0 29.779411764705884
fafg: 68 372.0 5.426470588235294
dp: 62 370.0 1.0
fafg: 62 370.0 1.0
dp: 72 384.0 2.1527777777777777
fafg: 72 384.0 2.125
dp: 56 359.0 2.0892857142857144
fafg: 56 359.0 2.125
dp: 74 392.0 3.445945945945946
fafg: 74 394.0 4.45945945945946
dp: 49 365.0 0.1836734693877551
fafg: 49 365.0 0.1836734693877551
dp: 62 369.0 3.6129032258064515
fafg: 62 393.0 15.580645161290322
dp: 70 362.0 1.3571428571428572
fafg: 70 362.0 2.6142857142857143
dp: 51 373.0 1.9019607843137254
fafg: 51 373.0 2.0980392156862746
dp: 70 358.0 2.0428571428571427
fafg: 70 361.0 2.4857142857142858
dp: 61 369.0 1.1147540983606556
fafg: 61 372.0 1.1639344262295082
dp: 66 373.0 3.0303030303030303
fafg: 66 373.0 3.272727272727273
dp: 75 365.0 13.453333333333333
fafg: 75 385.0 13.813333333333333
dp: 66 376.0 7.287878787878788
fafg: 66 383.0 16.363636363636363
dp: 53 368.0 0.11320754716981132
fafg: 53 368.0 0.1509433962264151
dp: 69 374.0 2.3768115942028984
fafg: 69 374.0 2.898550724637681
dp: 66 363.0 2.9393939393939394
fafg: 66 363.0 2.606060606060606
dp: 63 379.0 5.2063492063492065
fafg: 63 380.0 5.190476190476191
dp: 63 365.0 1.7301587301587302
fafg: 63 365.0 1.2380952380952381
dp: 68 394.0 12.382352941176471
fafg: 68 396.0 13.897058823529411
dp: 60 383.0 8.016666666666667
fafg: 60 372.0 5.6
dp: 78 428.0 47.91025641025641
fafg: 78 428.0 48.256410256410255
dp: 59 373.0 1.3389830508474576
fafg: 59 373.0 1.4745762711864407
dp: 70 408.0 20.285714285714285
fafg: 70 408.0 20.314285714285713
dp: 62 356.0 1.064516129032258
fafg: 62 360.0 1.3225806451612903
dp: 64 369.0 6.578125
fafg: 64 360.0 5.515625
dp: 54 376.0 5.555555555555555
fafg: 54 376.0 5.555555555555555
dp: 59 382.0 3.0338983050847457
fafg: 59 382.0 3.0847457627118646
dp: 64 361.0 7.03125
fafg: 64 370.0 12.125
dp: 66 366.0 7.212121212121212
fafg: 66 373.0 8.606060606060606
dp: 74 369.0 3.554054054054054
fafg: 74 369.0 3.77027027027027
dp: 70 373.0 0.8
fafg: 70 373.0 0.8
dp: 78 394.0 9.051282051282051
fafg: 78 379.0 5.653846153846154
dp: 57 376.0 0.9122807017543859
fafg: 57 376.0 0.7192982456140351
dp: 52 356.0 0.5576923076923077
fafg: 52 356.0 0.5576923076923077
dp: 50 375.0 0.9
fafg: 50 375.0 2.84
dp: 66 368.0 2.878787878787879
fafg: 66 368.0 2.242424242424242
dp: 67 371.0 10.716417910447761
fafg: 67 371.0 10.447761194029852
dp: 66 371.0 2.3636363636363638
fafg: 66 371.0 5.2727272727272725
dp: 69 381.0 1.7971014492753623
fafg: 69 381.0 1.7681159420289856
dp: 65 375.0 1.353846153846154
fafg: 65 375.0 1.8615384615384616
dp: 52 362.0 0.5576923076923077
fafg: 52 362.0 1.3846153846153846
dp: 67 384.0 3.4029850746268657
fafg: 67 384.0 3.3582089552238807
dp: 64 364.0 2.734375
fafg: 64 364.0 6.859375
dp: 68 389.0 4.0588235294117645
fafg: 68 388.0 3.485294117647059
dp: 53 384.0 0.5849056603773585
fafg: 53 384.0 0.5849056603773585
dp: 63 365.0 4.095238095238095
fafg: 63 373.0 5.031746031746032
dp: 61 362.0 0.9016393442622951
fafg: 61 362.0 1.7868852459016393
dp: 69 383.0 6.333333333333333
fafg: 69 383.0 5.260869565217392
dp: 60 368.0 3.45
fafg: 60 370.0 3.316666666666667
dp: 61 367.0 1.1475409836065573
fafg: 61 367.0 1.1639344262295082
dp: 63 367.0 1.6666666666666667
fafg: 63 367.0 1.9206349206349207
dp: 61 362.0 0.9180327868852459
fafg: 61 362.0 0.9836065573770492
dp: 54 364.0 0.16666666666666666
fafg: 54 364.0 0.16666666666666666
dp: 74 381.0 2.554054054054054
fafg: 74 381.0 3.0405405405405403
dp: 67 368.0 0.2537313432835821
fafg: 67 368.0 1.5671641791044777
dp: 62 362.0 2.5483870967741935
fafg: 62 362.0 2.661290322580645
dp: 63 366.0 0.8095238095238095
fafg: 63 366.0 0.8253968253968254
dp: 64 367.0 1.53125
fafg: 64 367.0 1.4375
dp: 60 362.0 0.6
fafg: 60 368.0 4.183333333333334
dp: 61 363.0 7.327868852459017
fafg: 61 360.0 6.344262295081967
dp: 68 393.0 5.8088235294117645
fafg: 68 380.0 2.8088235294117645
dp: 57 374.0 0.9824561403508771
fafg: 57 374.0 0.9649122807017544
dp: 70 376.0 0.8428571428571429
fafg: 70 376.0 0.6428571428571429
dp: 61 361.0 0.8524590163934426
fafg: 61 361.0 1.1147540983606556
dp: 59 356.0 2.7796610169491527
fafg: 59 356.0 2.3728813559322033
dp: 56 375.0 1.1071428571428572
fafg: 56 378.0 1.0892857142857142
dp: 56 382.0 4.107142857142857
fafg: 56 382.0 4.107142857142857
dp: 69 415.0 33.971014492753625
fafg: 69 415.0 33.971014492753625
dp: 63 364.0 1.7301587301587302
fafg: 63 364.0 1.746031746031746
dp: 54 382.0 0.5925925925925926
fafg: 54 382.0 2.4074074074074074
dp: 63 390.0 15.714285714285714
fafg: 63 374.0 10.873015873015873
dp: 63 371.0 0.9365079365079365
fafg: 63 371.0 1.7619047619047619
dp: 74 381.0 7.527027027027027
fafg: 74 375.0 3.5945945945945947
dp: 56 360.0 0.21428571428571427
fafg: 56 360.0 0.625
dp: 63 370.0 1.6031746031746033
fafg: 63 370.0 1.7301587301587302
dp: 55 375.0 1.0727272727272728
fafg: 55 375.0 1.6545454545454545
dp: 61 384.0 8.524590163934427
fafg: 61 393.0 22.327868852459016
dp: 55 359.0 0.6909090909090909
fafg: 55 359.0 0.36363636363636365
dp: 55 362.0 1.3818181818181818
fafg: 55 362.0 1.3818181818181818
dp: 69 367.0 3.898550724637681
fafg: 69 403.0 32.82608695652174
dp: 63 367.0 8.206349206349206
fafg: 63 367.0 7.984126984126984
dp: 75 376.0 5.253333333333333
fafg: 75 375.0 5.986666666666666
dp: 73 406.0 44.917808219178085
fafg: 73 406.0 44.917808219178085
dp: 63 365.0 0.6349206349206349
fafg: 63 365.0 0.6349206349206349
dp: 51 374.0 0.47058823529411764
fafg: 51 374.0 0.49019607843137253
dp: 64 379.0 19.078125
fafg: 64 379.0 19.078125
dp: 66 374.0 0.9545454545454546
fafg: 66 370.0 1.2121212121212122
dp: 67 375.0 0.14925373134328357
fafg: 67 375.0 0.8507462686567164
dp: 49 369.0 0.4897959183673469
fafg: 49 370.0 0.7959183673469388
dp: 73 369.0 5.808219178082192
fafg: 73 369.0 5.808219178082192
dp: 64 371.0 3.703125
fafg: 64 371.0 2.5625
dp: 66 379.0 2.4545454545454546
fafg: 66 379.0 3.378787878787879
dp: 60 384.0 1.8666666666666667
fafg: 60 392.0 2.316666666666667
dp: 52 389.0 11.884615384615385
fafg: 52 389.0 11.884615384615385
dp: 62 357.0 2.8870967741935485
fafg: 62 357.0 2.935483870967742
dp: 67 382.0 12.029850746268657
fafg: 67 376.0 11.611940298507463
dp: 58 371.0 2.8793103448275863
fafg: 58 371.0 2.4655172413793105
dp: 49 363.0 0.42857142857142855
fafg: 49 363.0 0.3877551020408163
dp: 68 406.0 26.573529411764707
fafg: 68 406.0 26.514705882352942
dp: 62 367.0 10.080645161290322
fafg: 62 367.0 10.064516129032258
dp: 64 367.0 2.5625
fafg: 64 367.0 2.734375
dp: 59 370.0 0.559322033898305
fafg: 59 370.0 0.576271186440678
dp: 70 369.0 2.442857142857143
fafg: 70 368.0 2.4285714285714284
dp: 47 374.0 0.8936170212765957
fafg: 47 385.0 1.9361702127659575
dp: 53 363.0 7.3584905660377355
fafg: 53 363.0 4.679245283018868
dp: 53 369.0 0.3018867924528302
fafg: 53 372.0 0.5849056603773585
dp: 63 360.0 3.3333333333333335
fafg: 63 361.0 2.6825396825396823
dp: 59 377.0 3.4915254237288136
fafg: 59 377.0 3.593220338983051
dp: 65 356.0 1.4615384615384615
fafg: 65 356.0 1.4615384615384615
dp: 70 367.0 1.1428571428571428
fafg: 70 367.0 1.3285714285714285
dp: 64 371.0 1.84375
fafg: 64 373.0 1.90625
dp: 71 363.0 2.9014084507042255
fafg: 71 363.0 5.28169014084507
dp: 67 368.0 1.1791044776119404
fafg: 67 368.0 1.208955223880597
dp: 60 363.0 0.5333333333333333
fafg: 60 363.0 0.5333333333333333
dp: 75 387.0 7.746666666666667
fafg: 75 373.0 6.133333333333334
dp: 76 396.0 11.618421052631579
fafg: 76 371.0 1.9210526315789473
dp: 63 362.0 1.380952380952381
fafg: 63 362.0 3.380952380952381
dp: 79 422.0 53.0253164556962
fafg: 79 377.0 6.265822784810126
dp: 53 368.0 0.7169811320754716
fafg: 53 368.0 0.7169811320754716
dp: 57 368.0 1.0
fafg: 57 368.0 1.0350877192982457
dp: 61 361.0 7.622950819672131
fafg: 61 361.0 7.622950819672131
dp: 66 370.0 1.5606060606060606
fafg: 66 377.0 3.909090909090909
dp: 63 374.0 3.4761904761904763
fafg: 63 374.0 3.4761904761904763
dp: 49 380.0 2.795918367346939
fafg: 49 380.0 3.489795918367347
dp: 60 362.0 3.6666666666666665
fafg: 60 374.0 6.05
dp: 59 366.0 1.3728813559322033
fafg: 59 369.0 2.2203389830508473
dp: 61 370.0 3.377049180327869
fafg: 61 370.0 3.6885245901639343
dp: 52 367.0 1.9038461538461537
fafg: 52 367.0 2.519230769230769
dp: 71 374.0 2.408450704225352
fafg: 71 374.0 2.5492957746478875
dp: 71 385.0 12.28169014084507
fafg: 71 386.0 11.929577464788732
dp: 64 364.0 1.65625
fafg: 64 364.0 3.015625
dp: 59 371.0 1.0847457627118644
fafg: 59 371.0 1.0847457627118644
dp: 68 388.0 1.9705882352941178
fafg: 68 388.0 2.1323529411764706
dp: 60 382.0 3.5833333333333335
fafg: 60 382.0 3.716666666666667
dp: 62 363.0 0.2903225806451613
fafg: 62 363.0 0.6129032258064516
dp: 68 373.0 1.8088235294117647
fafg: 68 373.0 1.9558823529411764
dp: 56 368.0 1.0714285714285714
fafg: 56 368.0 10.892857142857142
dp: 57 372.0 0.6666666666666666
fafg: 57 372.0 0.6666666666666666
dp: 61 399.0 21.37704918032787
fafg: 61 399.0 21.37704918032787
dp: 70 377.0 1.4142857142857144
fafg: 70 372.0 1.6714285714285715
dp: 79 387.0 4.8734177215189876
fafg: 79 392.0 6.8734177215189876
dp: 60 375.0 3.9
fafg: 60 375.0 3.8833333333333333
dp: 72 375.0 1.4166666666666667
fafg: 72 380.0 1.875
dp: 57 374.0 4.473684210526316
fafg: 57 374.0 4.9298245614035086
dp: 70 366.0 10.771428571428572
fafg: 70 366.0 10.771428571428572
dp: 62 392.0 8.161290322580646
fafg: 62 380.0 5.693548387096774
dp: 53 363.0 15.735849056603774
fafg: 53 363.0 15.735849056603774
dp: 70 375.0 2.9714285714285715
fafg: 70 381.0 3.7714285714285714
dp: 64 365.0 0.34375
fafg: 64 365.0 0.4375
dp: 70 364.0 8.728571428571428
fafg: 70 359.0 8.542857142857143
dp: 64 370.0 4.953125
fafg: 64 370.0 4.953125
dp: 60 379.0 8.616666666666667
fafg: 60 373.0 8.55
dp: 67 399.0 20.313432835820894
fafg: 67 385.0 1.6417910447761195
dp: 67 373.0 0.6716417910447762
fafg: 67 373.0 0.746268656716418
dp: 59 365.0 2.4237288135593222
fafg: 59 365.0 4.610169491525424
dp: 61 365.0 4.163934426229508
fafg: 61 365.0 5.524590163934426
dp: 72 384.0 4.652777777777778
fafg: 72 389.0 8.375
dp: 56 377.0 1.3214285714285714
fafg: 56 377.0 4.839285714285714
dp: 57 370.0 0.8070175438596491
fafg: 57 370.0 0.8596491228070176
dp: 61 372.0 7.770491803278689
fafg: 61 373.0 8.065573770491802
dp: 62 359.0 0.8064516129032258
fafg: 62 359.0 0.8387096774193549
dp: 70 384.0 5.9714285714285715
fafg: 70 383.0 5.8
dp: 72 375.0 3.9305555555555554
fafg: 72 375.0 4.305555555555555
dp: 62 373.0 4.080645161290323
fafg: 62 359.0 3.2419354838709675
dp: 68 370.0 0.9264705882352942
fafg: 68 370.0 1.0441176470588236
dp: 54 366.0 1.1296296296296295
fafg: 54 366.0 1.2592592592592593
dp: 47 363.0 1.2765957446808511
fafg: 47 363.0 1.2765957446808511
dp: 66 371.0 1.0909090909090908
fafg: 66 371.0 1.0909090909090908
dp: 48 363.0 3.875
fafg: 48 363.0 3.875
dp: 61 367.0 2.6721311475409837
fafg: 61 367.0 2.19672131147541
dp: 57 374.0 1.3859649122807018
fafg: 57 374.0 1.5789473684210527
dp: 55 367.0 1.0909090909090908
fafg: 55 367.0 1.2727272727272727
dp: 63 377.0 3.1904761904761907
fafg: 63 391.0 10.174603174603174
dp: 63 362.0 1.380952380952381
fafg: 63 362.0 3.2222222222222223
dp: 60 405.0 35.68333333333333
fafg: 60 407.0 36.56666666666667
dp: 57 371.0 3.017543859649123
fafg: 57 371.0 2.754385964912281
dp: 71 389.0 6.169014084507042
fafg: 71 388.0 6.0
dp: 75 381.0 1.4666666666666666
fafg: 75 384.0 1.7866666666666666
dp: 77 384.0 6.545454545454546
fafg: 77 384.0 6.545454545454546
dp: 54 366.0 2.740740740740741
fafg: 54 366.0 2.740740740740741
dp: 48 371.0 0.0
fafg: 48 371.0 0.0
dp: 61 370.0 0.6229508196721312
fafg: 61 372.0 0.5409836065573771
dp: 67 369.0 0.4626865671641791
fafg: 67 369.0 0.4925373134328358
dp: 70 406.0 21.47142857142857
fafg: 70 389.0 4.242857142857143
dp: 70 389.0 6.514285714285714
fafg: 70 367.0 2.857142857142857
dp: 67 372.0 15.582089552238806
fafg: 67 406.0 20.29850746268657
dp: 60 386.0 8.933333333333334
fafg: 60 369.0 3.15
dp: 64 374.0 0.71875
fafg: 64 374.0 3.875
dp: 54 359.0 0.9814814814814815
fafg: 54 358.0 0.3333333333333333
dp: 64 365.0 4.609375
fafg: 64 365.0 5.0625
dp: 74 380.0 3.9594594594594597
fafg: 74 388.0 5.95945945945946
dp: 56 360.0 2.7857142857142856
fafg: 56 368.0 4.035714285714286
dp: 57 382.0 1.1754385964912282
fafg: 57 382.0 0.9473684210526315
dp: 57 373.0 1.2105263157894737
fafg: 57 373.0 2.43859649122807
dp: 71 404.0 6.211267605633803
fafg: 71 397.0 10.71830985915493
dp: 57 375.0 0.631578947368421
fafg: 57 375.0 0.6842105263157895
dp: 73 374.0 2.164383561643836
fafg: 73 374.0 3.684931506849315
dp: 68 375.0 1.2352941176470589
fafg: 68 375.0 1.9264705882352942
dp: 67 375.0 5.044776119402985
fafg: 67 375.0 5.537313432835821
dp: 49 368.0 0.24489795918367346
fafg: 49 368.0 0.32653061224489793
dp: 60 366.0 3.1333333333333333
fafg: 60 366.0 0.6166666666666667
dp: 55 361.0 0.7090909090909091
fafg: 55 361.0 0.8
dp: 53 374.0 1.528301886792453
fafg: 53 374.0 1.528301886792453
dp: 55 365.0 0.07272727272727272
fafg: 55 365.0 0.23636363636363636
dp: 57 375.0 2.3333333333333335
fafg: 57 379.0 2.807017543859649
dp: 55 361.0 0.8545454545454545
fafg: 55 361.0 0.8727272727272727
dp: 63 376.0 2.5714285714285716
fafg: 63 376.0 2.6507936507936507
dp: 65 370.0 0.9692307692307692
fafg: 65 370.0 1.0
