dp: 152 667.0 8.447368421052632
fcfg: 152 706.0 18.94078947368421
dp: 148 676.0 5.533783783783784
fcfg: 148 677.0 14.905405405405405
dp: 142 684.0 5.563380281690141
fcfg: 142 697.0 8.528169014084508
dp: 147 666.0 4.877551020408164
fcfg: 147 667.0 6.469387755102041
dp: 174 685.0 13.149425287356323
fcfg: 174 750.0 30.79310344827586
dp: 143 676.0 7.090909090909091
fcfg: 143 673.0 6.846153846153846
dp: 152 686.0 6.993421052631579
fcfg: 152 703.0 8.467105263157896
dp: 149 697.0 6.89261744966443
fcfg: 149 735.0 12.859060402684564
dp: 147 664.0 8.564625850340136
fcfg: 147 679.0 19.306122448979593
dp: 145 672.0 6.23448275862069
fcfg: 145 672.0 10.013793103448275
dp: 144 673.0 4.930555555555555
fcfg: 144 671.0 7.618055555555555
dp: 161 666.0 12.366459627329192
fcfg: 161 724.0 27.88198757763975
dp: 156 667.0 7.7756410256410255
fcfg: 156 714.0 22.28846153846154
dp: 168 707.0 8.80952380952381
fcfg: 168 718.0 13.767857142857142
dp: 154 681.0 6.6103896103896105
fcfg: 154 701.0 12.324675324675324
dp: 158 673.0 6.506329113924051
fcfg: 158 685.0 9.012658227848101
dp: 152 676.0 9.657894736842104
fcfg: 152 699.0 13.223684210526315
dp: 150 675.0 7.32
fcfg: 150 684.0 15.773333333333333
dp: 153 666.0 6.281045751633987
fcfg: 153 682.0 8.372549019607844
dp: 146 685.0 4.691780821917808
fcfg: 146 677.0 5.383561643835616
dp: 142 654.0 4.830985915492958
fcfg: 142 660.0 9.23943661971831
dp: 157 678.0 7.993630573248407
fcfg: 157 712.0 15.579617834394904
dp: 162 678.0 10.777777777777779
fcfg: 162 711.0 18.88888888888889
dp: 143 668.0 5.776223776223776
fcfg: 143 670.0 7.3076923076923075
dp: 149 699.0 5.932885906040268
fcfg: 149 711.0 7.557046979865772
dp: 142 663.0 5.985915492957746
fcfg: 142 682.0 13.704225352112676
dp: 160 680.0 7.5625
fcfg: 160 714.0 12.95625
dp: 145 679.0 3.9517241379310346
fcfg: 145 681.0 6.255172413793104
dp: 150 683.0 6.386666666666667
fcfg: 150 703.0 9.24
dp: 137 668.0 4.7299270072992705
fcfg: 137 664.0 8.817518248175183
dp: 149 665.0 7.120805369127517
fcfg: 149 666.0 10.577181208053691
dp: 158 683.0 7.506329113924051
fcfg: 158 685.0 8.848101265822784
dp: 137 672.0 4.211678832116788
fcfg: 137 683.0 4.474452554744525
dp: 143 664.0 5.076923076923077
fcfg: 143 668.0 6.510489510489511
dp: 154 662.0 9.88961038961039
fcfg: 154 683.0 14.006493506493506
dp: 129 650.0 5.387596899224806
fcfg: 129 651.0 8.085271317829458
dp: 144 667.0 5.111111111111111
fcfg: 144 679.0 8.319444444444445
dp: 147 673.0 8.476190476190476
fcfg: 147 689.0 12.979591836734693
dp: 156 674.0 8.705128205128204
fcfg: 156 686.0 12.666666666666666
dp: 142 675.0 4.78169014084507
fcfg: 142 672.0 7.957746478873239
dp: 166 680.0 10.198795180722891
fcfg: 166 732.0 21.85542168674699
dp: 149 664.0 7.4630872483221475
fcfg: 149 674.0 11.906040268456376
dp: 151 663.0 7.377483443708609
fcfg: 151 663.0 10.76158940397351
dp: 129 682.0 2.294573643410853
fcfg: 129 690.0 2.186046511627907
dp: 142 662.0 8.373239436619718
fcfg: 142 664.0 16.232394366197184
dp: 180 694.0 13.511111111111111
fcfg: 180 732.0 28.883333333333333
dp: 153 667.0 9.967320261437909
fcfg: 153 705.0 20.823529411764707
dp: 152 657.0 8.625
fcfg: 152 675.0 13.980263157894736
dp: 127 672.0 2.5511811023622046
fcfg: 127 667.0 3.1338582677165356
dp: 157 675.0 6.917197452229299
fcfg: 157 692.0 13.726114649681529
dp: 145 697.0 5.931034482758621
fcfg: 145 696.0 5.86896551724138
dp: 145 674.0 6.144827586206897
fcfg: 145 674.0 9.96551724137931
dp: 138 645.0 5.239130434782608
fcfg: 138 645.0 5.456521739130435
dp: 136 666.0 5.779411764705882
fcfg: 136 658.0 3.536764705882353
dp: 134 660.0 3.4402985074626864
fcfg: 134 665.0 4.529850746268656
dp: 155 648.0 7.774193548387097
fcfg: 155 702.0 30.503225806451614
dp: 151 667.0 7.801324503311259
fcfg: 151 675.0 14.344370860927153
dp: 149 679.0 5.261744966442953
fcfg: 149 676.0 6.489932885906041
dp: 169 686.0 9.011834319526628
fcfg: 169 710.0 12.745562130177515
dp: 143 676.0 6.4125874125874125
fcfg: 143 673.0 8.335664335664335
dp: 156 672.0 8.39102564102564
fcfg: 156 701.0 23.19871794871795
dp: 147 676.0 5.408163265306122
fcfg: 147 684.0 8.92517006802721
dp: 145 683.0 6.979310344827586
fcfg: 145 725.0 12.613793103448275
dp: 154 662.0 8.266233766233766
fcfg: 154 716.0 23.727272727272727
dp: 149 679.0 6.208053691275167
fcfg: 149 695.0 7.073825503355705
dp: 150 676.0 6.833333333333333
fcfg: 150 684.0 13.873333333333333
dp: 177 689.0 13.564971751412429
fcfg: 177 749.0 25.74576271186441
dp: 157 675.0 8.821656050955413
fcfg: 157 680.0 22.471337579617835
dp: 147 669.0 5.476190476190476
fcfg: 147 669.0 7.557823129251701
dp: 141 680.0 4.468085106382978
fcfg: 141 693.0 6.50354609929078
dp: 145 688.0 4.696551724137931
fcfg: 145 701.0 6.096551724137931
dp: 164 679.0 8.512195121951219
fcfg: 164 704.0 25.371951219512194
dp: 148 679.0 5.533783783783784
fcfg: 148 679.0 9.85135135135135
dp: 174 685.0 12.683908045977011
fcfg: 174 746.0 33.160919540229884
dp: 154 683.0 7.240259740259741
fcfg: 154 692.0 10.590909090909092
dp: 143 658.0 6.13986013986014
fcfg: 143 658.0 15.048951048951048
dp: 137 672.0 5.445255474452555
fcfg: 137 670.0 9.430656934306569
dp: 143 674.0 4.811188811188811
fcfg: 143 681.0 10.41958041958042
dp: 148 676.0 5.52027027027027
fcfg: 148 676.0 7.72972972972973
dp: 148 673.0 6.9391891891891895
fcfg: 148 699.0 17.68243243243243
dp: 153 667.0 6.300653594771242
fcfg: 153 674.0 11.777777777777779
dp: 143 676.0 5.244755244755245
fcfg: 143 692.0 8.685314685314685
dp: 123 667.0 3.430894308943089
fcfg: 123 663.0 3.1707317073170733
dp: 160 689.0 7.8625
fcfg: 160 720.0 14.725
dp: 173 661.0 13.84971098265896
fcfg: 173 741.0 34.445086705202314
dp: 142 661.0 4.014084507042254
fcfg: 142 666.0 3.5422535211267605
dp: 128 668.0 2.8671875
fcfg: 128 668.0 3.5546875
dp: 153 673.0 4.078431372549019
fcfg: 153 675.0 10.411764705882353
dp: 145 688.0 4.613793103448276
fcfg: 145 694.0 7.496551724137931
dp: 177 705.0 11.474576271186441
fcfg: 177 771.0 21.10169491525424
dp: 139 667.0 5.18705035971223
fcfg: 139 674.0 7.0647482014388485
dp: 136 662.0 3.698529411764706
fcfg: 136 682.0 8.691176470588236
dp: 144 667.0 5.576388888888889
fcfg: 144 668.0 8.472222222222221
dp: 153 674.0 7.764705882352941
fcfg: 153 677.0 12.215686274509803
dp: 170 673.0 13.347058823529412
fcfg: 170 752.0 38.76470588235294
dp: 151 675.0 8.43046357615894
fcfg: 151 707.0 14.827814569536423
dp: 162 677.0 9.722222222222221
fcfg: 162 680.0 15.203703703703704
dp: 147 675.0 4.836734693877551
fcfg: 147 674.0 7.183673469387755
dp: 145 671.0 5.820689655172414
fcfg: 145 693.0 10.593103448275862
dp: 144 663.0 8.42361111111111
fcfg: 144 662.0 9.534722222222221
dp: 146 676.0 8.465753424657533
fcfg: 146 706.0 24.828767123287673
dp: 141 684.0 5.73758865248227
fcfg: 141 702.0 7.531914893617022
dp: 155 674.0 10.87741935483871
fcfg: 155 740.0 23.54193548387097
dp: 153 676.0 7.5359477124183005
fcfg: 153 678.0 11.130718954248366
dp: 146 676.0 5.068493150684931
fcfg: 146 677.0 7.945205479452055
dp: 170 679.0 10.711764705882352
fcfg: 170 740.0 27.18235294117647
dp: 161 664.0 8.391304347826088
fcfg: 161 733.0 26.13664596273292
dp: 145 682.0 6.834482758620689
fcfg: 145 687.0 8.275862068965518
dp: 152 693.0 4.657894736842105
fcfg: 152 700.0 8.447368421052632
dp: 139 665.0 2.3956834532374103
fcfg: 139 665.0 4.683453237410072
dp: 151 699.0 7.695364238410596
fcfg: 151 728.0 11.139072847682119
dp: 154 669.0 7.37012987012987
fcfg: 154 692.0 24.194805194805195
dp: 121 676.0 1.2479338842975207
fcfg: 121 679.0 1.1322314049586777
dp: 160 682.0 6.56875
fcfg: 160 686.0 11.7375
dp: 178 698.0 18.117977528089888
fcfg: 178 773.0 38.52808988764045
dp: 153 680.0 8.934640522875817
fcfg: 153 698.0 21.666666666666668
dp: 138 662.0 6.22463768115942
fcfg: 138 668.0 6.521739130434782
dp: 160 674.0 8.775
fcfg: 160 684.0 14.0875
dp: 160 686.0 8.2125
fcfg: 160 716.0 13.10625
dp: 156 676.0 8.871794871794872
fcfg: 156 684.0 16.378205128205128
dp: 155 686.0 6.070967741935484
fcfg: 155 691.0 9.464516129032258
dp: 149 682.0 6.026845637583893
fcfg: 149 703.0 11.751677852348994
dp: 144 649.0 6.986111111111111
fcfg: 144 649.0 13.6875
dp: 149 666.0 6.228187919463087
fcfg: 149 687.0 11.912751677852349
dp: 156 680.0 7.826923076923077
fcfg: 156 723.0 20.775641025641026
dp: 155 677.0 8.683870967741935
fcfg: 155 700.0 15.819354838709678
dp: 167 687.0 9.341317365269461
fcfg: 167 716.0 17.293413173652695
dp: 154 665.0 11.155844155844155
fcfg: 154 702.0 22.967532467532468
dp: 160 679.0 9.0875
fcfg: 160 728.0 22.9
dp: 128 676.0 2.8359375
fcfg: 128 676.0 3.109375
dp: 145 681.0 5.517241379310345
fcfg: 145 689.0 6.551724137931035
dp: 168 680.0 13.648809523809524
fcfg: 168 758.0 38.76190476190476
dp: 147 668.0 6.238095238095238
fcfg: 147 668.0 7.925170068027211
dp: 156 687.0 9.025641025641026
fcfg: 156 729.0 18.78205128205128
dp: 136 663.0 4.272058823529412
fcfg: 136 685.0 5.823529411764706
dp: 143 661.0 6.524475524475524
fcfg: 143 671.0 8.125874125874127
dp: 137 669.0 2.8686131386861313
fcfg: 137 668.0 2.372262773722628
dp: 161 679.0 9.080745341614907
fcfg: 161 679.0 13.118012422360248
dp: 163 673.0 12.705521472392638
fcfg: 163 745.0 29.20245398773006
dp: 153 673.0 8.176470588235293
fcfg: 153 693.0 15.42483660130719
dp: 161 667.0 9.167701863354038
fcfg: 161 685.0 16.63975155279503
dp: 143 673.0 8.44055944055944
fcfg: 143 688.0 13.853146853146853
dp: 160 686.0 9.10625
fcfg: 160 707.0 12.85
dp: 164 700.0 10.560975609756097
fcfg: 164 759.0 21.98170731707317
dp: 131 666.0 2.3969465648854964
fcfg: 131 666.0 3.1374045801526718
dp: 153 672.0 5.516339869281046
fcfg: 153 668.0 8.57516339869281
dp: 160 673.0 7.3
fcfg: 160 709.0 20.94375
dp: 155 666.0 8.2
fcfg: 155 666.0 12.69032258064516
dp: 156 678.0 10.807692307692308
fcfg: 156 734.0 23.07051282051282
dp: 159 689.0 9.037735849056604
fcfg: 159 733.0 18.138364779874212
dp: 144 680.0 4.118055555555555
fcfg: 144 688.0 3.9930555555555554
dp: 151 682.0 6.556291390728477
fcfg: 151 687.0 5.132450331125828
dp: 138 675.0 5.753623188405797
fcfg: 138 674.0 8.485507246376812
dp: 151 688.0 8.178807947019868
fcfg: 151 708.0 16.5364238410596
dp: 129 672.0 4.224806201550388
fcfg: 129 675.0 4.558139534883721
dp: 125 678.0 3.064
fcfg: 125 676.0 2.208
dp: 144 657.0 5.819444444444445
fcfg: 144 657.0 12.38888888888889
dp: 145 674.0 4.979310344827586
fcfg: 145 674.0 10.8
dp: 142 660.0 4.626760563380282
fcfg: 142 661.0 5.830985915492958
dp: 152 668.0 6.098684210526316
fcfg: 152 666.0 8.118421052631579
dp: 129 666.0 3.9612403100775193
fcfg: 129 676.0 5.015503875968992
dp: 150 679.0 4.513333333333334
fcfg: 150 682.0 5.706666666666667
dp: 158 687.0 11.930379746835444
fcfg: 158 696.0 23.018987341772153
dp: 147 675.0 7.1020408163265305
fcfg: 147 691.0 12.244897959183673
dp: 147 667.0 7.421768707482993
fcfg: 147 691.0 27.775510204081634
dp: 146 675.0 6.226027397260274
fcfg: 146 683.0 5.876712328767123
dp: 172 691.0 16.773255813953487
fcfg: 172 789.0 38.99418604651163
dp: 132 668.0 2.962121212121212
fcfg: 132 676.0 4.113636363636363
dp: 128 667.0 5.3984375
fcfg: 128 667.0 8.6171875
dp: 168 674.0 9.839285714285714
fcfg: 168 714.0 24.666666666666668
dp: 167 690.0 11.7125748502994
fcfg: 167 745.0 26.263473053892216
dp: 156 680.0 8.416666666666666
fcfg: 156 724.0 20.435897435897434
dp: 153 668.0 8.339869281045752
fcfg: 153 710.0 18.973856209150327
dp: 152 663.0 5.578947368421052
fcfg: 152 666.0 9.302631578947368
dp: 149 685.0 8.033557046979865
fcfg: 149 728.0 13.95973154362416
dp: 154 677.0 8.857142857142858
fcfg: 154 721.0 20.461038961038962
dp: 158 656.0 14.860759493670885
fcfg: 158 729.0 45.31012658227848
dp: 156 651.0 10.14102564102564
fcfg: 156 683.0 21.897435897435898
dp: 157 686.0 8.095541401273886
fcfg: 157 694.0 8.878980891719745
dp: 124 666.0 3.3548387096774195
fcfg: 124 670.0 4.967741935483871
dp: 135 673.0 6.2
fcfg: 135 666.0 6.562962962962963
dp: 131 667.0 3.885496183206107
fcfg: 131 667.0 5.9541984732824424
dp: 146 688.0 5.63013698630137
fcfg: 146 693.0 8.246575342465754
dp: 131 655.0 4.114503816793893
fcfg: 131 654.0 8.01526717557252
dp: 156 661.0 10.185897435897436
fcfg: 156 693.0 31.185897435897434
dp: 147 676.0 6.591836734693878
fcfg: 147 684.0 6.312925170068027
dp: 164 667.0 12.96951219512195
fcfg: 164 705.0 29.817073170731707
dp: 142 651.0 5.936619718309859
fcfg: 142 648.0 5.908450704225352
dp: 151 660.0 10.125827814569536
fcfg: 151 660.0 13.450331125827814
dp: 157 670.0 9.503184713375797
fcfg: 157 696.0 14.439490445859873
dp: 137 691.0 4.437956204379562
fcfg: 137 712.0 5.978102189781022
dp: 142 667.0 6.014084507042254
fcfg: 142 677.0 6.591549295774648
dp: 153 694.0 9.026143790849673
fcfg: 153 722.0 12.928104575163399
dp: 155 677.0 8.154838709677419
fcfg: 155 699.0 13.96774193548387
dp: 163 672.0 11.208588957055214
fcfg: 163 694.0 27.006134969325153
dp: 162 688.0 5.777777777777778
fcfg: 162 703.0 9.432098765432098
dp: 156 671.0 8.64102564102564
fcfg: 156 666.0 9.288461538461538
dp: 177 681.0 10.76271186440678
fcfg: 177 758.0 37.94915254237288
dp: 144 669.0 6.527777777777778
fcfg: 144 671.0 9.534722222222221
dp: 154 685.0 6.720779220779221
fcfg: 154 707.0 12.194805194805195
dp: 169 676.0 11.171597633136095
fcfg: 169 709.0 26.307692307692307
dp: 149 685.0 8.570469798657719
fcfg: 149 704.0 10.154362416107382
dp: 152 675.0 5.934210526315789
fcfg: 152 671.0 14.151315789473685
dp: 153 666.0 9.516339869281046
fcfg: 153 692.0 23.281045751633986
dp: 149 681.0 4.993288590604027
fcfg: 149 683.0 7.8389261744966445
dp: 137 665.0 3.7153284671532845
fcfg: 137 664.0 3.5839416058394162
dp: 133 662.0 3.3834586466165413
fcfg: 133 668.0 3.9398496240601504
dp: 127 672.0 3.0
fcfg: 127 682.0 2.8661417322834644
dp: 151 659.0 8.158940397350994
fcfg: 151 685.0 16.56953642384106
dp: 139 659.0 7.0215827338129495
fcfg: 139 659.0 9.597122302158274
dp: 145 685.0 5.8068965517241375
fcfg: 145 684.0 8.151724137931035
dp: 152 669.0 8.552631578947368
fcfg: 152 668.0 15.118421052631579
dp: 154 674.0 6.435064935064935
fcfg: 154 684.0 9.493506493506494
dp: 144 670.0 4.048611111111111
fcfg: 144 674.0 4.993055555555555
dp: 130 680.0 3.5692307692307694
fcfg: 130 692.0 4.038461538461538
dp: 153 684.0 6.437908496732026
fcfg: 153 686.0 10.895424836601308
dp: 140 675.0 3.9285714285714284
fcfg: 140 676.0 5.485714285714286
dp: 148 676.0 8.45945945945946
fcfg: 148 680.0 12.06081081081081
dp: 146 685.0 8.82876712328767
fcfg: 146 713.0 17.21232876712329
dp: 149 682.0 6.516778523489933
fcfg: 149 718.0 14.53020134228188
dp: 174 685.0 17.43103448275862
fcfg: 174 736.0 36.28735632183908
dp: 147 674.0 7.142857142857143
fcfg: 147 697.0 15.625850340136054
dp: 166 679.0 10.036144578313253
fcfg: 166 738.0 25.674698795180724
dp: 152 667.0 11.092105263157896
fcfg: 152 679.0 19.342105263157894
dp: 167 699.0 9.796407185628743
fcfg: 167 733.0 14.461077844311378
dp: 151 673.0 6.708609271523179
fcfg: 151 683.0 11.43046357615894
dp: 143 656.0 5.2027972027972025
fcfg: 143 656.0 8.594405594405595
dp: 162 666.0 8.62962962962963
fcfg: 162 709.0 28.604938271604937
dp: 164 670.0 11.890243902439025
fcfg: 164 736.0 30.371951219512194
dp: 134 675.0 4.141791044776119
fcfg: 134 683.0 6.253731343283582
dp: 146 696.0 4.767123287671233
fcfg: 146 692.0 5.089041095890411
dp: 166 680.0 8.216867469879517
fcfg: 166 700.0 29.234939759036145
dp: 163 681.0 10.441717791411042
fcfg: 163 709.0 29.883435582822084
dp: 131 666.0 6.893129770992366
fcfg: 131 686.0 12.465648854961833
dp: 163 683.0 6.822085889570552
fcfg: 163 710.0 13.822085889570552
dp: 149 665.0 8.590604026845638
fcfg: 149 665.0 13.651006711409396
dp: 151 669.0 6.894039735099338
fcfg: 151 689.0 14.668874172185431
dp: 138 668.0 4.949275362318841
fcfg: 138 674.0 8.152173913043478
dp: 149 675.0 9.496644295302014
fcfg: 149 681.0 12.771812080536913
dp: 148 692.0 6.175675675675675
fcfg: 148 708.0 7.905405405405405
dp: 140 665.0 5.128571428571429
fcfg: 140 678.0 7.385714285714286
dp: 165 697.0 12.139393939393939
fcfg: 165 762.0 25.587878787878786
dp: 149 684.0 9.053691275167786
fcfg: 149 723.0 22.536912751677853
dp: 132 672.0 6.4393939393939394
fcfg: 132 669.0 6.681818181818182
dp: 162 659.0 10.623456790123457
fcfg: 162 734.0 34.339506172839506
dp: 147 679.0 7.258503401360544
fcfg: 147 674.0 9.346938775510203
dp: 155 684.0 7.916129032258064
fcfg: 155 698.0 14.729032258064516
dp: 151 676.0 8.072847682119205
fcfg: 151 685.0 6.754966887417218
dp: 157 665.0 9.05732484076433
fcfg: 157 682.0 11.961783439490446
dp: 149 697.0 6.697986577181208
fcfg: 149 709.0 9.342281879194632
dp: 151 672.0 5.304635761589404
fcfg: 151 669.0 9.66225165562914
dp: 152 662.0 4.9605263157894735
fcfg: 152 660.0 11.092105263157896
dp: 137 664.0 4.474452554744525
fcfg: 137 662.0 8.927007299270073
dp: 138 678.0 4.471014492753623
fcfg: 138 681.0 4.963768115942029
dp: 132 669.0 3.9696969696969697
fcfg: 132 669.0 5.25
dp: 139 674.0 4.676258992805756
fcfg: 139 692.0 4.41726618705036
dp: 161 689.0 10.031055900621118
fcfg: 161 720.0 16.4472049689441
dp: 148 684.0 5.445945945945946
fcfg: 148 693.0 7.925675675675675
dp: 157 678.0 10.59235668789809
fcfg: 157 693.0 26.095541401273884
dp: 156 674.0 7.897435897435898
fcfg: 156 702.0 15.583333333333334
dp: 151 664.0 7.139072847682119
fcfg: 151 680.0 18.867549668874172
dp: 153 674.0 5.908496732026144
fcfg: 153 694.0 8.620915032679738
dp: 160 688.0 7.75625
fcfg: 160 731.0 12.6375
dp: 138 659.0 6.086956521739131
fcfg: 138 659.0 8.123188405797102
dp: 163 675.0 7.141104294478527
fcfg: 163 680.0 12.840490797546012
dp: 143 664.0 4.580419580419581
fcfg: 143 693.0 9.517482517482517
dp: 140 694.0 5.392857142857143
fcfg: 140 707.0 7.0928571428571425
dp: 138 669.0 5.326086956521739
fcfg: 138 677.0 7.028985507246377
dp: 159 683.0 9.29559748427673
fcfg: 159 734.0 19.48427672955975
dp: 148 656.0 7.243243243243243
fcfg: 148 674.0 10.202702702702704
dp: 146 671.0 9.513698630136986
fcfg: 146 681.0 25.438356164383563
dp: 151 703.0 5.801324503311259
fcfg: 151 702.0 4.76158940397351
dp: 138 671.0 4.065217391304348
fcfg: 138 690.0 5.978260869565218
dp: 132 656.0 3.3863636363636362
fcfg: 132 654.0 2.9393939393939394
dp: 173 674.0 11.705202312138729
fcfg: 173 784.0 43.58381502890173
dp: 168 683.0 11.375
fcfg: 168 734.0 27.386904761904763
dp: 151 690.0 7.437086092715232
fcfg: 151 729.0 13.814569536423841
dp: 149 667.0 5.577181208053691
fcfg: 149 672.0 10.355704697986576
dp: 156 680.0 6.589743589743589
fcfg: 156 680.0 10.884615384615385
dp: 166 692.0 11.512048192771084
fcfg: 166 732.0 26.43975903614458
dp: 159 677.0 6.9937106918239
fcfg: 159 688.0 16.61006289308176
dp: 142 675.0 6.429577464788732
fcfg: 142 690.0 9.47887323943662
dp: 164 672.0 9.189024390243903
fcfg: 164 697.0 19.95731707317073
dp: 163 685.0 7.079754601226994
fcfg: 163 712.0 14.030674846625766
dp: 160 682.0 9.00625
fcfg: 160 684.0 14.925
dp: 149 690.0 6.630872483221476
fcfg: 149 713.0 9.174496644295303
dp: 144 683.0 6.840277777777778
fcfg: 144 708.0 9.95138888888889
dp: 176 704.0 13.267045454545455
fcfg: 176 753.0 24.113636363636363
dp: 146 673.0 6.041095890410959
fcfg: 146 695.0 14.150684931506849
dp: 157 685.0 5.987261146496815
fcfg: 157 707.0 10.859872611464969
dp: 161 690.0 9.08695652173913
fcfg: 161 725.0 14.48447204968944
dp: 143 688.0 4.958041958041958
fcfg: 143 691.0 6.174825174825175
dp: 149 676.0 8.563758389261745
fcfg: 149 716.0 23.08053691275168
dp: 133 673.0 4.443609022556391
fcfg: 133 677.0 7.105263157894737
dp: 143 679.0 6.79020979020979
fcfg: 143 687.0 11.286713286713287
dp: 129 676.0 5.1395348837209305
fcfg: 129 674.0 6.534883720930233
dp: 136 662.0 2.5220588235294117
fcfg: 136 665.0 2.9338235294117645
dp: 142 667.0 4.943661971830986
fcfg: 142 664.0 9.091549295774648
dp: 146 685.0 7.13013698630137
fcfg: 146 691.0 7.054794520547945
dp: 156 671.0 7.435897435897436
fcfg: 156 687.0 17.384615384615383
dp: 144 690.0 6.243055555555555
fcfg: 144 693.0 7.763888888888889
dp: 141 665.0 4.723404255319149
fcfg: 141 665.0 5.723404255319149
dp: 132 668.0 2.742424242424242
fcfg: 132 672.0 2.6136363636363638
dp: 153 694.0 10.84967320261438
fcfg: 153 748.0 19.679738562091504
dp: 152 668.0 5.592105263157895
fcfg: 152 677.0 10.177631578947368
dp: 146 682.0 8.397260273972602
fcfg: 146 705.0 12.938356164383562
dp: 134 676.0 2.4328358208955225
fcfg: 134 686.0 3.798507462686567
dp: 152 656.0 8.94078947368421
fcfg: 152 685.0 18.50657894736842
dp: 138 652.0 4.333333333333333
fcfg: 138 652.0 5.384057971014493
dp: 140 661.0 8.571428571428571
fcfg: 140 666.0 7.914285714285715
dp: 166 674.0 11.536144578313253
fcfg: 166 728.0 31.08433734939759
dp: 167 695.0 10.1437125748503
fcfg: 167 741.0 22.449101796407184
dp: 159 683.0 9.716981132075471
fcfg: 159 706.0 16.32704402515723
dp: 134 667.0 4.82089552238806
fcfg: 134 668.0 6.985074626865671
dp: 162 685.0 10.777777777777779
fcfg: 162 689.0 13.907407407407407
dp: 140 666.0 4.228571428571429
fcfg: 140 664.0 3.7
dp: 152 678.0 11.44078947368421
fcfg: 152 722.0 23.782894736842106
dp: 167 680.0 8.233532934131736
fcfg: 167 721.0 29.61676646706587
dp: 142 663.0 10.873239436619718
fcfg: 142 662.0 17.338028169014084
dp: 172 671.0 12.505813953488373
fcfg: 172 726.0 36.877906976744185
dp: 142 658.0 4.901408450704225
fcfg: 142 658.0 7.049295774647887
dp: 145 676.0 8.172413793103448
fcfg: 145 673.0 16.455172413793104
dp: 137 673.0 5.700729927007299
fcfg: 137 691.0 6.927007299270073
dp: 147 675.0 7.1020408163265305
fcfg: 147 686.0 17.367346938775512
dp: 143 676.0 6.5874125874125875
fcfg: 143 699.0 11.251748251748252
dp: 131 661.0 3.9923664122137406
fcfg: 131 659.0 6.748091603053435
dp: 151 672.0 8.14569536423841
fcfg: 151 698.0 18.95364238410596
dp: 157 688.0 6.178343949044586
fcfg: 157 705.0 8.229299363057326
dp: 155 687.0 8.619354838709677
fcfg: 155 721.0 12.567741935483872
dp: 149 682.0 6.825503355704698
fcfg: 149 679.0 13.610738255033556
dp: 161 675.0 7.385093167701863
fcfg: 161 697.0 21.93167701863354
dp: 163 680.0 8.484662576687116
fcfg: 163 725.0 22.447852760736197
dp: 122 667.0 1.8688524590163935
fcfg: 122 670.0 2.5
dp: 167 690.0 9.173652694610778
fcfg: 167 740.0 24.149700598802394
dp: 148 678.0 5.033783783783784
fcfg: 148 688.0 7.662162162162162
dp: 159 686.0 8.59748427672956
fcfg: 159 718.0 16.754716981132077
dp: 160 683.0 10.23125
fcfg: 160 731.0 19.7
dp: 163 684.0 10.024539877300613
fcfg: 163 718.0 19.288343558282207
dp: 138 690.0 3.7246376811594204
fcfg: 138 697.0 5.231884057971015
dp: 140 657.0 5.5928571428571425
fcfg: 140 671.0 8.82857142857143
dp: 153 677.0 5.823529411764706
fcfg: 153 696.0 12.529411764705882
dp: 166 686.0 11.86144578313253
fcfg: 166 752.0 30.53614457831325
dp: 143 660.0 6.286713286713287
fcfg: 143 661.0 7.265734265734266
dp: 149 664.0 5.87248322147651
fcfg: 149 662.0 9.375838926174497
dp: 132 677.0 4.386363636363637
fcfg: 132 685.0 5.1893939393939394
dp: 142 654.0 6.676056338028169
fcfg: 142 672.0 13.76056338028169
dp: 161 683.0 7.614906832298137
fcfg: 161 729.0 15.31055900621118
dp: 155 698.0 7.664516129032258
fcfg: 155 713.0 14.935483870967742
dp: 162 681.0 8.469135802469136
fcfg: 162 705.0 18.77777777777778
dp: 151 675.0 8.463576158940397
fcfg: 151 674.0 10.205298013245033
dp: 136 658.0 3.139705882352941
fcfg: 136 656.0 2.8161764705882355
dp: 174 689.0 12.74712643678161
fcfg: 174 776.0 37.0
dp: 158 666.0 10.044303797468354
fcfg: 158 705.0 17.367088607594937
dp: 157 677.0 10.07643312101911
fcfg: 157 695.0 19.75796178343949
dp: 152 667.0 9.223684210526315
fcfg: 152 674.0 23.18421052631579
dp: 145 671.0 5.289655172413793
fcfg: 145 678.0 8.89655172413793
dp: 144 661.0 8.333333333333334
fcfg: 144 665.0 19.493055555555557
dp: 122 682.0 2.5163934426229506
fcfg: 122 686.0 2.557377049180328
dp: 147 682.0 6.292517006802721
fcfg: 147 679.0 12.374149659863946
dp: 144 661.0 4.854166666666667
fcfg: 144 661.0 7.819444444444445
dp: 158 677.0 8.49367088607595
fcfg: 158 693.0 15.0
dp: 156 669.0 8.307692307692308
fcfg: 156 701.0 13.538461538461538
dp: 150 663.0 7.013333333333334
fcfg: 150 680.0 13.373333333333333
dp: 144 670.0 4.576388888888889
fcfg: 144 676.0 6.145833333333333
dp: 146 682.0 6.945205479452055
fcfg: 146 689.0 6.404109589041096
dp: 163 673.0 11.036809815950921
fcfg: 163 714.0 27.01840490797546
dp: 149 694.0 5.590604026845638
fcfg: 149 697.0 6.3355704697986575
dp: 144 682.0 5.048611111111111
fcfg: 144 687.0 6.194444444444445
dp: 155 674.0 7.083870967741936
fcfg: 155 685.0 11.903225806451612
dp: 152 687.0 6.947368421052632
fcfg: 152 714.0 10.125
dp: 149 678.0 7.704697986577181
fcfg: 149 681.0 9.926174496644295
dp: 133 669.0 6.518796992481203
fcfg: 133 673.0 4.932330827067669
dp: 133 659.0 3.0150375939849625
fcfg: 133 660.0 4.06015037593985
dp: 168 687.0 10.529761904761905
fcfg: 168 721.0 23.666666666666668
dp: 149 679.0 7.758389261744966
fcfg: 149 702.0 17.093959731543624
dp: 132 660.0 3.3333333333333335
fcfg: 132 660.0 5.174242424242424
dp: 147 685.0 6.571428571428571
fcfg: 147 685.0 7.870748299319728
dp: 169 686.0 12.887573964497042
fcfg: 169 746.0 29.668639053254438
dp: 136 675.0 4.139705882352941
fcfg: 136 672.0 3.7720588235294117
dp: 151 679.0 7.139072847682119
fcfg: 151 690.0 10.728476821192054
dp: 161 661.0 11.975155279503106
fcfg: 161 720.0 29.03726708074534
dp: 149 676.0 6.073825503355705
fcfg: 149 672.0 6.590604026845638
dp: 137 654.0 7.532846715328467
fcfg: 137 672.0 21.496350364963504
dp: 144 680.0 4.069444444444445
fcfg: 144 710.0 6.548611111111111
dp: 176 701.0 13.982954545454545
fcfg: 176 780.0 30.573863636363637
dp: 166 708.0 12.548192771084338
fcfg: 166 738.0 15.891566265060241
dp: 158 689.0 7.7215189873417724
fcfg: 158 705.0 18.20886075949367
dp: 151 675.0 8.695364238410596
fcfg: 151 723.0 20.278145695364238
dp: 157 660.0 9.337579617834395
fcfg: 157 672.0 23.923566878980893
dp: 177 686.0 14.350282485875706
fcfg: 177 773.0 36.03954802259887
dp: 160 674.0 9.95
fcfg: 160 728.0 25.09375
dp: 153 679.0 6.836601307189542
fcfg: 153 683.0 8.437908496732026
dp: 138 663.0 3.1449275362318843
fcfg: 138 670.0 5.420289855072464
dp: 148 681.0 10.216216216216216
fcfg: 148 705.0 20.02027027027027
dp: 133 652.0 4.924812030075188
fcfg: 133 653.0 7.902255639097745
dp: 143 664.0 7.286713286713287
fcfg: 143 679.0 12.174825174825175
dp: 157 652.0 7.828025477707007
fcfg: 157 701.0 19.484076433121018
dp: 159 677.0 9.18867924528302
fcfg: 159 723.0 23.48427672955975
dp: 168 682.0 13.011904761904763
fcfg: 168 733.0 30.214285714285715
dp: 118 660.0 3.305084745762712
fcfg: 118 659.0 4.296610169491525
dp: 153 676.0 7.405228758169935
fcfg: 153 724.0 20.745098039215687
dp: 153 684.0 5.300653594771242
fcfg: 153 685.0 11.084967320261438
dp: 131 657.0 5.320610687022901
fcfg: 131 657.0 6.641221374045801
dp: 148 676.0 8.722972972972974
fcfg: 148 717.0 15.16891891891892
dp: 134 654.0 2.7388059701492535
fcfg: 134 657.0 3.037313432835821
dp: 167 683.0 15.089820359281438
fcfg: 167 732.0 28.790419161676645
dp: 142 678.0 5.605633802816901
fcfg: 142 679.0 7.0
dp: 173 692.0 10.803468208092486
fcfg: 173 741.0 26.341040462427745
dp: 158 683.0 7.386075949367089
fcfg: 158 705.0 12.79746835443038
dp: 165 681.0 10.030303030303031
fcfg: 165 727.0 18.21818181818182
dp: 171 676.0 13.415204678362572
fcfg: 171 759.0 44.37426900584796
dp: 164 693.0 8.865853658536585
fcfg: 164 730.0 16.1890243902439
dp: 160 673.0 8.4125
fcfg: 160 717.0 25.1625
dp: 145 677.0 6.903448275862069
fcfg: 145 689.0 6.531034482758621
dp: 162 691.0 10.962962962962964
fcfg: 162 733.0 24.04320987654321
dp: 169 681.0 8.733727810650887
fcfg: 169 727.0 25.5207100591716
dp: 150 668.0 6.926666666666667
fcfg: 150 684.0 8.92
dp: 172 682.0 16.72093023255814
fcfg: 172 739.0 26.848837209302324
dp: 135 657.0 2.7333333333333334
fcfg: 135 662.0 4.051851851851852
dp: 157 673.0 10.10828025477707
fcfg: 157 720.0 19.159235668789808
dp: 153 677.0 6.771241830065359
fcfg: 153 681.0 10.712418300653594
dp: 155 682.0 7.541935483870968
fcfg: 155 697.0 8.606451612903227
dp: 162 671.0 11.481481481481481
fcfg: 162 709.0 31.061728395061728
dp: 159 677.0 9.30817610062893
fcfg: 159 710.0 16.433962264150942
dp: 138 684.0 3.5652173913043477
fcfg: 138 685.0 3.86231884057971
dp: 148 674.0 5.8175675675675675
fcfg: 148 674.0 8.837837837837839
dp: 152 670.0 7.019736842105263
fcfg: 152 685.0 13.361842105263158
dp: 176 665.0 17.625
fcfg: 176 754.0 46.47727272727273
dp: 155 678.0 6.264516129032258
fcfg: 155 700.0 12.432258064516128
dp: 152 677.0 8.789473684210526
fcfg: 152 681.0 16.967105263157894
dp: 142 648.0 6.26056338028169
fcfg: 142 686.0 11.654929577464788
dp: 148 673.0 6.087837837837838
fcfg: 148 667.0 9.763513513513514
dp: 161 690.0 8.428571428571429
fcfg: 161 712.0 17.527950310559007
dp: 143 658.0 6.979020979020979
fcfg: 143 671.0 15.902097902097902
dp: 151 665.0 8.14569536423841
fcfg: 151 697.0 13.443708609271523
dp: 136 675.0 4.338235294117647
fcfg: 136 681.0 6.676470588235294
dp: 137 665.0 4.562043795620438
fcfg: 137 665.0 3.6496350364963503
dp: 167 681.0 8.982035928143713
fcfg: 167 711.0 20.62874251497006
dp: 158 671.0 10.126582278481013
fcfg: 158 689.0 32.68354430379747
dp: 130 653.0 2.769230769230769
fcfg: 130 653.0 3.8692307692307693
dp: 159 680.0 7.018867924528302
fcfg: 159 711.0 11.69811320754717
dp: 138 662.0 3.3840579710144927
fcfg: 138 663.0 3.4130434782608696
dp: 152 674.0 8.552631578947368
fcfg: 152 692.0 15.164473684210526
dp: 129 673.0 4.565891472868217
fcfg: 129 677.0 4.3023255813953485
dp: 136 675.0 4.955882352941177
fcfg: 136 670.0 6.6838235294117645
dp: 158 665.0 7.367088607594937
fcfg: 158 692.0 13.082278481012658
dp: 155 679.0 7.161290322580645
fcfg: 155 709.0 10.206451612903226
dp: 160 676.0 9.8125
fcfg: 160 719.0 22.59375
dp: 150 673.0 5.193333333333333
fcfg: 150 676.0 5.06
dp: 145 678.0 8.544827586206896
fcfg: 145 678.0 10.544827586206896
dp: 135 676.0 5.622222222222222
fcfg: 135 688.0 8.377777777777778
dp: 161 683.0 7.577639751552795
fcfg: 161 703.0 13.677018633540373
dp: 150 672.0 7.3533333333333335
fcfg: 150 698.0 13.593333333333334
dp: 165 691.0 10.454545454545455
fcfg: 165 723.0 14.50909090909091
dp: 146 691.0 4.376712328767123
fcfg: 146 700.0 3.73972602739726
dp: 169 678.0 10.053254437869823
fcfg: 169 735.0 27.662721893491124
dp: 141 678.0 4.709219858156028
fcfg: 141 674.0 4.453900709219858
dp: 146 681.0 5.472602739726027
fcfg: 146 687.0 7.732876712328767
dp: 144 666.0 7.625
fcfg: 144 663.0 8.520833333333334
dp: 145 677.0 6.744827586206896
fcfg: 145 697.0 9.827586206896552
dp: 149 673.0 9.677852348993289
fcfg: 149 680.0 26.885906040268456
dp: 155 671.0 7.451612903225806
fcfg: 155 685.0 16.34193548387097
dp: 124 655.0 2.911290322580645
fcfg: 124 655.0 3.0080645161290325
dp: 154 671.0 9.64935064935065
fcfg: 154 717.0 23.857142857142858
dp: 131 656.0 3.3969465648854964
fcfg: 131 663.0 4.175572519083969
dp: 157 665.0 7.662420382165605
fcfg: 157 702.0 13.222929936305732
dp: 144 681.0 9.625
fcfg: 144 685.0 8.4375
dp: 146 679.0 7.219178082191781
fcfg: 146 679.0 12.664383561643836
dp: 147 671.0 6.904761904761905
fcfg: 147 671.0 11.142857142857142
dp: 150 669.0 8.906666666666666
fcfg: 150 669.0 25.86
dp: 162 656.0 8.950617283950617
fcfg: 162 693.0 18.24074074074074
dp: 163 681.0 9.61963190184049
fcfg: 163 758.0 33.190184049079754
dp: 140 667.0 5.15
fcfg: 140 660.0 11.3
dp: 147 685.0 6.374149659863946
fcfg: 147 679.0 5.612244897959184
dp: 168 690.0 9.666666666666666
fcfg: 168 739.0 35.898809523809526
dp: 142 678.0 5.112676056338028
fcfg: 142 688.0 5.408450704225352
dp: 142 660.0 5.633802816901408
fcfg: 142 678.0 11.845070422535212
dp: 139 652.0 6.589928057553957
fcfg: 139 653.0 12.323741007194245
dp: 125 671.0 3.872
fcfg: 125 685.0 6.008
dp: 160 680.0 7.425
fcfg: 160 720.0 16.9625
dp: 145 675.0 5.827586206896552
fcfg: 145 677.0 8.63448275862069
dp: 150 663.0 7.34
fcfg: 150 682.0 12.533333333333333
dp: 138 650.0 5.144927536231884
fcfg: 138 656.0 7.673913043478261
dp: 141 667.0 5.170212765957447
fcfg: 141 672.0 6.26241134751773
dp: 149 670.0 6.87248322147651
fcfg: 149 671.0 12.261744966442953
dp: 137 665.0 4.328467153284672
fcfg: 137 665.0 4.824817518248175
dp: 143 673.0 10.195804195804195
fcfg: 143 677.0 17.53146853146853
dp: 154 691.0 10.487012987012987
fcfg: 154 756.0 28.123376623376622
dp: 138 654.0 3.6666666666666665
fcfg: 138 655.0 4.369565217391305
dp: 131 672.0 3.404580152671756
fcfg: 131 670.0 2.687022900763359
dp: 146 664.0 4.623287671232877
fcfg: 146 663.0 6.034246575342466
dp: 155 674.0 6.412903225806452
fcfg: 155 676.0 13.380645161290323
dp: 155 696.0 7.425806451612903
fcfg: 155 710.0 12.32258064516129
dp: 145 665.0 6.43448275862069
fcfg: 145 665.0 11.186206896551724
dp: 158 682.0 12.025316455696203
fcfg: 158 733.0 20.689873417721518
dp: 142 670.0 3.704225352112676
fcfg: 142 666.0 7.838028169014085
dp: 161 681.0 8.397515527950311
fcfg: 161 716.0 23.36024844720497
dp: 170 679.0 14.635294117647058
fcfg: 170 728.0 29.847058823529412
dp: 148 677.0 8.121621621621621
fcfg: 148 712.0 17.5
dp: 156 675.0 8.243589743589743
fcfg: 156 684.0 12.615384615384615
dp: 165 656.0 15.460606060606061
fcfg: 165 720.0 47.945454545454545
dp: 132 678.0 2.9242424242424243
fcfg: 132 679.0 2.8106060606060606
dp: 173 692.0 9.947976878612717
fcfg: 173 732.0 17.520231213872833
dp: 140 667.0 5.692857142857143
fcfg: 140 673.0 9.17142857142857
dp: 137 662.0 5.153284671532846
fcfg: 137 669.0 5.7299270072992705
dp: 150 671.0 5.306666666666667
fcfg: 150 672.0 9.813333333333333
dp: 145 676.0 10.586206896551724
fcfg: 145 721.0 17.420689655172414
dp: 154 662.0 9.168831168831169
fcfg: 154 699.0 28.363636363636363
dp: 159 698.0 7.8742138364779874
fcfg: 159 701.0 9.641509433962264
dp: 158 670.0 9.215189873417721
fcfg: 158 713.0 18.930379746835442
dp: 133 664.0 5.56390977443609
fcfg: 133 697.0 12.61654135338346
dp: 158 665.0 8.335443037974683
fcfg: 158 685.0 17.449367088607595
dp: 157 672.0 8.904458598726114
fcfg: 157 705.0 17.21656050955414
dp: 152 691.0 6.9605263157894735
fcfg: 152 705.0 11.782894736842104
dp: 141 682.0 5.205673758865248
fcfg: 141 685.0 4.198581560283688
dp: 149 681.0 6.651006711409396
fcfg: 149 694.0 7.369127516778524
dp: 145 673.0 5.144827586206897
fcfg: 145 699.0 15.882758620689655
dp: 147 674.0 3.7687074829931975
fcfg: 147 674.0 3.727891156462585
dp: 160 694.0 7.55625
fcfg: 160 706.0 13.89375
dp: 157 683.0 8.828025477707007
fcfg: 157 680.0 10.904458598726114
dp: 178 698.0 11.769662921348315
fcfg: 178 771.0 20.876404494382022
dp: 148 670.0 6.304054054054054
fcfg: 148 673.0 12.986486486486486
dp: 170 664.0 10.91764705882353
fcfg: 170 743.0 37.37647058823529
dp: 146 671.0 6.616438356164384
fcfg: 146 670.0 9.136986301369863
dp: 175 684.0 13.314285714285715
fcfg: 175 751.0 38.06285714285714
dp: 154 668.0 7.512987012987013
fcfg: 154 686.0 12.363636363636363
dp: 164 692.0 11.603658536585366
fcfg: 164 727.0 15.128048780487806
dp: 166 670.0 10.228915662650602
fcfg: 166 710.0 30.283132530120483
dp: 151 685.0 6.814569536423841
fcfg: 151 705.0 10.006622516556291
dp: 145 678.0 5.675862068965517
fcfg: 145 676.0 4.751724137931035
dp: 148 669.0 6.783783783783784
fcfg: 148 674.0 10.33108108108108
dp: 155 671.0 7.419354838709677
fcfg: 155 691.0 13.509677419354839
dp: 154 675.0 6.590909090909091
fcfg: 154 703.0 13.545454545454545
dp: 124 666.0 3.2096774193548385
fcfg: 124 667.0 2.596774193548387
dp: 124 655.0 5.161290322580645
fcfg: 124 655.0 3.717741935483871
dp: 147 681.0 7.571428571428571
fcfg: 147 717.0 16.0
dp: 125 668.0 2.896
fcfg: 125 665.0 2.904
dp: 149 686.0 9.342281879194632
fcfg: 149 739.0 13.946308724832214
dp: 138 665.0 5.22463768115942
fcfg: 138 668.0 10.833333333333334
dp: 164 690.0 8.231707317073171
fcfg: 164 717.0 15.329268292682928
dp: 159 665.0 9.264150943396226
fcfg: 159 692.0 24.68553459119497
dp: 151 682.0 7.172185430463577
fcfg: 151 692.0 10.165562913907285
dp: 153 677.0 5.594771241830065
fcfg: 153 676.0 9.261437908496733
dp: 157 690.0 5.649681528662421
fcfg: 157 698.0 8.146496815286625
dp: 167 680.0 11.44311377245509
fcfg: 167 739.0 24.15568862275449
dp: 145 679.0 5.358620689655172
fcfg: 145 675.0 6.710344827586207
dp: 134 669.0 4.104477611940299
fcfg: 134 669.0 6.074626865671642
dp: 132 674.0 3.3863636363636362
fcfg: 132 673.0 4.984848484848484
dp: 154 675.0 7.8441558441558445
fcfg: 154 690.0 14.662337662337663
dp: 157 672.0 10.955414012738853
fcfg: 157 708.0 29.095541401273884
dp: 172 685.0 11.203488372093023
fcfg: 172 720.0 25.02906976744186
dp: 169 678.0 11.248520710059172
fcfg: 169 738.0 34.72189349112426
dp: 139 669.0 5.83453237410072
fcfg: 139 670.0 11.201438848920864
dp: 147 687.0 6.680272108843537
fcfg: 147 723.0 14.108843537414966
dp: 141 672.0 4.0212765957446805
fcfg: 141 672.0 6.1063829787234045
dp: 143 679.0 4.853146853146853
fcfg: 143 695.0 9.496503496503497
dp: 157 665.0 10.777070063694268
fcfg: 157 667.0 22.70700636942675
dp: 145 688.0 3.820689655172414
fcfg: 145 693.0 3.393103448275862
dp: 146 688.0 5.527397260273973
fcfg: 146 691.0 9.116438356164384
dp: 154 671.0 5.779220779220779
fcfg: 154 669.0 16.571428571428573
dp: 159 667.0 11.60377358490566
fcfg: 159 710.0 22.572327044025158
dp: 138 677.0 5.079710144927536
fcfg: 138 681.0 6.811594202898551
dp: 142 663.0 6.485915492957746
fcfg: 142 669.0 7.056338028169014
dp: 139 655.0 6.151079136690647
fcfg: 139 661.0 13.877697841726619
dp: 163 676.0 9.128834355828221
fcfg: 163 702.0 27.447852760736197
dp: 160 690.0 9.5125
fcfg: 160 716.0 12.6875
dp: 146 674.0 5.198630136986301
fcfg: 146 681.0 5.773972602739726
dp: 164 683.0 9.640243902439025
fcfg: 164 723.0 16.9390243902439
dp: 141 679.0 5.390070921985815
fcfg: 141 676.0 6.283687943262412
dp: 148 674.0 8.466216216216216
fcfg: 148 680.0 20.554054054054053
dp: 163 673.0 10.50920245398773
fcfg: 163 724.0 26.84049079754601
dp: 137 652.0 4.751824817518248
fcfg: 137 652.0 9.678832116788321
dp: 149 649.0 8.281879194630873
fcfg: 149 655.0 17.140939597315437
dp: 130 659.0 4.707692307692308
fcfg: 130 659.0 10.107692307692307
dp: 139 678.0 4.76978417266187
fcfg: 139 674.0 7.215827338129497
dp: 142 652.0 6.345070422535211
fcfg: 142 654.0 11.80281690140845
dp: 143 670.0 7.4125874125874125
fcfg: 143 679.0 15.538461538461538
dp: 153 669.0 12.50326797385621
fcfg: 153 729.0 27.934640522875817
dp: 138 674.0 4.920289855072464
fcfg: 138 675.0 9.63768115942029
dp: 170 692.0 14.470588235294118
fcfg: 170 751.0 26.17058823529412
dp: 147 678.0 5.979591836734694
fcfg: 147 691.0 8.843537414965986
dp: 130 663.0 4.969230769230769
fcfg: 130 663.0 5.161538461538462
dp: 146 684.0 4.705479452054795
fcfg: 146 687.0 6.5479452054794525
dp: 153 669.0 10.751633986928105
fcfg: 153 695.0 16.718954248366014
dp: 154 672.0 7.616883116883117
fcfg: 154 681.0 13.954545454545455
dp: 143 683.0 4.755244755244755
fcfg: 143 693.0 8.034965034965035
dp: 144 679.0 7.861111111111111
fcfg: 144 730.0 13.958333333333334
dp: 153 674.0 6.189542483660131
fcfg: 153 677.0 15.686274509803921
dp: 159 674.0 8.125786163522013
fcfg: 159 700.0 23.40251572327044
dp: 137 662.0 4.562043795620438
fcfg: 137 662.0 6.248175182481752
dp: 163 686.0 9.423312883435583
fcfg: 163 719.0 13.61963190184049
dp: 141 656.0 6.184397163120567
fcfg: 141 667.0 8.049645390070921
dp: 170 686.0 18.094117647058823
fcfg: 170 753.0 37.15882352941176
dp: 134 648.0 3.2388059701492535
fcfg: 134 648.0 4.626865671641791
dp: 148 691.0 7.418918918918919
fcfg: 148 708.0 14.094594594594595
dp: 156 681.0 6.0
fcfg: 156 704.0 17.16025641025641
dp: 165 671.0 13.248484848484848
fcfg: 165 717.0 28.10909090909091
dp: 135 661.0 4.533333333333333
fcfg: 135 666.0 4.562962962962963
dp: 141 679.0 4.673758865248227
fcfg: 141 679.0 5.148936170212766
dp: 165 667.0 13.545454545454545
fcfg: 165 726.0 39.68484848484849
dp: 143 658.0 4.559440559440559
fcfg: 143 658.0 8.734265734265735
dp: 134 661.0 4.544776119402985
fcfg: 134 668.0 5.201492537313433
dp: 153 671.0 5.777777777777778
fcfg: 153 688.0 17.764705882352942
dp: 156 679.0 5.423076923076923
fcfg: 156 691.0 5.551282051282051
dp: 146 685.0 6.315068493150685
fcfg: 146 698.0 11.10958904109589
dp: 146 690.0 5.431506849315069
fcfg: 146 695.0 6.534246575342466
dp: 162 686.0 9.037037037037036
fcfg: 162 694.0 28.598765432098766
dp: 130 666.0 2.330769230769231
fcfg: 130 664.0 3.4
dp: 147 688.0 6.394557823129252
fcfg: 147 698.0 8.326530612244898
dp: 125 673.0 2.416
fcfg: 125 674.0 1.96
dp: 143 676.0 4.734265734265734
fcfg: 143 668.0 10.482517482517483
dp: 155 680.0 9.316129032258065
fcfg: 155 704.0 10.458064516129033
dp: 125 657.0 5.64
fcfg: 125 658.0 4.88
dp: 143 670.0 6.538461538461538
fcfg: 143 698.0 12.027972027972028
dp: 147 674.0 7.374149659863946
fcfg: 147 674.0 10.938775510204081
dp: 156 679.0 9.044871794871796
fcfg: 156 723.0 16.75
dp: 157 666.0 9.13375796178344
fcfg: 157 688.0 17.78343949044586
dp: 156 677.0 7.9743589743589745
fcfg: 156 679.0 13.294871794871796
dp: 151 682.0 7.125827814569536
fcfg: 151 694.0 11.052980132450331
dp: 132 682.0 2.1818181818181817
fcfg: 132 680.0 2.977272727272727
dp: 176 680.0 15.522727272727273
fcfg: 176 764.0 40.24431818181818
dp: 155 677.0 12.316129032258065
fcfg: 155 748.0 27.793548387096774
dp: 154 656.0 9.564935064935066
fcfg: 154 698.0 25.824675324675326
dp: 134 681.0 5.813432835820896
fcfg: 134 689.0 6.485074626865671
dp: 161 684.0 6.453416149068323
fcfg: 161 710.0 16.59006211180124
dp: 161 670.0 10.397515527950311
fcfg: 161 714.0 19.559006211180126
dp: 150 682.0 7.753333333333333
fcfg: 150 702.0 10.1
dp: 137 656.0 6.116788321167883
fcfg: 137 658.0 13.394160583941606
dp: 158 688.0 6.291139240506329
fcfg: 158 695.0 13.19620253164557
dp: 154 671.0 10.25974025974026
fcfg: 154 705.0 17.01298701298701
dp: 146 665.0 5.924657534246576
fcfg: 146 665.0 10.67123287671233
dp: 125 675.0 1.504
fcfg: 125 674.0 1.872
dp: 159 691.0 7.754716981132075
fcfg: 159 723.0 13.679245283018869
dp: 155 677.0 5.264516129032258
fcfg: 155 677.0 6.212903225806452
dp: 154 662.0 5.779220779220779
fcfg: 154 669.0 8.396103896103897
dp: 167 679.0 7.724550898203593
fcfg: 167 725.0 17.694610778443113
dp: 159 677.0 5.8427672955974845
fcfg: 159 699.0 15.660377358490566
dp: 158 679.0 8.905063291139241
fcfg: 158 709.0 13.715189873417721
dp: 131 661.0 2.8396946564885495
fcfg: 131 661.0 3.5343511450381677
dp: 130 681.0 3.9846153846153847
fcfg: 130 690.0 4.2
dp: 140 654.0 7.792857142857143
fcfg: 140 679.0 13.771428571428572
dp: 129 673.0 2.4186046511627906
fcfg: 129 672.0 3.13953488372093
dp: 145 678.0 4.606896551724138
fcfg: 145 676.0 11.16551724137931
dp: 169 683.0 8.893491124260356
fcfg: 169 725.0 14.875739644970414
dp: 142 679.0 4.176056338028169
fcfg: 142 706.0 6.78169014084507
dp: 148 673.0 6.3175675675675675
fcfg: 148 673.0 6.72972972972973
dp: 156 679.0 8.365384615384615
fcfg: 156 679.0 10.76923076923077
dp: 143 676.0 4.258741258741258
fcfg: 143 691.0 6.468531468531468
dp: 154 672.0 5.792207792207792
fcfg: 154 676.0 7.194805194805195
dp: 155 687.0 7.993548387096774
fcfg: 155 696.0 10.709677419354838
dp: 164 680.0 7.347560975609756
fcfg: 164 708.0 13.060975609756097
dp: 154 680.0 6.3311688311688314
fcfg: 154 689.0 9.305194805194805
dp: 167 685.0 12.544910179640718
fcfg: 167 761.0 27.233532934131738
dp: 156 674.0 6.9423076923076925
fcfg: 156 693.0 15.756410256410257
dp: 145 680.0 6.344827586206897
fcfg: 145 697.0 9.841379310344827
dp: 151 670.0 10.278145695364238
fcfg: 151 674.0 27.079470198675498
dp: 136 678.0 4.860294117647059
fcfg: 136 686.0 6.845588235294118
dp: 141 667.0 4.971631205673759
fcfg: 141 667.0 6.6879432624113475
dp: 143 662.0 4.65034965034965
fcfg: 143 675.0 10.27972027972028
dp: 157 658.0 9.445859872611464
fcfg: 157 676.0 16.853503184713375
dp: 133 663.0 3.473684210526316
fcfg: 133 665.0 3.5037593984962405
dp: 161 683.0 6.782608695652174
fcfg: 161 682.0 11.192546583850932
dp: 144 677.0 4.5625
fcfg: 144 683.0 5.375
dp: 146 682.0 4.52054794520548
fcfg: 146 698.0 7.157534246575342
dp: 156 676.0 7.134615384615385
fcfg: 156 694.0 12.762820512820513
dp: 169 689.0 10.023668639053254
fcfg: 169 767.0 24.65680473372781
dp: 140 649.0 6.564285714285714
fcfg: 140 649.0 10.035714285714286
dp: 163 682.0 10.14723926380368
fcfg: 163 742.0 39.47239263803681
dp: 155 677.0 7.832258064516129
fcfg: 155 705.0 14.212903225806452
dp: 160 686.0 7.7875
fcfg: 160 699.0 7.41875
dp: 145 703.0 5.372413793103449
fcfg: 145 713.0 5.165517241379311
dp: 141 670.0 5.0
fcfg: 141 675.0 6.361702127659575
dp: 140 662.0 4.4071428571428575
fcfg: 140 676.0 6.514285714285714
dp: 154 678.0 9.14935064935065
fcfg: 154 699.0 16.155844155844157
dp: 157 654.0 8.171974522292993
fcfg: 157 664.0 9.382165605095542
dp: 163 684.0 7.079754601226994
fcfg: 163 704.0 14.901840490797547
dp: 169 700.0 10.005917159763314
fcfg: 169 729.0 21.53846153846154
dp: 137 678.0 4.890510948905109
fcfg: 137 677.0 8.591240875912408
dp: 153 685.0 6.5359477124183005
fcfg: 153 701.0 10.379084967320262
dp: 139 672.0 5.705035971223022
fcfg: 139 667.0 6.805755395683454
dp: 144 673.0 4.875
fcfg: 144 691.0 10.604166666666666
dp: 145 676.0 5.682758620689655
fcfg: 145 676.0 9.758620689655173
dp: 168 707.0 9.333333333333334
fcfg: 168 749.0 19.541666666666668
dp: 147 677.0 7.401360544217687
fcfg: 147 677.0 8.952380952380953
dp: 151 676.0 7.6158940397351
fcfg: 151 705.0 18.225165562913908
dp: 136 674.0 4.205882352941177
fcfg: 136 684.0 6.845588235294118
dp: 141 667.0 3.4539007092198584
fcfg: 141 670.0 2.723404255319149
dp: 150 671.0 8.926666666666666
fcfg: 150 730.0 20.24
dp: 144 677.0 6.402777777777778
fcfg: 144 688.0 7.729166666666667
dp: 154 675.0 5.785714285714286
fcfg: 154 700.0 11.207792207792208
dp: 167 667.0 11.51497005988024
fcfg: 167 725.0 35.40718562874252
dp: 149 682.0 9.288590604026846
fcfg: 149 712.0 16.42281879194631
dp: 151 685.0 4.867549668874172
fcfg: 151 695.0 5.185430463576159
dp: 165 693.0 10.56969696969697
fcfg: 165 745.0 20.703030303030303
dp: 140 667.0 6.45
fcfg: 140 671.0 8.285714285714286
dp: 146 693.0 6.945205479452055
fcfg: 146 699.0 8.746575342465754
dp: 152 672.0 6.592105263157895
fcfg: 152 669.0 11.947368421052632
dp: 151 675.0 6.768211920529802
fcfg: 151 692.0 9.754966887417218
dp: 134 682.0 4.82089552238806
fcfg: 134 685.0 4.1940298507462686
dp: 131 671.0 4.755725190839694
fcfg: 131 669.0 4.66412213740458
dp: 142 679.0 5.274647887323944
fcfg: 142 675.0 7.605633802816901
dp: 153 682.0 4.869281045751634
fcfg: 153 686.0 5.437908496732026
dp: 143 664.0 7.111888111888112
fcfg: 143 665.0 12.538461538461538
dp: 134 656.0 3.9477611940298507
fcfg: 134 667.0 4.1940298507462686
dp: 162 672.0 8.512345679012345
fcfg: 162 686.0 25.833333333333332
dp: 135 673.0 3.474074074074074
fcfg: 135 670.0 3.8444444444444446
dp: 160 671.0 10.8375
fcfg: 160 682.0 15.89375
dp: 134 661.0 3.917910447761194
fcfg: 134 659.0 7.455223880597015
dp: 155 655.0 12.625806451612902
fcfg: 155 670.0 33.38709677419355
dp: 137 677.0 8.343065693430656
fcfg: 137 679.0 10.824817518248175
dp: 159 668.0 7.9937106918239
fcfg: 159 704.0 23.10062893081761
dp: 143 679.0 4.5874125874125875
fcfg: 143 699.0 6.8321678321678325
dp: 164 682.0 8.152439024390244
fcfg: 164 678.0 12.384146341463415
dp: 173 686.0 11.22543352601156
fcfg: 173 748.0 32.27167630057804
dp: 149 669.0 6.510067114093959
fcfg: 149 671.0 8.10738255033557
dp: 144 670.0 7.493055555555555
fcfg: 144 673.0 11.097222222222221
dp: 157 661.0 10.394904458598726
fcfg: 157 694.0 24.26751592356688
dp: 173 683.0 14.427745664739884
fcfg: 173 751.0 36.60115606936416
dp: 147 672.0 6.095238095238095
fcfg: 147 687.0 12.89795918367347
dp: 153 671.0 13.261437908496733
fcfg: 153 671.0 22.535947712418302
dp: 150 682.0 5.953333333333333
fcfg: 150 686.0 5.693333333333333
dp: 137 656.0 7.386861313868613
fcfg: 137 681.0 14.138686131386862
dp: 140 662.0 5.2785714285714285
fcfg: 140 661.0 5.185714285714286
dp: 145 675.0 5.124137931034483
fcfg: 145 683.0 9.63448275862069
dp: 136 658.0 5.080882352941177
fcfg: 136 658.0 7.580882352941177
dp: 150 672.0 7.48
fcfg: 150 703.0 11.873333333333333
dp: 152 681.0 8.631578947368421
fcfg: 152 700.0 11.230263157894736
dp: 139 671.0 5.136690647482014
fcfg: 139 672.0 8.53956834532374
dp: 132 690.0 3.492424242424242
fcfg: 132 696.0 3.946969696969697
dp: 145 680.0 6.3310344827586205
fcfg: 145 695.0 7.641379310344828
dp: 141 666.0 6.460992907801418
fcfg: 141 666.0 8.326241134751774
dp: 158 657.0 9.265822784810126
fcfg: 158 689.0 30.443037974683545
dp: 161 681.0 7.931677018633541
fcfg: 161 718.0 22.049689440993788
dp: 129 671.0 4.395348837209302
fcfg: 129 670.0 4.612403100775194
dp: 153 684.0 6.705882352941177
fcfg: 153 709.0 14.352941176470589
dp: 159 677.0 9.71069182389937
fcfg: 159 704.0 14.861635220125786
dp: 145 681.0 4.289655172413793
fcfg: 145 687.0 3.910344827586207
dp: 158 679.0 10.10759493670886
fcfg: 158 689.0 11.531645569620252
dp: 148 674.0 4.20945945945946
fcfg: 148 673.0 5.574324324324325
dp: 158 674.0 7.8164556962025316
fcfg: 158 707.0 15.208860759493671
dp: 151 670.0 9.52980132450331
fcfg: 151 675.0 18.350993377483444
dp: 137 668.0 5.145985401459854
fcfg: 137 652.0 3.9708029197080292
dp: 141 675.0 7.2695035460992905
fcfg: 141 687.0 9.453900709219859
dp: 151 675.0 6.556291390728477
fcfg: 151 695.0 10.860927152317881
dp: 160 688.0 5.31875
fcfg: 160 696.0 13.0875
dp: 147 663.0 8.394557823129253
fcfg: 147 680.0 16.272108843537413
dp: 154 665.0 7.025974025974026
fcfg: 154 667.0 4.928571428571429
dp: 155 678.0 7.561290322580645
fcfg: 155 684.0 16.761290322580646
dp: 156 683.0 5.897435897435898
fcfg: 156 687.0 6.0256410256410255
dp: 145 668.0 5.76551724137931
fcfg: 145 668.0 10.303448275862069
dp: 161 675.0 9.186335403726709
fcfg: 161 681.0 10.540372670807454
dp: 168 677.0 8.767857142857142
fcfg: 168 720.0 24.523809523809526
dp: 156 684.0 5.743589743589744
fcfg: 156 696.0 10.352564102564102
dp: 154 680.0 6.207792207792208
fcfg: 154 708.0 14.902597402597403
dp: 150 693.0 5.833333333333333
fcfg: 150 693.0 3.4266666666666667
dp: 157 658.0 9.0
fcfg: 157 686.0 16.713375796178344
dp: 154 678.0 8.272727272727273
fcfg: 154 714.0 19.746753246753247
dp: 146 678.0 7.02054794520548
fcfg: 146 687.0 21.424657534246574
dp: 149 679.0 5.939597315436242
fcfg: 149 690.0 10.167785234899329
dp: 153 690.0 6.228758169934641
fcfg: 153 698.0 11.209150326797385
dp: 151 685.0 6.821192052980132
fcfg: 151 698.0 7.589403973509934
dp: 152 690.0 7.605263157894737
fcfg: 152 731.0 16.17105263157895
dp: 152 647.0 11.94078947368421
fcfg: 152 703.0 37.776315789473685
dp: 152 676.0 6.453947368421052
fcfg: 152 698.0 18.0
dp: 147 693.0 6.0
fcfg: 147 694.0 6.64625850340136
dp: 147 667.0 6.401360544217687
fcfg: 147 666.0 11.496598639455783
dp: 143 652.0 4.3426573426573425
fcfg: 143 656.0 5.230769230769231
dp: 155 669.0 8.574193548387097
fcfg: 155 680.0 10.55483870967742
dp: 146 685.0 5.972602739726027
fcfg: 146 695.0 8.904109589041095
dp: 150 652.0 5.7
fcfg: 150 652.0 8.666666666666666
dp: 157 664.0 11.97452229299363
fcfg: 157 724.0 32.64968152866242
dp: 150 655.0 6.033333333333333
fcfg: 150 664.0 9.013333333333334
dp: 144 681.0 3.4930555555555554
fcfg: 144 681.0 2.8819444444444446
dp: 152 658.0 10.894736842105264
fcfg: 152 683.0 23.42763157894737
dp: 164 679.0 8.451219512195122
fcfg: 164 728.0 22.323170731707318
dp: 149 693.0 5.208053691275167
fcfg: 149 707.0 5.657718120805369
dp: 155 681.0 4.974193548387097
fcfg: 155 691.0 12.638709677419355
dp: 151 675.0 5.503311258278146
fcfg: 151 684.0 11.47682119205298
dp: 130 661.0 4.023076923076923
fcfg: 130 660.0 7.538461538461538
dp: 146 676.0 4.890410958904109
fcfg: 146 676.0 6.061643835616438
dp: 150 675.0 5.7
fcfg: 150 673.0 9.506666666666666
dp: 150 668.0 8.366666666666667
fcfg: 150 683.0 13.066666666666666
dp: 146 673.0 5.993150684931507
fcfg: 146 680.0 6.315068493150685
dp: 150 673.0 5.953333333333333
fcfg: 150 679.0 10.813333333333333
dp: 130 666.0 3.723076923076923
fcfg: 130 661.0 5.676923076923077
dp: 158 677.0 7.2215189873417724
fcfg: 158 700.0 13.031645569620252
dp: 161 699.0 11.84472049689441
fcfg: 161 754.0 20.322981366459626
dp: 129 664.0 2.86046511627907
fcfg: 129 667.0 2.186046511627907
dp: 152 672.0 6.6381578947368425
fcfg: 152 692.0 9.414473684210526
dp: 157 681.0 9.936305732484076
fcfg: 157 708.0 24.75796178343949
dp: 149 664.0 10.604026845637584
fcfg: 149 687.0 19.409395973154364
dp: 159 710.0 10.10691823899371
fcfg: 159 727.0 13.320754716981131
dp: 141 671.0 3.6382978723404253
fcfg: 141 678.0 2.6879432624113475
dp: 150 682.0 9.306666666666667
fcfg: 150 689.0 9.306666666666667
dp: 143 658.0 6.545454545454546
fcfg: 143 667.0 10.272727272727273
dp: 157 687.0 6.738853503184713
fcfg: 157 718.0 10.777070063694268
dp: 158 667.0 8.20253164556962
fcfg: 158 694.0 16.075949367088608
dp: 161 675.0 13.596273291925465
fcfg: 161 722.0 24.63975155279503
dp: 132 662.0 3.7954545454545454
fcfg: 132 662.0 5.045454545454546
dp: 128 663.0 3.2578125
fcfg: 128 668.0 5.2578125
dp: 146 678.0 6.534246575342466
fcfg: 146 678.0 10.520547945205479
dp: 156 671.0 8.987179487179487
fcfg: 156 693.0 20.647435897435898
dp: 149 682.0 6.429530201342282
fcfg: 149 688.0 6.120805369127517
dp: 139 669.0 5.0071942446043165
fcfg: 139 666.0 5.244604316546763
dp: 150 673.0 9.613333333333333
fcfg: 150 679.0 16.606666666666666
dp: 167 689.0 8.916167664670658
fcfg: 167 726.0 29.880239520958085
dp: 149 684.0 6.208053691275167
fcfg: 149 691.0 18.100671140939596
dp: 156 677.0 8.474358974358974
fcfg: 156 694.0 13.948717948717949
dp: 158 680.0 8.10126582278481
fcfg: 158 701.0 14.050632911392405
dp: 145 676.0 4.068965517241379
fcfg: 145 689.0 5.489655172413793
dp: 146 685.0 6.815068493150685
fcfg: 146 697.0 8.732876712328768
dp: 149 687.0 4.563758389261745
fcfg: 149 687.0 12.825503355704697
dp: 167 687.0 9.544910179640718
fcfg: 167 729.0 18.431137724550897
dp: 141 672.0 4.397163120567376
fcfg: 141 678.0 5.177304964539007
dp: 146 688.0 6.527397260273973
fcfg: 146 685.0 10.602739726027398
dp: 149 666.0 5.140939597315437
fcfg: 149 676.0 10.644295302013424
dp: 144 656.0 5.347222222222222
fcfg: 144 656.0 5.6875
dp: 152 656.0 5.368421052631579
fcfg: 152 664.0 10.585526315789474
dp: 137 673.0 3.2262773722627736
fcfg: 137 672.0 3.576642335766423
dp: 122 653.0 3.8934426229508197
fcfg: 122 653.0 4.237704918032787
dp: 135 667.0 4.014814814814815
fcfg: 135 664.0 4.9037037037037035
dp: 146 673.0 8.561643835616438
fcfg: 146 709.0 24.006849315068493
dp: 166 660.0 11.078313253012048
fcfg: 166 674.0 25.180722891566266
dp: 126 662.0 2.2857142857142856
fcfg: 126 669.0 2.357142857142857
dp: 161 666.0 8.695652173913043
fcfg: 161 716.0 16.695652173913043
dp: 158 678.0 7.962025316455696
fcfg: 158 714.0 13.550632911392405
dp: 152 665.0 9.967105263157896
fcfg: 152 694.0 17.342105263157894
dp: 155 661.0 6.645161290322581
fcfg: 155 666.0 10.916129032258064
dp: 137 665.0 4.583941605839416
fcfg: 137 665.0 6.554744525547445
dp: 133 660.0 4.172932330827067
fcfg: 133 660.0 4.834586466165414
dp: 137 688.0 5.795620437956204
fcfg: 137 690.0 7.423357664233577
dp: 142 658.0 4.345070422535211
fcfg: 142 662.0 10.880281690140846
dp: 172 697.0 10.773255813953488
fcfg: 172 774.0 32.74418604651163
dp: 130 660.0 5.269230769230769
fcfg: 130 660.0 8.6
dp: 153 685.0 6.588235294117647
fcfg: 153 700.0 9.549019607843137
dp: 156 672.0 8.423076923076923
fcfg: 156 716.0 18.307692307692307
dp: 163 683.0 9.030674846625766
fcfg: 163 741.0 32.668711656441715
dp: 145 676.0 4.558620689655172
fcfg: 145 697.0 4.731034482758621
dp: 130 678.0 5.976923076923077
fcfg: 130 678.0 6.3538461538461535
dp: 160 686.0 8.8875
fcfg: 160 700.0 13.0625
dp: 153 680.0 4.738562091503268
fcfg: 153 692.0 11.326797385620916
dp: 153 684.0 6.215686274509804
fcfg: 153 706.0 9.594771241830065
dp: 154 697.0 8.551948051948052
fcfg: 154 740.0 14.863636363636363
dp: 151 675.0 7.172185430463577
fcfg: 151 671.0 8.37748344370861
dp: 140 659.0 5.014285714285714
fcfg: 140 659.0 12.735714285714286
dp: 160 671.0 9.6
fcfg: 160 687.0 15.1
dp: 145 685.0 5.917241379310345
fcfg: 145 695.0 12.420689655172414
dp: 151 664.0 6.172185430463577
fcfg: 151 685.0 12.33774834437086
dp: 144 666.0 5.486111111111111
fcfg: 144 673.0 9.354166666666666
dp: 141 671.0 5.666666666666667
fcfg: 141 673.0 10.191489361702128
dp: 148 679.0 4.54054054054054
fcfg: 148 692.0 7.141891891891892
dp: 159 674.0 8.270440251572326
fcfg: 159 701.0 24.90566037735849
dp: 149 681.0 6.87248322147651
fcfg: 149 677.0 7.644295302013423
dp: 163 675.0 11.208588957055214
fcfg: 163 718.0 24.809815950920246
dp: 133 649.0 4.2180451127819545
fcfg: 133 649.0 5.285714285714286
dp: 146 685.0 5.986301369863014
fcfg: 146 697.0 13.04109589041096
dp: 160 683.0 8.8625
fcfg: 160 720.0 20.15
dp: 158 671.0 10.234177215189874
fcfg: 158 683.0 12.848101265822784
dp: 149 673.0 5.624161073825503
fcfg: 149 673.0 5.570469798657718
dp: 150 675.0 7.706666666666667
fcfg: 150 674.0 10.686666666666667
dp: 147 685.0 4.319727891156463
fcfg: 147 694.0 5.319727891156463
dp: 135 650.0 6.296296296296297
fcfg: 135 652.0 9.207407407407407
dp: 146 674.0 4.712328767123288
fcfg: 146 673.0 8.17123287671233
dp: 138 661.0 9.195652173913043
fcfg: 138 678.0 17.630434782608695
dp: 152 694.0 5.671052631578948
fcfg: 152 723.0 8.953947368421053
dp: 163 676.0 7.828220858895706
fcfg: 163 721.0 20.0
dp: 166 673.0 9.283132530120483
fcfg: 166 714.0 22.50602409638554
dp: 146 688.0 8.993150684931507
fcfg: 146 733.0 15.520547945205479
dp: 155 677.0 7.7935483870967746
fcfg: 155 711.0 13.219354838709677
dp: 150 670.0 10.173333333333334
fcfg: 150 715.0 18.813333333333333
dp: 140 672.0 5.6
fcfg: 140 677.0 5.6571428571428575
dp: 145 677.0 8.827586206896552
fcfg: 145 677.0 11.606896551724137
dp: 156 677.0 8.012820512820513
fcfg: 156 680.0 13.14102564102564
dp: 141 652.0 4.177304964539007
fcfg: 141 652.0 4.914893617021277
dp: 156 693.0 7.576923076923077
fcfg: 156 715.0 11.134615384615385
dp: 148 666.0 8.0
fcfg: 148 705.0 16.58108108108108
dp: 173 701.0 18.387283236994218
fcfg: 173 791.0 48.959537572254334
dp: 156 680.0 6.153846153846154
fcfg: 156 701.0 8.429487179487179
dp: 130 684.0 3.269230769230769
fcfg: 130 688.0 3.4846153846153847
dp: 134 658.0 4.007462686567164
fcfg: 134 655.0 4.746268656716418
dp: 169 696.0 7.562130177514793
fcfg: 169 724.0 10.887573964497042
dp: 155 684.0 7.412903225806452
fcfg: 155 693.0 10.980645161290322
dp: 160 680.0 9.5375
fcfg: 160 719.0 21.53125
dp: 134 662.0 2.888059701492537
fcfg: 134 661.0 3.388059701492537
dp: 152 666.0 6.697368421052632
fcfg: 152 687.0 11.664473684210526
dp: 149 667.0 7.550335570469799
fcfg: 149 674.0 10.389261744966444
dp: 161 670.0 11.149068322981366
fcfg: 161 719.0 29.77639751552795
dp: 175 702.0 14.851428571428572
fcfg: 175 771.0 26.765714285714285
dp: 164 686.0 9.432926829268293
fcfg: 164 723.0 24.932926829268293
dp: 150 670.0 7.466666666666667
fcfg: 150 671.0 11.246666666666666
dp: 131 675.0 3.8244274809160306
fcfg: 131 679.0 4.572519083969466
dp: 153 672.0 7.69281045751634
fcfg: 153 685.0 14.718954248366012
dp: 159 679.0 8.433962264150944
fcfg: 159 708.0 23.08805031446541
dp: 145 678.0 6.489655172413793
fcfg: 145 705.0 12.337931034482759
dp: 148 678.0 6.29054054054054
fcfg: 148 673.0 9.445945945945946
dp: 156 675.0 7.743589743589744
fcfg: 156 687.0 12.256410256410257
dp: 169 685.0 12.005917159763314
fcfg: 169 758.0 30.62721893491124
dp: 154 677.0 8.571428571428571
fcfg: 154 700.0 20.149350649350648
dp: 167 689.0 11.317365269461078
fcfg: 167 720.0 25.473053892215567
dp: 170 682.0 14.652941176470588
fcfg: 170 739.0 34.1764705882353
dp: 140 667.0 4.878571428571429
fcfg: 140 661.0 7.821428571428571
dp: 137 668.0 4.08029197080292
fcfg: 137 667.0 3.2627737226277373
dp: 129 666.0 2.7286821705426356
fcfg: 129 671.0 2.9844961240310077
dp: 149 700.0 7.241610738255034
fcfg: 149 719.0 10.63758389261745
dp: 143 663.0 5.384615384615385
fcfg: 143 661.0 9.223776223776223
dp: 140 673.0 4.235714285714286
fcfg: 140 679.0 4.807142857142857
dp: 141 663.0 6.382978723404255
fcfg: 141 665.0 11.078014184397164
dp: 144 672.0 4.861111111111111
fcfg: 144 674.0 6.680555555555555
dp: 155 674.0 12.67741935483871
fcfg: 155 709.0 21.92258064516129
dp: 163 679.0 7.539877300613497
fcfg: 163 691.0 24.66871165644172
dp: 145 678.0 3.703448275862069
fcfg: 145 679.0 5.041379310344827
dp: 158 660.0 7.848101265822785
fcfg: 158 679.0 17.71518987341772
dp: 128 666.0 4.2265625
fcfg: 128 670.0 6.484375
dp: 160 673.0 7.975
fcfg: 160 712.0 16.25625
dp: 139 675.0 4.9928057553956835
fcfg: 139 681.0 4.179856115107913
dp: 183 694.0 14.448087431693988
fcfg: 183 774.0 40.95628415300546
dp: 151 661.0 5.596026490066225
fcfg: 151 669.0 9.993377483443709
dp: 155 678.0 6.870967741935484
fcfg: 155 712.0 12.580645161290322
dp: 148 687.0 6.0608108108108105
fcfg: 148 687.0 12.594594594594595
dp: 131 669.0 3.969465648854962
fcfg: 131 671.0 4.984732824427481
dp: 129 661.0 4.341085271317829
fcfg: 129 661.0 6.5813953488372094
dp: 172 680.0 14.686046511627907
fcfg: 172 745.0 40.11046511627907
dp: 139 663.0 2.949640287769784
fcfg: 139 669.0 4.345323741007194
dp: 136 672.0 3.3455882352941178
fcfg: 136 667.0 4.088235294117647
dp: 153 694.0 7.124183006535947
fcfg: 153 710.0 15.202614379084967
dp: 168 688.0 10.083333333333334
fcfg: 168 749.0 23.351190476190474
dp: 160 682.0 6.6
fcfg: 160 696.0 9.69375
dp: 159 689.0 9.635220125786164
fcfg: 159 703.0 11.371069182389936
dp: 149 682.0 6.12751677852349
fcfg: 149 701.0 9.671140939597315
dp: 157 681.0 7.248407643312102
fcfg: 157 688.0 16.554140127388536
dp: 166 667.0 9.825301204819278
fcfg: 166 747.0 39.87951807228916
dp: 141 664.0 3.9645390070921986
fcfg: 141 660.0 3.276595744680851
dp: 145 706.0 6.689655172413793
fcfg: 145 728.0 7.289655172413793
dp: 137 650.0 4.635036496350365
fcfg: 137 650.0 6.905109489051095
dp: 162 687.0 7.3765432098765435
fcfg: 162 706.0 16.54320987654321
dp: 164 666.0 9.201219512195122
fcfg: 164 735.0 32.59756097560975
dp: 153 678.0 8.666666666666666
fcfg: 153 694.0 14.437908496732026
dp: 152 675.0 6.625
fcfg: 152 702.0 17.763157894736842
dp: 140 685.0 5.521428571428571
fcfg: 140 685.0 6.242857142857143
dp: 142 672.0 6.161971830985915
fcfg: 142 665.0 5.908450704225352
dp: 182 689.0 19.087912087912088
fcfg: 182 790.0 37.88461538461539
dp: 150 694.0 7.34
fcfg: 150 694.0 6.66
dp: 132 648.0 4.681818181818182
fcfg: 132 651.0 5.136363636363637
dp: 151 673.0 10.37748344370861
fcfg: 151 677.0 26.655629139072847
dp: 158 665.0 9.158227848101266
fcfg: 158 697.0 19.89873417721519
dp: 143 652.0 8.272727272727273
fcfg: 143 668.0 13.972027972027972
dp: 165 683.0 11.896969696969697
fcfg: 165 752.0 31.684848484848484
dp: 161 687.0 10.0
fcfg: 161 730.0 23.838509316770185
dp: 135 649.0 2.4592592592592593
fcfg: 135 649.0 2.4
dp: 154 683.0 4.461038961038961
fcfg: 154 687.0 5.8441558441558445
dp: 137 663.0 5.313868613138686
fcfg: 137 666.0 7.204379562043796
dp: 163 688.0 9.49079754601227
fcfg: 163 726.0 17.631901840490798
dp: 147 675.0 9.63265306122449
fcfg: 147 676.0 11.081632653061224
dp: 153 670.0 7.901960784313726
fcfg: 153 693.0 14.777777777777779
dp: 150 684.0 6.6
fcfg: 150 690.0 7.593333333333334
dp: 128 672.0 1.90625
fcfg: 128 670.0 1.6796875
dp: 163 678.0 8.871165644171779
fcfg: 163 713.0 22.56441717791411
dp: 144 664.0 3.3055555555555554
fcfg: 144 674.0 6.222222222222222
dp: 138 680.0 5.442028985507246
fcfg: 138 678.0 8.13768115942029
dp: 140 670.0 6.485714285714286
fcfg: 140 667.0 9.07857142857143
dp: 145 672.0 6.813793103448276
fcfg: 145 672.0 10.958620689655172
dp: 170 679.0 13.394117647058824
fcfg: 170 731.0 25.488235294117647
dp: 146 671.0 5.075342465753424
fcfg: 146 677.0 9.472602739726028
dp: 152 653.0 8.888157894736842
fcfg: 152 662.0 13.467105263157896
dp: 161 673.0 10.596273291925465
fcfg: 161 693.0 17.248447204968944
dp: 153 674.0 7.633986928104576
fcfg: 153 698.0 14.980392156862745
dp: 157 674.0 8.363057324840764
fcfg: 157 729.0 24.62420382165605
dp: 138 674.0 4.1231884057971016
fcfg: 138 690.0 6.608695652173913
dp: 167 680.0 14.544910179640718
fcfg: 167 760.0 40.449101796407184
dp: 148 679.0 5.331081081081081
fcfg: 148 684.0 6.304054054054054
dp: 143 656.0 5.699300699300699
fcfg: 143 666.0 7.965034965034965
dp: 125 660.0 3.688
fcfg: 125 662.0 3.776
dp: 160 666.0 14.15
fcfg: 160 738.0 30.08125
dp: 138 654.0 5.507246376811594
fcfg: 138 654.0 7.434782608695652
dp: 153 677.0 4.967320261437909
fcfg: 153 682.0 11.418300653594772
dp: 144 673.0 7.555555555555555
fcfg: 144 692.0 12.9375
dp: 149 690.0 5.597315436241611
fcfg: 149 712.0 8.778523489932885
dp: 156 680.0 8.096153846153847
fcfg: 156 693.0 10.705128205128204
dp: 129 676.0 4.589147286821706
fcfg: 129 678.0 5.015503875968992
dp: 162 678.0 10.685185185185185
fcfg: 162 735.0 31.90740740740741
dp: 159 680.0 8.654088050314465
fcfg: 159 716.0 19.80503144654088
dp: 146 673.0 7.109589041095891
fcfg: 146 687.0 16.15753424657534
dp: 159 656.0 12.88679245283019
fcfg: 159 700.0 20.20125786163522
dp: 155 675.0 8.148387096774194
fcfg: 155 715.0 16.496774193548386
dp: 161 682.0 7.900621118012422
fcfg: 161 699.0 16.453416149068325
dp: 155 680.0 6.748387096774193
fcfg: 155 684.0 8.393548387096773
dp: 128 672.0 3.546875
fcfg: 128 676.0 2.3125
dp: 153 680.0 6.718954248366013
fcfg: 153 691.0 9.61437908496732
dp: 141 672.0 8.950354609929079
fcfg: 141 683.0 12.893617021276595
dp: 173 695.0 9.635838150289016
fcfg: 173 734.0 17.91907514450867
dp: 171 696.0 13.900584795321638
fcfg: 171 754.0 25.093567251461987
dp: 160 683.0 9.93125
fcfg: 160 718.0 35.68125
dp: 148 699.0 6.925675675675675
fcfg: 148 718.0 6.648648648648648
dp: 159 677.0 13.08805031446541
fcfg: 159 732.0 22.42138364779874
dp: 163 679.0 11.92638036809816
fcfg: 163 762.0 36.625766871165645
dp: 140 678.0 4.457142857142857
fcfg: 140 688.0 5.7214285714285715
dp: 159 689.0 6.855345911949685
fcfg: 159 715.0 12.641509433962264
dp: 144 664.0 8.875
fcfg: 144 663.0 15.104166666666666
dp: 139 669.0 4.179856115107913
fcfg: 139 672.0 4.899280575539568
dp: 139 674.0 5.374100719424461
fcfg: 139 687.0 7.273381294964029
