dp: 245 1054.0 3.5020408163265304
fcfg: 245 1054.0 2.6244897959183673
dp: 250 1059.0 2.552
fcfg: 250 1064.0 3.22
dp: 255 1053.0 6.992156862745098
fcfg: 255 1053.0 4.874509803921568
dp: 226 1057.0 2.566371681415929
fcfg: 226 1057.0 1.8407079646017699
dp: 230 1067.0 2.239130434782609
fcfg: 230 1064.0 2.234782608695652
dp: 244 1053.0 4.475409836065574
fcfg: 244 1051.0 2.7581967213114753
dp: 236 1065.0 2.1822033898305087
fcfg: 236 1065.0 2.6652542372881354
dp: 225 1055.0 1.471111111111111
fcfg: 225 1056.0 1.9244444444444444
dp: 246 1060.0 6.382113821138211
fcfg: 246 1065.0 6.869918699186992
dp: 246 1065.0 1.7357723577235773
fcfg: 246 1065.0 2.0609756097560976
dp: 248 1068.0 5.866935483870968
fcfg: 248 1074.0 5.423387096774194
dp: 232 1060.0 4.426724137931035
fcfg: 232 1064.0 3.2758620689655173
dp: 232 1044.0 1.5646551724137931
fcfg: 232 1044.0 1.1724137931034482
dp: 235 1082.0 3.978723404255319
fcfg: 235 1075.0 3.0170212765957447
dp: 268 1071.0 12.552238805970148
fcfg: 268 1070.0 7.615671641791045
dp: 267 1068.0 5.449438202247191
fcfg: 267 1072.0 5.928838951310861
dp: 261 1083.0 7.153256704980843
fcfg: 261 1082.0 6.78544061302682
dp: 258 1074.0 3.546511627906977
fcfg: 258 1074.0 3.8449612403100777
dp: 275 1110.0 7.549090909090909
fcfg: 275 1118.0 6.88
dp: 221 1065.0 0.9728506787330317
fcfg: 221 1065.0 0.7285067873303167
dp: 242 1077.0 3.475206611570248
fcfg: 242 1082.0 2.756198347107438
dp: 260 1067.0 4.842307692307692
fcfg: 260 1067.0 5.6692307692307695
dp: 257 1076.0 6.1050583657587545
fcfg: 257 1076.0 3.6108949416342413
dp: 266 1070.0 2.2518796992481205
fcfg: 266 1070.0 2.887218045112782
dp: 270 1064.0 10.544444444444444
fcfg: 270 1066.0 8.762962962962963
dp: 273 1081.0 7.417582417582418
fcfg: 273 1075.0 4.278388278388278
dp: 236 1075.0 4.4576271186440675
fcfg: 236 1084.0 2.707627118644068
dp: 246 1058.0 4.414634146341464
fcfg: 246 1058.0 3.7560975609756095
dp: 273 1073.0 6.512820512820513
fcfg: 273 1084.0 8.494505494505495
dp: 240 1078.0 2.441666666666667
fcfg: 240 1074.0 2.4458333333333333
dp: 241 1060.0 3.04149377593361
fcfg: 241 1060.0 3.912863070539419
dp: 222 1065.0 4.175675675675675
fcfg: 222 1062.0 3.2387387387387387
dp: 247 1074.0 2.8582995951417005
fcfg: 247 1070.0 4.040485829959514
dp: 277 1104.0 5.913357400722021
fcfg: 277 1140.0 8.148014440433213
dp: 240 1057.0 3.8958333333333335
fcfg: 240 1056.0 3.375
dp: 261 1115.0 8.402298850574713
fcfg: 261 1101.0 4.731800766283525
dp: 255 1081.0 7.0588235294117645
fcfg: 255 1064.0 3.235294117647059
dp: 259 1090.0 4.312741312741313
fcfg: 259 1072.0 3.5752895752895753
dp: 244 1051.0 2.430327868852459
fcfg: 244 1051.0 1.9631147540983607
dp: 255 1065.0 10.298039215686275
fcfg: 255 1065.0 6.2784313725490195
dp: 241 1064.0 3.1825726141078836
fcfg: 241 1064.0 2.3651452282157677
dp: 241 1078.0 1.1908713692946058
fcfg: 241 1077.0 0.7385892116182573
dp: 247 1056.0 7.449392712550607
fcfg: 247 1056.0 5.813765182186235
dp: 239 1064.0 7.552301255230126
fcfg: 239 1064.0 4.347280334728033
dp: 262 1097.0 5.534351145038168
fcfg: 262 1085.0 4.034351145038168
dp: 247 1056.0 3.534412955465587
fcfg: 247 1056.0 2.8421052631578947
dp: 243 1079.0 4.8312757201646095
fcfg: 243 1082.0 3.234567901234568
dp: 247 1048.0 3.8785425101214575
fcfg: 247 1048.0 4.955465587044534
dp: 245 1060.0 3.1877551020408164
fcfg: 245 1060.0 3.8979591836734695
dp: 246 1053.0 5.459349593495935
fcfg: 246 1054.0 3.772357723577236
dp: 233 1070.0 1.7296137339055795
fcfg: 233 1067.0 1.8369098712446352
dp: 262 1077.0 9.477099236641221
fcfg: 262 1079.0 5.2251908396946565
dp: 251 1066.0 3.4741035856573705
fcfg: 251 1066.0 3.5338645418326693
dp: 254 1065.0 5.133858267716535
fcfg: 254 1065.0 3.8622047244094486
dp: 277 1068.0 9.465703971119133
fcfg: 277 1076.0 5.898916967509026
dp: 259 1070.0 7.625482625482626
fcfg: 259 1075.0 3.772200772200772
dp: 239 1094.0 3.1046025104602513
fcfg: 239 1089.0 2.715481171548117
dp: 230 1053.0 2.734782608695652
fcfg: 230 1057.0 2.739130434782609
dp: 247 1062.0 6.65587044534413
fcfg: 247 1062.0 5.008097165991903
dp: 240 1065.0 6.85
fcfg: 240 1065.0 4.945833333333334
dp: 262 1075.0 5.942748091603053
fcfg: 262 1075.0 3.7519083969465647
dp: 252 1068.0 2.884920634920635
fcfg: 252 1076.0 2.8095238095238093
dp: 257 1077.0 7.124513618677042
fcfg: 257 1077.0 6.159533073929961
dp: 249 1069.0 1.7951807228915662
fcfg: 249 1062.0 1.6666666666666667
dp: 260 1076.0 7.157692307692308
fcfg: 260 1080.0 3.65
dp: 227 1063.0 3.3083700440528636
fcfg: 227 1061.0 3.60352422907489
dp: 258 1077.0 3.4806201550387597
fcfg: 258 1077.0 3.5310077519379846
dp: 256 1079.0 4.125
fcfg: 256 1079.0 4.46875
dp: 255 1063.0 7.105882352941176
fcfg: 255 1063.0 6.992156862745098
dp: 267 1062.0 10.827715355805243
fcfg: 267 1062.0 9.47940074906367
dp: 254 1064.0 6.425196850393701
fcfg: 254 1066.0 3.7440944881889764
dp: 260 1073.0 8.25
fcfg: 260 1073.0 4.653846153846154
dp: 209 1061.0 1.430622009569378
fcfg: 209 1061.0 1.7320574162679425
dp: 250 1076.0 7.996
fcfg: 250 1074.0 4.148
dp: 236 1071.0 2.156779661016949
fcfg: 236 1071.0 2.3516949152542375
dp: 246 1059.0 10.0
fcfg: 246 1059.0 3.686991869918699
dp: 255 1066.0 5.227450980392157
fcfg: 255 1066.0 3.7529411764705882
dp: 250 1079.0 5.448
fcfg: 250 1079.0 4.42
dp: 222 1075.0 1.972972972972973
fcfg: 222 1075.0 1.563063063063063
dp: 238 1069.0 3.8907563025210083
fcfg: 238 1073.0 3.365546218487395
dp: 246 1063.0 2.508130081300813
fcfg: 246 1063.0 2.1707317073170733
dp: 230 1056.0 1.5869565217391304
fcfg: 230 1056.0 1.4652173913043478
dp: 249 1049.0 6.811244979919679
fcfg: 249 1049.0 9.409638554216867
dp: 280 1103.0 13.864285714285714
fcfg: 280 1099.0 11.821428571428571
dp: 261 1071.0 9.89655172413793
fcfg: 261 1071.0 5.827586206896552
dp: 242 1067.0 2.1322314049586777
fcfg: 242 1067.0 4.553719008264463
dp: 255 1063.0 6.9372549019607845
fcfg: 255 1063.0 5.270588235294118
dp: 252 1095.0 3.3492063492063493
fcfg: 252 1080.0 2.1865079365079363
dp: 235 1065.0 3.4851063829787234
fcfg: 235 1072.0 3.246808510638298
dp: 246 1060.0 3.2357723577235773
fcfg: 246 1060.0 3.8292682926829267
dp: 244 1068.0 2.7295081967213113
fcfg: 244 1068.0 2.209016393442623
dp: 246 1075.0 3.9146341463414633
fcfg: 246 1083.0 3.630081300813008
dp: 264 1087.0 6.303030303030303
fcfg: 264 1088.0 4.829545454545454
dp: 236 1057.0 2.559322033898305
fcfg: 236 1057.0 2.6440677966101696
dp: 237 1062.0 2.4050632911392404
fcfg: 237 1062.0 2.5358649789029535
dp: 229 1054.0 2.3187772925764194
fcfg: 229 1054.0 1.9039301310043668
dp: 247 1062.0 5.437246963562753
fcfg: 247 1054.0 3.923076923076923
dp: 239 1058.0 5.422594142259414
fcfg: 239 1058.0 3.0376569037656904
dp: 270 1061.0 9.892592592592592
fcfg: 270 1061.0 10.403703703703703
dp: 234 1058.0 1.8205128205128205
fcfg: 234 1061.0 2.1452991452991452
