dp: 424 1161.0 43.719339622641506
fcfg: 424 1289.0 100.20518867924528
dp: 391 1115.0 26.611253196930946
fcfg: 391 1231.0 79.2762148337596
dp: 392 1138.0 32.41581632653061
fcfg: 392 1244.0 80.30867346938776
dp: 437 1193.0 50.98855835240275
fcfg: 437 1244.0 87.1395881006865
dp: 410 1143.0 38.11219512195122
fcfg: 410 1240.0 67.73170731707317
dp: 368 1115.0 22.589673913043477
fcfg: 368 1270.0 71.0679347826087
dp: 388 1117.0 30.417525773195877
fcfg: 388 1185.0 55.5180412371134
dp: 426 1178.0 53.36150234741784
fcfg: 426 1203.0 89.16431924882629
dp: 379 1127.0 28.815303430079155
fcfg: 379 1163.0 55.52506596306068
dp: 414 1138.0 44.03864734299517
fcfg: 414 1177.0 59.48067632850242
dp: 422 1138.0 45.007109004739334
fcfg: 422 1196.0 68.49289099526067
dp: 359 1128.0 26.98050139275766
fcfg: 359 1166.0 41.4791086350975
dp: 390 1119.0 30.715384615384615
fcfg: 390 1190.0 64.12820512820512
dp: 424 1163.0 44.740566037735846
fcfg: 424 1193.0 68.14622641509433
dp: 416 1158.0 39.75721153846154
fcfg: 416 1205.0 67.92307692307692
dp: 431 1179.0 55.30626450116009
fcfg: 431 1201.0 57.812064965197216
dp: 405 1128.0 37.8962962962963
fcfg: 405 1182.0 70.47407407407407
dp: 396 1110.0 33.361111111111114
fcfg: 396 1211.0 74.10606060606061
dp: 375 1118.0 26.432
fcfg: 375 1236.0 69.40266666666666
dp: 403 1121.0 35.421836228287845
fcfg: 403 1174.0 60.03970223325062
dp: 420 1162.0 41.18333333333333
fcfg: 420 1236.0 78.0
dp: 415 1141.0 35.1855421686747
fcfg: 415 1202.0 74.95180722891567
dp: 399 1124.0 39.796992481203006
fcfg: 399 1195.0 73.65914786967419
dp: 402 1133.0 39.62189054726368
fcfg: 402 1180.0 67.5049751243781
dp: 364 1111.0 24.22252747252747
fcfg: 364 1243.0 61.7967032967033
dp: 408 1148.0 31.764705882352942
fcfg: 408 1187.0 66.87009803921569
dp: 385 1112.0 31.714285714285715
fcfg: 385 1190.0 65.42597402597403
dp: 404 1115.0 37.84653465346535
fcfg: 404 1178.0 62.93564356435643
dp: 404 1147.0 38.33910891089109
fcfg: 404 1254.0 77.57178217821782
dp: 385 1120.0 28.233766233766232
fcfg: 385 1178.0 55.01298701298701
dp: 423 1194.0 42.59574468085106
fcfg: 423 1213.0 72.50591016548464
dp: 440 1214.0 60.36818181818182
fcfg: 440 1249.0 77.21818181818182
dp: 405 1130.0 31.664197530864197
fcfg: 405 1234.0 68.54074074074074
dp: 394 1132.0 34.20558375634518
fcfg: 394 1174.0 58.80964467005076
dp: 399 1126.0 31.50125313283208
fcfg: 399 1185.0 68.90225563909775
dp: 399 1139.0 30.68922305764411
fcfg: 399 1261.0 64.81954887218045
dp: 406 1133.0 38.87192118226601
fcfg: 406 1249.0 67.93596059113301
dp: 419 1203.0 41.369928400954656
fcfg: 419 1205.0 63.42959427207637
dp: 373 1117.0 24.37265415549598
fcfg: 373 1242.0 62.075067024128685
dp: 395 1112.0 33.36455696202532
fcfg: 395 1175.0 76.55696202531645
dp: 391 1106.0 34.0383631713555
fcfg: 391 1169.0 57.56265984654731
dp: 379 1136.0 28.564643799472297
fcfg: 379 1255.0 53.06068601583114
dp: 388 1107.0 36.23969072164948
fcfg: 388 1180.0 74.17268041237114
dp: 396 1153.0 31.522727272727273
fcfg: 396 1180.0 56.025252525252526
dp: 442 1164.0 54.502262443438916
fcfg: 442 1275.0 72.80090497737557
dp: 400 1118.0 33.045
fcfg: 400 1205.0 60.325
dp: 429 1196.0 42.354312354312356
fcfg: 429 1206.0 73.14219114219114
dp: 407 1154.0 32.03685503685504
fcfg: 407 1212.0 86.60442260442261
dp: 404 1145.0 31.997524752475247
fcfg: 404 1204.0 63.353960396039604
dp: 380 1129.0 31.33421052631579
fcfg: 380 1240.0 59.35
dp: 402 1135.0 39.74129353233831
fcfg: 402 1156.0 63.65422885572139
dp: 409 1126.0 38.87530562347188
fcfg: 409 1223.0 89.56723716381418
dp: 400 1128.0 33.3775
fcfg: 400 1160.0 62.4025
dp: 429 1176.0 39.55244755244755
fcfg: 429 1253.0 95.87179487179488
dp: 369 1113.0 25.398373983739837
fcfg: 369 1167.0 47.24119241192412
dp: 409 1140.0 36.86063569682152
fcfg: 409 1228.0 63.62102689486552
dp: 400 1126.0 39.4525
fcfg: 400 1177.0 71.1175
dp: 403 1151.0 35.61786600496278
fcfg: 403 1202.0 69.04714640198512
dp: 370 1163.0 32.432432432432435
fcfg: 370 1194.0 41.15675675675676
dp: 399 1134.0 33.03007518796993
fcfg: 399 1214.0 80.85964912280701
dp: 404 1140.0 34.027227722772274
fcfg: 404 1231.0 61.18564356435643
dp: 378 1117.0 31.084656084656086
fcfg: 378 1226.0 71.22751322751323
dp: 395 1128.0 30.534177215189874
fcfg: 395 1251.0 71.9873417721519
dp: 384 1122.0 26.1484375
fcfg: 384 1198.0 74.67447916666667
dp: 429 1157.0 46.99300699300699
fcfg: 429 1194.0 81.93473193473193
dp: 400 1122.0 34.0925
fcfg: 400 1180.0 65.5125
dp: 391 1144.0 31.554987212276213
fcfg: 391 1245.0 68.57033248081841
dp: 414 1127.0 45.49516908212561
fcfg: 414 1206.0 82.31642512077295
dp: 409 1150.0 35.770171149144254
fcfg: 409 1164.0 67.29828850855746
dp: 400 1121.0 38.88
fcfg: 400 1263.0 84.5275
dp: 425 1159.0 42.84235294117647
fcfg: 425 1275.0 83.98117647058824
dp: 396 1147.0 33.83585858585859
fcfg: 396 1214.0 54.04040404040404
dp: 374 1085.0 28.879679144385026
fcfg: 374 1185.0 63.51604278074866
dp: 407 1138.0 41.646191646191646
fcfg: 407 1248.0 64.8009828009828
dp: 381 1104.0 27.078740157480315
fcfg: 381 1223.0 78.1732283464567
dp: 393 1148.0 29.97201017811705
fcfg: 393 1200.0 77.22900763358778
dp: 430 1175.0 50.1
fcfg: 430 1184.0 77.91162790697675
dp: 385 1131.0 30.025974025974026
fcfg: 385 1182.0 67.25194805194805
dp: 402 1134.0 34.6044776119403
fcfg: 402 1184.0 72.47014925373135
dp: 390 1111.0 38.42051282051282
fcfg: 390 1178.0 63.4
dp: 374 1106.0 23.50802139037433
fcfg: 374 1240.0 71.1711229946524
dp: 439 1175.0 49.30979498861048
fcfg: 439 1251.0 66.8132118451025
dp: 382 1118.0 26.921465968586386
fcfg: 382 1189.0 61.654450261780106
dp: 385 1106.0 30.45194805194805
fcfg: 385 1160.0 62.58181818181818
dp: 405 1150.0 33.68888888888889
fcfg: 405 1178.0 59.175308641975306
dp: 396 1131.0 35.80555555555556
fcfg: 396 1194.0 70.70454545454545
dp: 378 1129.0 24.224867724867725
fcfg: 378 1240.0 67.01587301587301
dp: 391 1134.0 30.95140664961637
fcfg: 391 1175.0 64.98721227621483
dp: 425 1160.0 44.55764705882353
fcfg: 425 1248.0 66.39058823529412
dp: 380 1092.0 30.142105263157895
fcfg: 380 1231.0 79.07105263157895
dp: 378 1116.0 28.764550264550266
fcfg: 378 1159.0 70.16137566137566
dp: 413 1140.0 39.590799031477
fcfg: 413 1253.0 85.68765133171912
dp: 401 1150.0 30.27930174563591
fcfg: 401 1181.0 71.34663341645886
dp: 365 1113.0 25.70958904109589
fcfg: 365 1257.0 77.10958904109589
dp: 402 1118.0 31.333333333333332
fcfg: 402 1214.0 77.75373134328358
dp: 400 1120.0 37.09
fcfg: 400 1228.0 86.27
dp: 418 1174.0 39.48086124401914
fcfg: 418 1237.0 76.67703349282297
dp: 410 1112.0 37.38048780487805
fcfg: 410 1197.0 86.1
dp: 421 1135.0 45.296912114014255
fcfg: 421 1155.0 80.31116389548694
dp: 406 1150.0 43.37684729064039
fcfg: 406 1206.0 66.08128078817734
dp: 385 1231.0 61.32727272727273
fcfg: 385 1157.0 55.0
dp: 392 1245.0 59.70663265306123
fcfg: 392 1186.0 65.0561224489796
dp: 391 1228.0 71.04347826086956
fcfg: 391 1160.0 69.28900255754476
dp: 392 1240.0 66.54336734693878
fcfg: 392 1324.0 95.79081632653062
dp: 401 1260.0 67.66334164588528
fcfg: 401 1199.0 63.910224438902745
dp: 407 1268.0 68.54791154791155
fcfg: 407 1173.0 75.90417690417691
dp: 365 1155.0 47.31232876712329
fcfg: 365 1169.0 72.76164383561644
dp: 411 1268.0 82.15571776155718
fcfg: 411 1210.0 67.92214111922141
dp: 397 1233.0 59.75566750629723
fcfg: 397 1197.0 66.88664987405542
dp: 392 1245.0 60.410714285714285
fcfg: 392 1212.0 66.21938775510205
dp: 394 1220.0 66.78680203045685
fcfg: 394 1260.0 71.09390862944163
dp: 382 1213.0 58.13612565445026
fcfg: 382 1172.0 57.704188481675395
dp: 421 1315.0 80.92874109263659
fcfg: 421 1233.0 76.94536817102137
dp: 416 1282.0 81.9735576923077
fcfg: 416 1167.0 70.5
dp: 419 1274.0 76.11694510739856
fcfg: 419 1260.0 97.12649164677805
dp: 388 1225.0 58.904639175257735
fcfg: 388 1249.0 65.73195876288659
dp: 401 1276.0 65.22693266832918
fcfg: 401 1212.0 61.99002493765586
dp: 424 1327.0 92.24292452830188
fcfg: 424 1222.0 74.21698113207547
dp: 393 1214.0 56.783715012722645
fcfg: 393 1173.0 61.458015267175576
dp: 393 1268.0 74.43256997455471
fcfg: 393 1213.0 78.85241730279898
dp: 407 1260.0 60.923832923832926
fcfg: 407 1276.0 101.85749385749386
dp: 384 1213.0 66.49479166666667
fcfg: 384 1255.0 65.625
dp: 433 1303.0 105.6189376443418
fcfg: 433 1181.0 91.08314087759815
dp: 387 1233.0 48.940568475452196
fcfg: 387 1170.0 49.248062015503876
dp: 408 1280.0 70.71813725490196
fcfg: 408 1206.0 68.35539215686275
dp: 392 1236.0 56.02295918367347
fcfg: 392 1154.0 63.910714285714285
dp: 405 1249.0 69.88888888888889
fcfg: 405 1203.0 65.39753086419753
dp: 367 1183.0 40.81471389645777
fcfg: 367 1188.0 62.06267029972752
dp: 350 1126.0 40.53142857142857
fcfg: 350 1153.0 60.785714285714285
dp: 376 1171.0 54.90691489361702
fcfg: 376 1156.0 67.51595744680851
dp: 404 1235.0 70.5
fcfg: 404 1160.0 62.50990099009901
dp: 406 1272.0 79.80788177339902
fcfg: 406 1207.0 67.61083743842364
dp: 387 1252.0 55.917312661498705
fcfg: 387 1188.0 54.81136950904393
dp: 403 1253.0 70.07692307692308
fcfg: 403 1249.0 92.87096774193549
dp: 426 1306.0 83.69483568075117
fcfg: 426 1208.0 70.56338028169014
dp: 391 1235.0 73.8388746803069
fcfg: 391 1202.0 59.77749360613811
dp: 404 1273.0 79.88118811881188
fcfg: 404 1150.0 66.78217821782178
dp: 396 1261.0 61.85858585858586
fcfg: 396 1248.0 61.52020202020202
dp: 417 1311.0 82.93285371702638
fcfg: 417 1222.0 74.30935251798562
dp: 412 1297.0 78.31796116504854
fcfg: 412 1227.0 75.92718446601941
dp: 390 1224.0 67.86410256410257
fcfg: 390 1205.0 66.01538461538462
dp: 396 1256.0 63.29040404040404
fcfg: 396 1288.0 70.57323232323232
dp: 377 1198.0 49.42970822281167
fcfg: 377 1248.0 71.06366047745358
dp: 399 1216.0 72.05263157894737
fcfg: 399 1165.0 68.51378446115288
dp: 413 1260.0 83.86198547215497
fcfg: 413 1168.0 75.0363196125908
dp: 393 1253.0 65.45801526717557
fcfg: 393 1294.0 71.05089058524173
dp: 390 1211.0 53.68205128205128
fcfg: 390 1210.0 59.06410256410256
dp: 399 1237.0 65.19298245614036
fcfg: 399 1165.0 72.0125313283208
dp: 399 1276.0 81.31077694235589
fcfg: 399 1177.0 72.83458646616542
dp: 413 1278.0 75.86440677966101
fcfg: 413 1208.0 60.1138014527845
dp: 399 1257.0 71.19799498746868
fcfg: 399 1258.0 73.35087719298245
dp: 398 1256.0 77.03266331658291
fcfg: 398 1155.0 83.90201005025126
dp: 375 1177.0 55.87466666666667
fcfg: 375 1198.0 72.52533333333334
dp: 415 1310.0 78.855421686747
fcfg: 415 1222.0 65.10843373493977
dp: 423 1308.0 85.8676122931442
fcfg: 423 1251.0 75.04728132387707
dp: 391 1246.0 57.32225063938619
fcfg: 391 1227.0 70.2378516624041
dp: 389 1212.0 66.24421593830334
fcfg: 389 1166.0 79.23136246786632
dp: 390 1222.0 59.01025641025641
fcfg: 390 1207.0 69.2974358974359
dp: 394 1198.0 72.69035532994924
fcfg: 394 1184.0 64.0253807106599
dp: 387 1228.0 62.325581395348834
fcfg: 387 1244.0 80.25839793281654
dp: 418 1303.0 93.27511961722487
fcfg: 418 1237.0 88.27033492822966
dp: 403 1258.0 79.25310173697271
fcfg: 403 1179.0 71.20099255583126
dp: 421 1282.0 93.95486935866984
fcfg: 421 1159.0 67.11401425178147
dp: 387 1219.0 63.62015503875969
fcfg: 387 1197.0 61.02325581395349
dp: 403 1238.0 74.4789081885856
fcfg: 403 1180.0 78.78908188585608
dp: 377 1202.0 52.56498673740053
fcfg: 377 1201.0 66.75596816976127
dp: 401 1245.0 64.95261845386534
fcfg: 401 1227.0 65.76309226932668
dp: 395 1237.0 64.47848101265822
fcfg: 395 1231.0 58.90379746835443
dp: 394 1221.0 61.72081218274111
fcfg: 394 1174.0 66.71573604060913
dp: 386 1183.0 63.38341968911917
fcfg: 386 1236.0 74.60103626943005
dp: 411 1279.0 75.4330900243309
fcfg: 411 1217.0 73.70316301703163
dp: 392 1202.0 62.90816326530612
fcfg: 392 1243.0 78.27551020408163
dp: 416 1285.0 85.95673076923077
fcfg: 416 1212.0 87.33413461538461
dp: 387 1243.0 59.8656330749354
fcfg: 387 1224.0 70.34366925064599
dp: 421 1302.0 84.3206650831354
fcfg: 421 1258.0 80.27790973871734
dp: 395 1231.0 67.9873417721519
fcfg: 395 1175.0 57.848101265822784
dp: 418 1288.0 88.13636363636364
fcfg: 418 1244.0 70.36124401913875
dp: 383 1210.0 54.87467362924282
fcfg: 383 1224.0 60.74151436031332
dp: 403 1240.0 70.00248138957816
fcfg: 403 1175.0 69.02977667493796
dp: 374 1171.0 53.1951871657754
fcfg: 374 1175.0 59.50802139037433
dp: 415 1262.0 74.82650602409639
fcfg: 415 1211.0 72.4987951807229
dp: 438 1353.0 87.8082191780822
fcfg: 438 1243.0 83.48401826484019
dp: 383 1247.0 59.31853785900783
fcfg: 383 1175.0 55.532637075718014
dp: 377 1203.0 49.726790450928384
fcfg: 377 1168.0 62.53315649867374
dp: 395 1238.0 76.93924050632911
fcfg: 395 1199.0 68.72911392405064
dp: 418 1298.0 76.1555023923445
fcfg: 418 1248.0 68.74162679425838
dp: 389 1235.0 62.57840616966581
fcfg: 389 1142.0 60.850899742930594
dp: 410 1285.0 71.40975609756097
fcfg: 410 1271.0 93.25121951219512
dp: 404 1241.0 76.95297029702971
fcfg: 404 1254.0 68.81683168316832
dp: 427 1300.0 92.96018735362998
fcfg: 427 1199.0 82.51756440281031
dp: 375 1213.0 44.76533333333333
fcfg: 375 1294.0 63.282666666666664
dp: 443 1357.0 102.54176072234763
fcfg: 443 1280.0 95.15124153498871
dp: 380 1221.0 56.87894736842105
fcfg: 380 1162.0 58.94736842105263
dp: 363 1178.0 44.900826446280995
fcfg: 363 1139.0 53.07988980716254
dp: 395 1217.0 63.91139240506329
fcfg: 395 1211.0 59.67341772151899
dp: 431 1331.0 96.31786542923435
fcfg: 431 1231.0 85.95359628770302
dp: 395 1222.0 60.35443037974684
fcfg: 395 1228.0 81.4759493670886
dp: 380 1212.0 53.11052631578947
fcfg: 380 1210.0 60.921052631578945
dp: 398 1267.0 66.10552763819095
fcfg: 398 1245.0 74.91708542713567
dp: 374 1174.0 50.018716577540104
fcfg: 374 1209.0 65.80748663101605
dp: 386 1205.0 70.39896373056995
fcfg: 386 1162.0 71.61917098445596
dp: 390 1222.0 59.42820512820513
fcfg: 390 1202.0 72.2
dp: 397 1226.0 68.90680100755668
fcfg: 397 1170.0 66.43576826196474
dp: 401 1257.0 63.46882793017456
fcfg: 401 1253.0 66.75062344139651
dp: 373 1204.0 49.257372654155496
fcfg: 373 1229.0 62.50402144772118
dp: 418 1300.0 79.73444976076556
fcfg: 418 1229.0 68.88277511961722
dp: 376 1211.0 68.87765957446808
fcfg: 376 1154.0 72.49202127659575
dp: 397 1236.0 69.85894206549118
fcfg: 397 1188.0 62.30982367758186
dp: 400 1228.0 69.7325
fcfg: 400 1179.0 71.6275
dp: 392 1230.0 64.41836734693878
fcfg: 392 1176.0 68.12755102040816
dp: 365 1188.0 39.865753424657534
fcfg: 365 1179.0 51.97534246575343
dp: 426 1284.0 93.01408450704226
fcfg: 426 1176.0 69.19483568075117
dp: 409 1285.0 71.78484107579462
fcfg: 409 1213.0 79.79217603911981
dp: 360 1167.0 42.55
fcfg: 360 1185.0 60.09722222222222
dp: 409 1295.0 78.28606356968216
fcfg: 409 1243.0 67.96088019559902
dp: 385 1231.0 68.18701298701299
fcfg: 385 1168.0 60.8051948051948
dp: 424 1328.0 92.44103773584905
fcfg: 424 1306.0 96.4622641509434
dp: 434 1351.0 93.7926267281106
fcfg: 434 1272.0 88.55990783410138
dp: 381 1178.0 69.80577427821522
fcfg: 381 1188.0 63.574803149606296
dp: 398 1240.0 62.66834170854271
fcfg: 398 1187.0 61.05527638190955
dp: 390 1231.0 57.86153846153846
fcfg: 390 1130.0 53.83589743589744
dp: 383 1223.0 55.684073107049606
fcfg: 383 1332.0 86.64229765013054
dp: 411 1271.0 78.06326034063261
fcfg: 411 1209.0 76.92457420924575
dp: 377 1197.0 54.745358090185675
fcfg: 377 1190.0 51.13262599469496
dp: 393 1247.0 70.06870229007633
fcfg: 393 1246.0 81.65648854961832
dp: 411 1266.0 91.82968369829683
fcfg: 411 1231.0 107.65206812652067
dp: 394 1224.0 74.81218274111676
fcfg: 394 1230.0 64.22842639593908
dp: 420 1313.0 87.62142857142857
fcfg: 420 1204.0 88.74047619047619
dp: 392 1242.0 69.39795918367346
fcfg: 392 1136.0 65.85204081632654
dp: 411 1297.0 78.75912408759125
fcfg: 411 1192.0 67.64720194647202
dp: 420 1276.0 79.20476190476191
fcfg: 420 1279.0 64.77142857142857
dp: 410 1260.0 85.6780487804878
fcfg: 410 1142.0 59.61951219512195
dp: 392 1271.0 61.826530612244895
fcfg: 392 1259.0 65.71938775510205
dp: 423 1309.0 88.47990543735224
fcfg: 423 1210.0 89.1063829787234
dp: 427 1322.0 92.9672131147541
fcfg: 427 1180.0 67.36299765807962
dp: 417 1284.0 73.55155875299761
fcfg: 417 1238.0 85.32374100719424
dp: 405 1244.0 80.15802469135802
fcfg: 405 1282.0 73.8395061728395
dp: 422 1312.0 91.66350710900474
fcfg: 422 1184.0 80.72274881516587
dp: 369 1180.0 43.60433604336043
fcfg: 369 1183.0 52.577235772357724
dp: 413 1280.0 89.90556900726392
fcfg: 413 1220.0 82.69007263922518
dp: 414 1258.0 80.40096618357488
fcfg: 414 1177.0 70.94685990338164
dp: 393 1248.0 56.97709923664122
fcfg: 393 1247.0 79.65903307888041
dp: 413 1267.0 86.35835351089588
fcfg: 413 1220.0 69.13559322033899
dp: 379 1218.0 41.562005277044854
fcfg: 379 1181.0 54.754617414248024
dp: 391 1225.0 56.869565217391305
fcfg: 391 1226.0 68.04859335038363
dp: 428 1305.0 88.57242990654206
fcfg: 428 1214.0 79.27803738317758
dp: 391 1254.0 63.570332480818415
fcfg: 391 1207.0 59.36572890025575
dp: 389 1210.0 64.29820051413881
fcfg: 389 1155.0 60.102827763496144
dp: 418 1310.0 74.38755980861244
fcfg: 418 1276.0 86.2511961722488
dp: 388 1205.0 52.45618556701031
fcfg: 388 1251.0 64.39432989690722
dp: 413 1283.0 69.62953995157385
fcfg: 413 1180.0 76.67070217917676
dp: 418 1299.0 91.53349282296651
fcfg: 418 1190.0 73.80143540669856
dp: 413 1237.0 79.53753026634382
fcfg: 413 1228.0 79.42857142857143
dp: 396 1238.0 82.34848484848484
fcfg: 396 1196.0 67.17676767676768
dp: 409 1284.0 77.03911980440098
fcfg: 409 1259.0 62.62591687041565
dp: 415 1277.0 92.81927710843374
fcfg: 415 1226.0 86.27951807228915
dp: 391 1238.0 66.9923273657289
fcfg: 391 1245.0 57.12276214833759
dp: 371 1197.0 43.92722371967655
fcfg: 371 1201.0 66.39353099730458
dp: 396 1229.0 61.30050505050505
fcfg: 396 1186.0 72.18181818181819
dp: 404 1243.0 66.43069306930693
fcfg: 404 1205.0 74.56683168316832
dp: 430 1331.0 105.51162790697674
fcfg: 430 1185.0 82.31162790697674
dp: 410 1278.0 79.9609756097561
fcfg: 410 1222.0 62.01951219512195
dp: 404 1273.0 74.95544554455445
fcfg: 404 1199.0 65.85891089108911
dp: 385 1208.0 68.51168831168832
fcfg: 385 1227.0 73.02337662337662
dp: 414 1295.0 73.31400966183575
fcfg: 414 1246.0 77.02657004830918
dp: 395 1247.0 68.74683544303798
fcfg: 395 1156.0 59.70379746835443
dp: 392 1241.0 63.7219387755102
fcfg: 392 1209.0 80.71683673469387
dp: 414 1298.0 73.40821256038647
fcfg: 414 1226.0 76.52657004830918
dp: 387 1213.0 54.18604651162791
fcfg: 387 1153.0 61.640826873385016
dp: 405 1270.0 87.78024691358024
fcfg: 405 1194.0 64.34320987654321
dp: 412 1272.0 72.9126213592233
fcfg: 412 1220.0 69.54854368932038
dp: 443 1347.0 98.11738148984199
fcfg: 443 1253.0 94.0135440180587
dp: 416 1300.0 79.05048076923077
fcfg: 416 1216.0 81.08653846153847
dp: 423 1287.0 89.69267139479905
fcfg: 423 1334.0 98.63829787234043
dp: 380 1194.0 62.044736842105266
fcfg: 380 1148.0 64.83421052631579
dp: 424 1305.0 87.4504716981132
fcfg: 424 1264.0 95.30188679245283
dp: 383 1169.0 54.35770234986945
fcfg: 383 1231.0 66.82506527415144
dp: 420 1258.0 78.27380952380952
fcfg: 420 1186.0 78.82142857142857
dp: 424 1300.0 86.41981132075472
fcfg: 424 1237.0 77.88915094339623
dp: 399 1242.0 71.5187969924812
fcfg: 399 1157.0 72.53634085213032
dp: 386 1216.0 58.31347150259067
fcfg: 386 1318.0 101.96891191709845
dp: 403 1276.0 79.97766749379653
fcfg: 403 1236.0 64.03722084367246
dp: 381 1197.0 52.77690288713911
fcfg: 381 1255.0 67.17060367454069
dp: 410 1321.0 78.94878048780488
fcfg: 410 1237.0 86.65609756097561
dp: 419 1286.0 88.70167064439141
fcfg: 419 1155.0 66.78281622911695
dp: 395 1238.0 68.70379746835442
fcfg: 395 1180.0 67.94177215189873
dp: 382 1211.0 55.26701570680628
fcfg: 382 1229.0 61.146596858638745
dp: 399 1246.0 70.24812030075188
fcfg: 399 1241.0 67.43609022556392
dp: 375 1192.0 48.21333333333333
fcfg: 375 1213.0 69.73066666666666
dp: 404 1258.0 68.33910891089108
fcfg: 404 1194.0 66.08910891089108
dp: 396 1235.0 68.96717171717172
fcfg: 396 1209.0 66.6010101010101
dp: 390 1252.0 61.30769230769231
fcfg: 390 1228.0 65.49230769230769
dp: 404 1223.0 64.97029702970298
fcfg: 404 1190.0 72.95544554455445
dp: 411 1309.0 81.11435523114355
fcfg: 411 1271.0 86.76155717761557
dp: 412 1271.0 85.27184466019418
fcfg: 412 1253.0 87.4247572815534
dp: 399 1254.0 63.61654135338346
fcfg: 399 1159.0 71.13032581453633
dp: 387 1246.0 61.90180878552972
fcfg: 387 1192.0 69.25064599483204
dp: 417 1309.0 87.62829736211032
fcfg: 417 1217.0 63.64988009592326
dp: 405 1273.0 77.41975308641975
fcfg: 405 1156.0 75.24938271604938
dp: 418 1299.0 78.89712918660287
fcfg: 418 1251.0 98.45454545454545
dp: 411 1285.0 77.27250608272506
fcfg: 411 1253.0 86.58394160583941
dp: 398 1238.0 73.94974874371859
fcfg: 398 1258.0 75.7964824120603
dp: 389 1256.0 50.969151670951156
fcfg: 389 1266.0 74.5706940874036
dp: 427 1326.0 97.47306791569086
fcfg: 427 1225.0 75.08196721311475
dp: 405 1247.0 72.92592592592592
fcfg: 405 1216.0 69.23703703703704
dp: 390 1212.0 61.17179487179487
fcfg: 390 1192.0 65.56153846153846
dp: 390 1243.0 72.05641025641026
fcfg: 390 1179.0 63.13846153846154
dp: 383 1194.0 56.08355091383812
fcfg: 383 1229.0 64.83028720626632
dp: 382 1213.0 58.67801047120419
fcfg: 382 1244.0 73.6413612565445
dp: 391 1240.0 57.869565217391305
fcfg: 391 1188.0 73.89769820971867
dp: 400 1235.0 68.2625
fcfg: 400 1176.0 70.85
dp: 403 1294.0 63.38957816377171
fcfg: 403 1214.0 53.349875930521094
dp: 403 1261.0 76.61786600496278
fcfg: 403 1227.0 85.06203473945409
dp: 380 1191.0 53.55
fcfg: 380 1204.0 67.68684210526315
dp: 383 1218.0 55.38120104438642
fcfg: 383 1228.0 63.38120104438642
dp: 386 1223.0 64.13471502590673
fcfg: 386 1288.0 90.32642487046633
dp: 402 1275.0 81.7860696517413
fcfg: 402 1173.0 74.41293532338308
dp: 363 1184.0 45.570247933884296
fcfg: 363 1189.0 63.36914600550964
dp: 406 1225.0 68.39162561576354
fcfg: 406 1190.0 75.83990147783251
dp: 388 1194.0 64.26546391752578
fcfg: 388 1243.0 74.73453608247422
dp: 402 1262.0 73.15671641791045
fcfg: 402 1261.0 75.11940298507463
dp: 427 1283.0 95.18501170960188
fcfg: 427 1153.0 73.51990632318501
dp: 410 1299.0 69.66341463414633
fcfg: 410 1199.0 71.1609756097561
dp: 383 1211.0 58.668407310704964
fcfg: 383 1264.0 53.21409921671018
dp: 373 1205.0 50.53619302949062
fcfg: 373 1214.0 45.58176943699732
dp: 403 1233.0 66.12655086848635
fcfg: 403 1182.0 73.32009925558313
dp: 400 1251.0 76.8225
fcfg: 400 1194.0 74.4525
dp: 399 1244.0 72.78947368421052
fcfg: 399 1169.0 64.59398496240601
dp: 340 1133.0 29.68235294117647
fcfg: 340 1206.0 37.95882352941177
dp: 399 1235.0 62.13533834586466
fcfg: 399 1172.0 64.03258145363408
dp: 374 1205.0 46.288770053475936
fcfg: 374 1211.0 58.724598930481285
dp: 425 1291.0 97.9435294117647
fcfg: 425 1152.0 63.43529411764706
dp: 409 1259.0 72.84352078239608
fcfg: 409 1234.0 66.92909535452323
dp: 415 1278.0 85.16144578313254
fcfg: 415 1153.0 62.86506024096386
dp: 366 1200.0 40.939890710382514
fcfg: 366 1169.0 57.0792349726776
dp: 377 1181.0 43.53315649867374
fcfg: 377 1159.0 49.315649867374006
dp: 401 1263.0 68.36907730673316
fcfg: 401 1211.0 76.0349127182045
dp: 410 1294.0 71.72926829268293
fcfg: 410 1209.0 66.5
dp: 379 1209.0 55.12401055408971
fcfg: 379 1218.0 80.30079155672823
dp: 409 1257.0 77.21760391198045
fcfg: 409 1254.0 84.32518337408312
dp: 403 1264.0 59.43920595533499
fcfg: 403 1302.0 64.26054590570719
dp: 425 1301.0 91.00235294117647
fcfg: 425 1255.0 81.94117647058823
dp: 389 1246.0 63.57583547557841
fcfg: 389 1181.0 56.066838046272494
dp: 403 1252.0 72.73449131513648
fcfg: 403 1164.0 59.50372208436725
dp: 382 1213.0 54.00785340314136
fcfg: 382 1247.0 80.93193717277487
dp: 381 1206.0 65.33333333333333
fcfg: 381 1230.0 61.10498687664042
dp: 394 1214.0 73.79187817258884
fcfg: 394 1258.0 72.24111675126903
dp: 386 1216.0 56.373056994818654
fcfg: 386 1175.0 63.012953367875646
dp: 378 1197.0 69.12698412698413
fcfg: 378 1174.0 79.5952380952381
dp: 386 1222.0 57.29274611398964
fcfg: 386 1254.0 66.87823834196891
dp: 395 1220.0 73.40253164556962
fcfg: 395 1156.0 72.70379746835442
dp: 401 1242.0 73.67331670822942
fcfg: 401 1161.0 63.28927680798005
dp: 355 1175.0 48.23661971830986
fcfg: 355 1272.0 69.92676056338028
dp: 397 1222.0 72.89168765743074
fcfg: 397 1215.0 63.405541561712845
dp: 379 1195.0 58.88654353562005
fcfg: 379 1242.0 72.32189973614776
dp: 404 1271.0 73.58663366336634
fcfg: 404 1216.0 67.45792079207921
dp: 406 1268.0 79.04926108374384
fcfg: 406 1213.0 62.899014778325125
dp: 382 1233.0 59.69109947643979
fcfg: 382 1267.0 60.86387434554974
dp: 388 1218.0 64.50257731958763
fcfg: 388 1201.0 66.36855670103093
dp: 389 1222.0 51.98971722365039
fcfg: 389 1198.0 66.91516709511568
dp: 408 1253.0 71.73039215686275
fcfg: 408 1307.0 83.3529411764706
dp: 408 1301.0 68.48774509803921
fcfg: 408 1227.0 71.63480392156863
dp: 397 1258.0 68.99748110831234
fcfg: 397 1254.0 59.02015113350126
dp: 425 1321.0 86.37882352941176
fcfg: 425 1239.0 79.06588235294117
dp: 390 1216.0 62.01538461538462
fcfg: 390 1220.0 57.646153846153844
dp: 406 1241.0 76.66995073891626
fcfg: 406 1220.0 73.16256157635468
dp: 377 1198.0 51.94429708222812
fcfg: 377 1220.0 64.83023872679045
dp: 430 1306.0 85.44418604651163
fcfg: 430 1226.0 72.30465116279069
dp: 425 1293.0 95.01411764705882
fcfg: 425 1231.0 65.37882352941176
dp: 403 1278.0 63.88089330024814
fcfg: 403 1235.0 62.47642679900744
dp: 393 1263.0 64.26717557251908
fcfg: 393 1158.0 63.979643765903305
dp: 401 1248.0 73.15211970074813
fcfg: 401 1179.0 80.32668329177058
dp: 416 1304.0 81.94471153846153
fcfg: 416 1210.0 68.15625
dp: 388 1195.0 67.12628865979381
fcfg: 388 1147.0 64.42525773195877
dp: 404 1256.0 71.37128712871286
fcfg: 404 1198.0 67.01980198019803
dp: 367 1184.0 44.18528610354223
fcfg: 367 1169.0 65.07629427792915
dp: 411 1257.0 75.21167883211679
fcfg: 411 1211.0 73.7956204379562
dp: 421 1304.0 82.87410926365796
fcfg: 421 1231.0 87.92399049881236
dp: 394 1216.0 59.974619289340104
fcfg: 394 1248.0 67.6751269035533
dp: 411 1287.0 79.56204379562044
fcfg: 411 1219.0 69.9440389294404
dp: 396 1219.0 63.282828282828284
fcfg: 396 1193.0 63.292929292929294
dp: 405 1255.0 70.9037037037037
fcfg: 405 1218.0 86.86913580246913
dp: 360 1174.0 39.147222222222226
fcfg: 360 1178.0 44.30833333333333
dp: 378 1214.0 52.76190476190476
fcfg: 378 1245.0 55.764550264550266
dp: 432 1344.0 89.62962962962963
fcfg: 432 1252.0 88.7800925925926
dp: 394 1246.0 65.33756345177665
fcfg: 394 1187.0 65.61421319796955
dp: 400 1265.0 61.765
fcfg: 400 1263.0 74.1675
dp: 391 1248.0 66.95907928388746
fcfg: 391 1210.0 57.80562659846547
dp: 384 1197.0 50.692708333333336
fcfg: 384 1218.0 64.59114583333333
dp: 412 1278.0 80.51456310679612
fcfg: 412 1206.0 65.02184466019418
dp: 410 1269.0 75.21463414634147
fcfg: 410 1202.0 69.35365853658537
dp: 408 1269.0 63.252450980392155
fcfg: 408 1226.0 67.9828431372549
dp: 364 1146.0 51.82692307692308
fcfg: 364 1175.0 78.78571428571429
dp: 390 1214.0 68.85897435897436
fcfg: 390 1229.0 69.3025641025641
dp: 394 1251.0 73.09390862944163
fcfg: 394 1208.0 84.44416243654823
dp: 362 1152.0 43.78729281767956
fcfg: 362 1126.0 55.46132596685083
dp: 414 1316.0 87.66908212560386
fcfg: 414 1214.0 78.30917874396135
dp: 415 1274.0 75.49156626506024
fcfg: 415 1264.0 85.86024096385542
dp: 378 1198.0 47.21164021164021
fcfg: 378 1235.0 76.53968253968254
dp: 414 1285.0 62.089371980676326
fcfg: 414 1237.0 65.33333333333333
dp: 377 1228.0 57.689655172413794
fcfg: 377 1253.0 60.92042440318303
dp: 400 1228.0 62.7475
fcfg: 400 1200.0 76.9475
dp: 368 1183.0 49.06521739130435
fcfg: 368 1198.0 63.41847826086956
dp: 397 1234.0 73.86146095717883
fcfg: 397 1195.0 65.39798488664988
dp: 398 1259.0 65.0427135678392
fcfg: 398 1205.0 77.47236180904522
dp: 436 1330.0 97.68119266055047
fcfg: 436 1184.0 75.65137614678899
dp: 394 1217.0 65.07868020304568
fcfg: 394 1187.0 66.61675126903553
dp: 387 1209.0 61.751937984496124
fcfg: 387 1229.0 77.37726098191214
dp: 359 1151.0 50.24512534818942
fcfg: 359 1187.0 56.860724233983284
dp: 423 1307.0 89.40425531914893
fcfg: 423 1193.0 69.91962174940899
dp: 399 1249.0 68.71428571428571
fcfg: 399 1198.0 77.09022556390977
dp: 382 1209.0 52.35602094240838
fcfg: 382 1241.0 64.90314136125654
dp: 400 1254.0 78.12
fcfg: 400 1239.0 65.4375
dp: 389 1247.0 56.04627249357326
fcfg: 389 1228.0 69.19280205655527
dp: 383 1221.0 52.72062663185378
fcfg: 383 1244.0 62.21671018276762
dp: 407 1287.0 63.79115479115479
fcfg: 407 1244.0 71.28746928746929
dp: 427 1322.0 93.67447306791568
fcfg: 427 1183.0 70.88524590163935
dp: 411 1280.0 75.83941605839416
fcfg: 411 1196.0 68.37226277372262
dp: 397 1231.0 67.02518891687657
fcfg: 397 1194.0 53.03022670025189
dp: 389 1188.0 63.93573264781491
fcfg: 389 1173.0 59.609254498714655
dp: 422 1293.0 91.06635071090048
fcfg: 422 1219.0 73.89573459715639
dp: 406 1262.0 76.8423645320197
fcfg: 406 1283.0 83.4679802955665
dp: 397 1240.0 58.649874055415616
fcfg: 397 1283.0 78.61209068010075
dp: 387 1201.0 64.56589147286822
fcfg: 387 1231.0 65.74160206718346
dp: 430 1317.0 86.74651162790698
fcfg: 430 1218.0 58.609302325581396
dp: 377 1213.0 54.684350132625994
fcfg: 377 1223.0 62.89389920424403
dp: 398 1223.0 62.15075376884422
fcfg: 398 1241.0 73.61557788944724
dp: 400 1244.0 64.7225
fcfg: 400 1154.0 67.86
dp: 412 1286.0 83.79126213592232
fcfg: 412 1211.0 81.92233009708738
dp: 402 1236.0 63.17661691542288
fcfg: 402 1246.0 89.30348258706468
dp: 398 1276.0 59.597989949748744
fcfg: 398 1246.0 62.597989949748744
dp: 390 1255.0 59.42307692307692
fcfg: 390 1191.0 75.87692307692308
dp: 407 1257.0 80.85257985257985
fcfg: 407 1193.0 81.26289926289927
dp: 410 1275.0 71.76585365853659
fcfg: 410 1300.0 83.16341463414633
dp: 392 1228.0 62.890306122448976
fcfg: 392 1176.0 61.15816326530612
dp: 393 1251.0 69.2824427480916
fcfg: 393 1217.0 60.06361323155216
dp: 363 1178.0 48.88429752066116
fcfg: 363 1198.0 60.870523415977964
dp: 415 1315.0 71.81686746987951
fcfg: 415 1220.0 60.19277108433735
dp: 365 1146.0 48.78356164383562
fcfg: 365 1127.0 64.85479452054794
dp: 413 1271.0 76.84503631961259
fcfg: 413 1198.0 62.69491525423729
dp: 364 1162.0 42.45879120879121
fcfg: 364 1180.0 59.26648351648352
dp: 402 1278.0 75.57462686567165
fcfg: 402 1204.0 57.53233830845771
dp: 374 1205.0 49.1764705882353
fcfg: 374 1205.0 68.67379679144385
dp: 388 1204.0 50.50773195876289
fcfg: 388 1267.0 75.21134020618557
dp: 411 1319.0 79.47931873479318
fcfg: 411 1301.0 75.49148418491484
dp: 405 1246.0 73.47901234567901
fcfg: 405 1133.0 58.67160493827161
dp: 356 1161.0 34.28651685393258
fcfg: 356 1206.0 64.29494382022472
dp: 405 1270.0 79.24197530864197
fcfg: 405 1210.0 62.28888888888889
dp: 437 1354.0 97.63157894736842
fcfg: 437 1227.0 80.96338672768879
dp: 391 1231.0 61.90281329923274
fcfg: 391 1262.0 66.58312020460357
dp: 389 1245.0 54.58611825192802
fcfg: 389 1242.0 71.31105398457584
dp: 382 1199.0 58.795811518324605
fcfg: 382 1242.0 73.82722513089006
dp: 402 1241.0 65.17661691542288
fcfg: 402 1198.0 77.91542288557214
dp: 408 1232.0 71.58823529411765
fcfg: 408 1185.0 74.27941176470588
dp: 424 1282.0 86.40094339622641
fcfg: 424 1238.0 57.424528301886795
dp: 400 1228.0 71.8725
fcfg: 400 1279.0 81.4675
dp: 407 1262.0 76.75921375921376
fcfg: 407 1250.0 73.2948402948403
dp: 437 1334.0 89.77574370709382
fcfg: 437 1227.0 76.61098398169337
dp: 404 1237.0 81.80445544554455
fcfg: 404 1214.0 77.50247524752476
dp: 402 1257.0 81.43283582089552
fcfg: 402 1186.0 65.03233830845771
dp: 381 1202.0 61.68503937007874
fcfg: 381 1236.0 64.46719160104986
dp: 387 1259.0 62.72868217054263
fcfg: 387 1255.0 81.03875968992249
dp: 381 1245.0 51.46456692913386
fcfg: 381 1226.0 62.7742782152231
dp: 373 1182.0 54.94906166219839
fcfg: 373 1260.0 65.92493297587131
dp: 385 1244.0 64.25974025974025
fcfg: 385 1214.0 59.63376623376623
dp: 411 1264.0 97.71046228710462
fcfg: 411 1183.0 100.06326034063261
dp: 409 1264.0 83.72860635696821
fcfg: 409 1168.0 66.42053789731051
dp: 410 1304.0 76.69756097560976
fcfg: 410 1250.0 92.16829268292683
dp: 405 1269.0 71.10864197530864
fcfg: 405 1203.0 64.26913580246914
dp: 417 1281.0 89.63069544364508
fcfg: 417 1208.0 86.46282973621103
dp: 381 1190.0 52.493438320209975
fcfg: 381 1201.0 73.90813648293964
dp: 391 1226.0 65.923273657289
fcfg: 391 1179.0 54.9923273657289
dp: 412 1286.0 76.6868932038835
fcfg: 412 1185.0 69.66990291262135
dp: 395 1239.0 69.35189873417721
fcfg: 395 1179.0 68.77215189873418
dp: 387 1200.0 67.95090439276485
fcfg: 387 1157.0 68.82170542635659
dp: 411 1256.0 79.58394160583941
fcfg: 411 1202.0 85.34063260340632
dp: 405 1255.0 68.42469135802469
fcfg: 405 1274.0 81.92592592592592
dp: 440 1369.0 93.67954545454545
fcfg: 440 1229.0 81.92272727272727
dp: 402 1250.0 77.25373134328358
fcfg: 402 1233.0 87.58706467661692
dp: 381 1215.0 55.031496062992126
fcfg: 381 1226.0 78.29658792650919
dp: 403 1272.0 67.69727047146402
fcfg: 403 1200.0 74.88089330024813
dp: 388 1223.0 59.00515463917526
fcfg: 388 1173.0 62.2860824742268
dp: 396 1237.0 75.27777777777777
fcfg: 396 1192.0 86.58333333333333
dp: 394 1242.0 64.04314720812182
fcfg: 394 1233.0 62.870558375634516
dp: 405 1273.0 65.02716049382715
fcfg: 405 1256.0 72.41975308641975
dp: 389 1219.0 69.41388174807199
fcfg: 389 1232.0 73.94858611825192
dp: 406 1259.0 71.49014778325123
fcfg: 406 1184.0 70.00246305418719
dp: 398 1253.0 71.33165829145729
fcfg: 398 1235.0 89.38190954773869
dp: 416 1281.0 73.50240384615384
fcfg: 416 1183.0 62.62259615384615
dp: 407 1275.0 74.77886977886978
fcfg: 407 1218.0 66.68550368550369
dp: 409 1295.0 76.81907090464547
fcfg: 409 1197.0 70.61124694376528
dp: 382 1227.0 54.547120418848166
fcfg: 382 1157.0 49.26439790575916
dp: 396 1225.0 69.23484848484848
fcfg: 396 1205.0 70.13131313131314
dp: 393 1210.0 62.19592875318066
fcfg: 393 1287.0 73.48600508905852
dp: 396 1222.0 68.9469696969697
fcfg: 396 1171.0 67.95202020202021
dp: 422 1310.0 83.18720379146919
fcfg: 422 1195.0 78.76777251184834
dp: 413 1296.0 80.24939467312349
fcfg: 413 1233.0 85.00242130750605
dp: 387 1243.0 54.979328165374675
fcfg: 387 1172.0 56.19121447028424
dp: 365 1190.0 44.00547945205479
fcfg: 365 1208.0 54.397260273972606
dp: 407 1257.0 56.28255528255528
fcfg: 407 1289.0 69.53562653562653
dp: 415 1315.0 82.6867469879518
fcfg: 415 1222.0 85.32530120481928
dp: 417 1286.0 75.4652278177458
fcfg: 417 1201.0 74.23021582733813
dp: 432 1355.0 90.05555555555556
fcfg: 432 1250.0 79.37731481481481
dp: 426 1304.0 91.75821596244131
fcfg: 426 1249.0 89.93427230046949
dp: 381 1215.0 50.75853018372703
fcfg: 381 1155.0 50.57217847769029
dp: 402 1260.0 77.02487562189054
fcfg: 402 1218.0 58.20646766169154
dp: 379 1187.0 55.83641160949868
fcfg: 379 1229.0 65.7467018469657
dp: 421 1321.0 89.69833729216153
fcfg: 421 1224.0 84.25178147268409
dp: 380 1227.0 54.44210526315789
fcfg: 380 1240.0 65.2421052631579
dp: 386 1225.0 52.83678756476684
fcfg: 386 1149.0 58.55181347150259
dp: 370 1190.0 43.18648648648649
fcfg: 370 1205.0 62.41891891891892
dp: 383 1208.0 57.68146214099217
fcfg: 383 1217.0 63.73368146214099
dp: 396 1260.0 69.99242424242425
fcfg: 396 1133.0 61.63131313131313
dp: 406 1233.0 64.03448275862068
fcfg: 406 1226.0 72.65270935960591
dp: 353 1155.0 46.444759206798864
fcfg: 353 1179.0 61.98583569405099
dp: 371 1186.0 57.6199460916442
fcfg: 371 1195.0 75.58760107816711
dp: 414 1306.0 83.19323671497584
fcfg: 414 1203.0 60.91545893719807
dp: 388 1241.0 59.58762886597938
fcfg: 388 1248.0 68.8118556701031
dp: 418 1294.0 87.1244019138756
fcfg: 418 1214.0 79.19617224880383
dp: 413 1271.0 80.99273607748184
fcfg: 413 1225.0 78.42615012106538
dp: 409 1299.0 86.22493887530563
fcfg: 409 1226.0 69.02689486552568
dp: 382 1205.0 65.52356020942409
fcfg: 382 1228.0 61.303664921465966
dp: 392 1245.0 69.7295918367347
fcfg: 392 1278.0 73.22448979591837
dp: 368 1236.0 43.29347826086956
fcfg: 368 1227.0 54.38315217391305
dp: 402 1264.0 80.71890547263682
fcfg: 402 1247.0 94.78109452736318
dp: 398 1245.0 61.904522613065325
fcfg: 398 1165.0 60.743718592964825
dp: 407 1279.0 72.37346437346437
fcfg: 407 1220.0 79.38329238329239
dp: 412 1263.0 77.92233009708738
fcfg: 412 1228.0 80.90291262135922
dp: 413 1300.0 77.99273607748184
fcfg: 413 1207.0 68.7046004842615
dp: 391 1224.0 70.6854219948849
fcfg: 391 1187.0 74.52941176470588
dp: 419 1282.0 87.77565632458234
fcfg: 419 1231.0 78.48210023866348
dp: 358 1155.0 47.58379888268156
fcfg: 358 1164.0 62.25977653631285
dp: 415 1289.0 73.06987951807228
fcfg: 415 1178.0 59.1710843373494
dp: 420 1277.0 90.37619047619047
fcfg: 420 1222.0 82.1595238095238
dp: 420 1310.0 82.41666666666667
fcfg: 420 1182.0 79.22380952380952
dp: 387 1210.0 73.60723514211887
fcfg: 387 1162.0 63.5297157622739
dp: 442 1362.0 105.75113122171946
fcfg: 442 1204.0 75.59954751131222
dp: 399 1258.0 64.78947368421052
fcfg: 399 1179.0 68.41854636591479
dp: 410 1298.0 67.70975609756097
fcfg: 410 1200.0 62.01951219512195
dp: 394 1226.0 74.00253807106598
fcfg: 394 1178.0 70.56852791878173
dp: 385 1227.0 51.03376623376624
fcfg: 385 1175.0 49.91688311688312
dp: 371 1161.0 49.21832884097035
fcfg: 371 1200.0 76.60916442048517
dp: 404 1269.0 76.94554455445545
fcfg: 404 1156.0 62.06930693069307
dp: 344 1122.0 36.526162790697676
fcfg: 344 1249.0 66.12790697674419
dp: 398 1243.0 79.55527638190955
fcfg: 398 1164.0 75.60050251256281
dp: 418 1276.0 86.58133971291866
fcfg: 418 1250.0 81.13397129186603
dp: 386 1227.0 59.24352331606217
fcfg: 386 1227.0 72.69948186528498
dp: 413 1303.0 83.76997578692495
fcfg: 413 1271.0 87.23486682808716
dp: 379 1198.0 61.738786279683374
fcfg: 379 1195.0 66.2532981530343
dp: 424 1304.0 83.92924528301887
fcfg: 424 1176.0 54.403301886792455
dp: 396 1213.0 70.75757575757575
fcfg: 396 1134.0 74.10606060606061
dp: 352 1173.0 41.66761363636363
fcfg: 352 1258.0 54.57386363636363
dp: 427 1331.0 82.09367681498829
fcfg: 427 1170.0 77.57142857142857
dp: 425 1285.0 82.47529411764705
fcfg: 425 1203.0 80.22823529411765
dp: 392 1227.0 57.46683673469388
fcfg: 392 1199.0 68.75765306122449
dp: 409 1277.0 75.23471882640587
fcfg: 409 1160.0 68.20048899755501
dp: 411 1257.0 86.15815085158151
fcfg: 411 1245.0 81.13625304136254
dp: 383 1202.0 58.69190600522193
fcfg: 383 1211.0 82.17232375979113
dp: 400 1279.0 93.22
fcfg: 400 1204.0 69.1175
dp: 413 1263.0 94.52058111380146
fcfg: 413 1197.0 81.00484261501211
dp: 395 1259.0 62.734177215189874
fcfg: 395 1224.0 85.8253164556962
dp: 420 1279.0 91.5
fcfg: 420 1196.0 76.37142857142857
dp: 429 1339.0 92.65734265734265
fcfg: 429 1187.0 71.21678321678321
dp: 396 1226.0 69.1010101010101
fcfg: 396 1164.0 69.4419191919192
dp: 404 1268.0 67.35396039603961
fcfg: 404 1195.0 63.67079207920792
dp: 376 1202.0 52.55053191489362
fcfg: 376 1320.0 88.15957446808511
dp: 388 1224.0 57.623711340206185
fcfg: 388 1222.0 87.06701030927834
dp: 416 1278.0 85.59615384615384
fcfg: 416 1232.0 66.44471153846153
dp: 388 1214.0 73.76546391752578
fcfg: 388 1250.0 67.46134020618557
dp: 410 1255.0 70.35853658536585
fcfg: 410 1218.0 67.93170731707318
dp: 394 1232.0 68.34263959390863
fcfg: 394 1213.0 72.55076142131979
dp: 418 1289.0 86.39952153110048
fcfg: 418 1172.0 64.20334928229666
dp: 381 1196.0 47.29658792650918
fcfg: 381 1182.0 60.70341207349082
dp: 404 1267.0 69.63118811881188
fcfg: 404 1199.0 63.103960396039604
dp: 444 1390.0 97.24774774774775
fcfg: 444 1247.0 86.45045045045045
dp: 430 1319.0 96.91395348837209
fcfg: 430 1204.0 78.36046511627907
dp: 407 1272.0 69.37837837837837
fcfg: 407 1291.0 85.44471744471744
dp: 430 1322.0 87.76511627906977
fcfg: 430 1335.0 90.72558139534884
dp: 393 1226.0 61.20101781170484
fcfg: 393 1158.0 60.93384223918575
dp: 395 1255.0 78.20759493670886
fcfg: 395 1170.0 72.16962025316455
dp: 402 1263.0 69.66666666666667
fcfg: 402 1272.0 95.39303482587064
dp: 353 1138.0 35.20679886685552
fcfg: 353 1165.0 52.26062322946176
dp: 397 1245.0 57.841309823677584
fcfg: 397 1214.0 76.52896725440806
dp: 398 1239.0 73.678391959799
fcfg: 398 1164.0 70.10804020100502
dp: 433 1338.0 96.39260969976905
fcfg: 433 1200.0 79.35796766743648
dp: 371 1174.0 46.24797843665768
fcfg: 371 1234.0 59.93800539083558
dp: 386 1211.0 62.424870466321245
fcfg: 386 1246.0 61.347150259067355
dp: 394 1268.0 68.81472081218274
fcfg: 394 1211.0 69.9746192893401
dp: 386 1219.0 57.924870466321245
fcfg: 386 1231.0 65.38860103626943
dp: 412 1280.0 81.15776699029126
fcfg: 412 1228.0 96.52912621359224
dp: 399 1249.0 76.01754385964912
fcfg: 399 1229.0 86.45864661654136
dp: 411 1265.0 75.98783454987834
fcfg: 411 1259.0 73.02919708029196
dp: 419 1308.0 76.52028639618139
fcfg: 419 1188.0 73.76372315035799
dp: 409 1299.0 70.37897310513448
fcfg: 409 1232.0 66.73594132029339
dp: 389 1236.0 51.49614395886889
fcfg: 389 1248.0 56.55784061696658
dp: 369 1214.0 44.02710027100271
fcfg: 369 1163.0 52.607046070460704
dp: 420 1262.0 88.10952380952381
fcfg: 420 1206.0 80.98809523809524
dp: 404 1245.0 78.64108910891089
fcfg: 404 1242.0 103.2871287128713
dp: 402 1259.0 65.22885572139303
fcfg: 402 1280.0 77.41293532338308
dp: 379 1229.0 53.928759894459105
fcfg: 379 1176.0 59.812664907651715
dp: 409 1274.0 74.42298288508557
fcfg: 409 1219.0 73.7114914425428
dp: 421 1321.0 82.39429928741093
fcfg: 421 1190.0 78.52019002375297
dp: 408 1295.0 83.73529411764706
fcfg: 408 1257.0 103.82352941176471
dp: 394 1223.0 67.8527918781726
fcfg: 394 1194.0 62.67005076142132
dp: 413 1312.0 71.6634382566586
fcfg: 413 1256.0 63.32687651331719
dp: 407 1250.0 79.18673218673219
fcfg: 407 1235.0 71.94840294840294
dp: 399 1251.0 67.10025062656642
fcfg: 399 1207.0 57.51127819548872
dp: 415 1289.0 78.41686746987952
fcfg: 415 1191.0 68.57831325301204
dp: 417 1278.0 83.05275779376498
fcfg: 417 1245.0 73.38609112709833
dp: 387 1214.0 56.291989664082685
fcfg: 387 1211.0 63.78811369509044
dp: 361 1156.0 43.88365650969529
fcfg: 361 1203.0 58.49307479224377
dp: 394 1240.0 56.42893401015228
fcfg: 394 1230.0 78.92893401015229
dp: 377 1189.0 54.58355437665782
fcfg: 377 1214.0 83.18037135278514
dp: 385 1220.0 62.015584415584414
fcfg: 385 1222.0 69.85714285714286
dp: 418 1325.0 74.28947368421052
fcfg: 418 1260.0 85.86124401913875
dp: 384 1206.0 54.1171875
fcfg: 384 1151.0 68.18489583333333
dp: 397 1248.0 63.05541561712846
fcfg: 397 1259.0 83.61964735516372
dp: 381 1201.0 51.71128608923885
fcfg: 381 1207.0 66.249343832021
dp: 412 1268.0 74.93932038834951
fcfg: 412 1206.0 71.49514563106796
dp: 400 1271.0 59.6925
fcfg: 400 1180.0 58.56
dp: 402 1271.0 71.57960199004975
fcfg: 402 1197.0 72.08955223880596
dp: 414 1293.0 70.56763285024155
fcfg: 414 1175.0 62.47826086956522
dp: 391 1206.0 68.86445012787723
fcfg: 391 1204.0 79.0306905370844
dp: 388 1242.0 69.62371134020619
fcfg: 388 1165.0 60.05927835051546
dp: 379 1222.0 54.145118733509236
fcfg: 379 1236.0 61.810026385224276
dp: 393 1249.0 61.55725190839695
fcfg: 393 1251.0 79.41730279898219
dp: 407 1259.0 90.86732186732186
fcfg: 407 1153.0 72.87223587223588
dp: 418 1272.0 82.08612440191388
fcfg: 418 1171.0 67.73684210526316
dp: 399 1236.0 65.20551378446115
fcfg: 399 1204.0 59.92982456140351
dp: 400 1255.0 67.37
fcfg: 400 1133.0 57.2625
dp: 400 1285.0 64.5275
fcfg: 400 1203.0 69.635
dp: 416 1307.0 75.96875
fcfg: 416 1244.0 81.5048076923077
dp: 420 1283.0 86.52380952380952
fcfg: 420 1284.0 111.21190476190476
dp: 397 1260.0 65.0352644836272
fcfg: 397 1177.0 64.37783375314862
dp: 392 1238.0 78.9311224489796
fcfg: 392 1190.0 71.11224489795919
dp: 392 1270.0 63.410714285714285
fcfg: 392 1238.0 82.55357142857143
dp: 399 1270.0 67.53634085213032
fcfg: 399 1199.0 61.6140350877193
dp: 401 1258.0 70.41895261845387
fcfg: 401 1191.0 70.79800498753117
dp: 417 1269.0 75.16546762589928
fcfg: 417 1203.0 82.90647482014388
dp: 388 1226.0 64.90979381443299
fcfg: 388 1213.0 56.425257731958766
dp: 403 1269.0 70.52605459057072
fcfg: 403 1203.0 49.32506203473945
dp: 381 1212.0 52.86876640419948
fcfg: 381 1234.0 67.40682414698163
dp: 390 1201.0 66.91538461538461
fcfg: 390 1192.0 82.7948717948718
dp: 362 1183.0 47.812154696132595
fcfg: 362 1154.0 61.19613259668508
dp: 412 1302.0 72.93203883495146
fcfg: 412 1286.0 70.63349514563107
dp: 400 1240.0 76.785
fcfg: 400 1191.0 95.1975
dp: 423 1310.0 85.56737588652483
fcfg: 423 1295.0 101.32624113475177
dp: 406 1284.0 87.17241379310344
fcfg: 406 1255.0 84.84482758620689
dp: 369 1191.0 58.888888888888886
fcfg: 369 1209.0 66.13279132791328
dp: 411 1285.0 75.67396593673966
fcfg: 411 1179.0 62.68369829683698
dp: 388 1212.0 65.41752577319588
fcfg: 388 1183.0 69.79123711340206
dp: 382 1219.0 49.6413612565445
fcfg: 382 1247.0 48.068062827225134
dp: 392 1215.0 66.0
fcfg: 392 1181.0 75.02806122448979
dp: 425 1256.0 78.53176470588235
fcfg: 425 1218.0 70.85176470588236
dp: 397 1255.0 78.15869017632242
fcfg: 397 1199.0 74.60453400503778
dp: 414 1312.0 74.82850241545894
fcfg: 414 1214.0 63.9975845410628
dp: 399 1239.0 66.0375939849624
fcfg: 399 1201.0 67.16290726817043
dp: 425 1303.0 89.59764705882353
fcfg: 425 1136.0 63.99058823529412
dp: 402 1227.0 74.05223880597015
fcfg: 402 1167.0 73.7587064676617
dp: 417 1305.0 84.7673860911271
fcfg: 417 1180.0 70.15827338129496
dp: 402 1272.0 66.08208955223881
fcfg: 402 1208.0 65.7910447761194
dp: 403 1257.0 74.78908188585608
fcfg: 403 1168.0 67.8213399503722
dp: 384 1231.0 54.067708333333336
fcfg: 384 1234.0 63.002604166666664
dp: 420 1284.0 79.67380952380952
fcfg: 420 1261.0 77.02857142857142
dp: 421 1315.0 80.29691211401425
fcfg: 421 1185.0 74.57482185273159
dp: 414 1255.0 76.94927536231884
fcfg: 414 1213.0 71.38647342995169
dp: 399 1237.0 65.79949874686717
fcfg: 399 1181.0 71.57644110275689
dp: 409 1264.0 79.1124694376528
fcfg: 409 1234.0 62.24694376528117
dp: 376 1208.0 48.515957446808514
fcfg: 376 1229.0 62.50265957446808
dp: 400 1275.0 67.955
fcfg: 400 1178.0 56.3025
dp: 396 1227.0 73.11616161616162
fcfg: 396 1135.0 66.88888888888889
dp: 382 1204.0 58.589005235602095
fcfg: 382 1280.0 62.8586387434555
dp: 415 1302.0 71.78795180722892
fcfg: 415 1269.0 75.47951807228915
dp: 390 1233.0 61.63333333333333
fcfg: 390 1191.0 73.9
dp: 417 1312.0 83.3021582733813
fcfg: 417 1220.0 69.82014388489209
dp: 373 1167.0 50.37265415549598
fcfg: 373 1205.0 79.68364611260054
dp: 451 1397.0 109.39689578713968
fcfg: 451 1276.0 99.35254988913526
dp: 412 1283.0 77.33009708737865
fcfg: 412 1184.0 63.97330097087379
dp: 395 1242.0 73.9367088607595
fcfg: 395 1144.0 64.66329113924051
dp: 416 1281.0 86.4951923076923
fcfg: 416 1199.0 76.22836538461539
dp: 404 1264.0 72.46534653465346
fcfg: 404 1229.0 69.75
dp: 382 1210.0 59.39267015706806
fcfg: 382 1232.0 65.77486910994764
dp: 401 1278.0 76.51870324189527
fcfg: 401 1188.0 69.62593516209476
dp: 355 1149.0 40.304225352112674
fcfg: 355 1184.0 49.28450704225352
dp: 382 1182.0 66.23298429319372
fcfg: 382 1160.0 60.26701570680628
dp: 420 1289.0 82.54523809523809
fcfg: 420 1146.0 61.32142857142857
dp: 392 1232.0 71.44642857142857
fcfg: 392 1237.0 75.63520408163265
dp: 434 1326.0 90.41705069124424
fcfg: 434 1180.0 73.47695852534562
dp: 437 1343.0 95.54462242562929
fcfg: 437 1208.0 73.96567505720824
dp: 407 1284.0 73.54299754299754
fcfg: 407 1262.0 82.8108108108108
dp: 385 1228.0 60.12207792207792
fcfg: 385 1215.0 69.98441558441559
dp: 414 1286.0 68.69323671497584
fcfg: 414 1295.0 88.8623188405797
dp: 373 1185.0 49.69168900804289
fcfg: 373 1214.0 70.27613941018767
dp: 405 1257.0 76.62962962962963
fcfg: 405 1216.0 63.63703703703704
dp: 387 1240.0 55.84237726098191
fcfg: 387 1147.0 54.35142118863049
dp: 419 1307.0 80.09069212410502
fcfg: 419 1164.0 74.54653937947494
dp: 381 1224.0 54.79002624671916
fcfg: 381 1156.0 52.92913385826772
dp: 420 1320.0 83.29523809523809
fcfg: 420 1208.0 85.01666666666667
dp: 408 1242.0 69.25490196078431
fcfg: 408 1186.0 67.4656862745098
dp: 403 1254.0 67.39454094292805
fcfg: 403 1173.0 64.97766749379653
dp: 395 1249.0 63.8253164556962
fcfg: 395 1163.0 57.835443037974684
dp: 419 1302.0 84.1145584725537
fcfg: 419 1220.0 69.43436754176611
dp: 391 1243.0 60.329923273657286
fcfg: 391 1196.0 72.19693094629156
dp: 401 1280.0 71.43640897755611
fcfg: 401 1198.0 71.29925187032418
dp: 383 1201.0 61.96344647519582
fcfg: 383 1263.0 66.41514360313316
dp: 395 1234.0 64.65822784810126
fcfg: 395 1180.0 77.92151898734177
dp: 406 1246.0 79.91625615763547
fcfg: 406 1162.0 74.25369458128078
dp: 413 1268.0 89.7360774818402
fcfg: 413 1158.0 82.73123486682809
dp: 411 1316.0 106.81995133819952
fcfg: 411 1198.0 60.08515815085158
dp: 414 1325.0 88.21739130434783
fcfg: 414 1233.0 83.54347826086956
dp: 406 1243.0 88.55418719211822
fcfg: 406 1198.0 72.0295566502463
dp: 402 1262.0 66.06467661691542
fcfg: 402 1195.0 60.39303482587065
dp: 413 1293.0 78.0314769975787
fcfg: 413 1240.0 59.346246973365616
dp: 381 1215.0 52.99737532808399
fcfg: 381 1232.0 77.19685039370079
dp: 416 1271.0 84.96875
fcfg: 416 1200.0 64.1923076923077
dp: 413 1265.0 79.18886198547216
fcfg: 413 1212.0 68.227602905569
dp: 434 1323.0 90.67511520737327
fcfg: 434 1196.0 76.92857142857143
dp: 428 1313.0 91.44626168224299
fcfg: 428 1197.0 74.17523364485982
dp: 405 1246.0 79.4888888888889
fcfg: 405 1243.0 92.87901234567902
dp: 394 1245.0 62.931472081218274
fcfg: 394 1262.0 66.58883248730965
dp: 397 1265.0 67.90176322418137
fcfg: 397 1202.0 63.35264483627204
dp: 383 1218.0 68.45430809399478
fcfg: 383 1180.0 65.18276762402088
dp: 376 1213.0 53.930851063829785
fcfg: 376 1188.0 67.72340425531915
dp: 403 1258.0 71.57071960297766
fcfg: 403 1221.0 68.22828784119106
dp: 378 1208.0 51.12169312169312
fcfg: 378 1226.0 66.53703703703704
dp: 380 1212.0 58.373684210526314
fcfg: 380 1222.0 69.90526315789474
dp: 394 1237.0 64.07360406091371
fcfg: 394 1184.0 69.15736040609137
dp: 403 1247.0 64.61786600496278
fcfg: 403 1198.0 72.55583126550869
dp: 412 1280.0 71.10194174757281
fcfg: 412 1242.0 78.87378640776699
dp: 398 1266.0 69.70854271356784
fcfg: 398 1263.0 77.85175879396985
dp: 415 1296.0 76.16144578313254
fcfg: 415 1247.0 92.32289156626506
dp: 390 1222.0 57.18205128205128
fcfg: 390 1161.0 72.93333333333334
dp: 393 1227.0 52.80407124681934
fcfg: 393 1222.0 65.84478371501272
dp: 415 1289.0 88.15180722891566
fcfg: 415 1189.0 88.2
dp: 380 1198.0 40.084210526315786
fcfg: 380 1248.0 73.54736842105264
dp: 402 1227.0 79.27611940298507
fcfg: 402 1218.0 92.35572139303483
dp: 399 1264.0 74.76691729323308
fcfg: 399 1143.0 61.709273182957396
dp: 392 1254.0 59.910714285714285
fcfg: 392 1247.0 72.13010204081633
dp: 388 1244.0 61.55927835051546
fcfg: 388 1193.0 63.25257731958763
dp: 418 1309.0 76.45693779904306
fcfg: 418 1214.0 61.334928229665074
dp: 393 1228.0 66.80152671755725
fcfg: 393 1213.0 67.22900763358778
dp: 392 1228.0 58.14795918367347
fcfg: 392 1271.0 67.47704081632654
dp: 393 1221.0 58.88549618320611
fcfg: 393 1240.0 77.80152671755725
dp: 417 1278.0 90.80335731414868
fcfg: 417 1220.0 79.01199040767386
dp: 400 1253.0 76.5075
fcfg: 400 1178.0 63.565
dp: 393 1222.0 74.51908396946565
fcfg: 393 1200.0 92.7735368956743
dp: 389 1243.0 57.89203084832905
fcfg: 389 1176.0 62.42416452442159
dp: 386 1201.0 59.251295336787564
fcfg: 386 1247.0 66.64766839378238
dp: 375 1219.0 53.36
fcfg: 375 1240.0 58.989333333333335
dp: 370 1165.0 41.729729729729726
fcfg: 370 1209.0 54.86486486486486
dp: 392 1233.0 66.77806122448979
fcfg: 392 1260.0 69.06122448979592
dp: 382 1217.0 50.91361256544503
fcfg: 382 1248.0 60.452879581151834
dp: 413 1276.0 83.590799031477
fcfg: 413 1251.0 78.55690072639226
dp: 419 1291.0 82.15035799522673
fcfg: 419 1187.0 72.5489260143198
dp: 412 1267.0 67.14320388349515
fcfg: 412 1289.0 68.05582524271844
dp: 409 1266.0 73.93398533007336
fcfg: 409 1199.0 79.34963325183374
dp: 426 1322.0 84.73474178403755
fcfg: 426 1206.0 72.86384976525821
dp: 411 1307.0 79.00973236009732
fcfg: 411 1207.0 66.09975669099757
dp: 409 1265.0 73.91198044009779
fcfg: 409 1203.0 76.98533007334963
dp: 394 1237.0 67.63959390862944
fcfg: 394 1177.0 67.44923857868021
dp: 396 1253.0 74.45454545454545
fcfg: 396 1178.0 70.18434343434343
dp: 427 1306.0 94.4519906323185
fcfg: 427 1187.0 75.35831381733021
dp: 411 1261.0 84.31386861313868
fcfg: 411 1289.0 91.34549878345499
dp: 382 1223.0 56.416230366492144
fcfg: 382 1232.0 57.20157068062827
dp: 410 1282.0 74.82926829268293
fcfg: 410 1212.0 72.9829268292683
dp: 391 1233.0 63.667519181585675
fcfg: 391 1202.0 61.98209718670077
dp: 367 1204.0 45.10626702997275
fcfg: 367 1212.0 60.653950953678475
dp: 409 1256.0 87.5281173594132
fcfg: 409 1199.0 72.75550122249389
dp: 402 1257.0 75.35820895522389
fcfg: 402 1191.0 68.20646766169155
dp: 396 1259.0 70.46717171717172
fcfg: 396 1199.0 72.91414141414141
dp: 409 1266.0 80.80195599022005
fcfg: 409 1260.0 99.10513447432763
dp: 375 1188.0 50.01866666666667
fcfg: 375 1161.0 65.424
dp: 384 1225.0 59.6484375
fcfg: 384 1170.0 68.83854166666667
dp: 402 1279.0 73.35074626865672
fcfg: 402 1204.0 68.55721393034825
dp: 401 1257.0 84.25436408977556
fcfg: 401 1253.0 71.38653366583542
dp: 401 1257.0 70.69576059850374
fcfg: 401 1210.0 63.43640897755611
dp: 398 1239.0 72.25628140703517
fcfg: 398 1152.0 78.8894472361809
dp: 410 1276.0 82.44146341463414
fcfg: 410 1198.0 70.01219512195122
dp: 431 1313.0 83.11368909512761
fcfg: 431 1192.0 71.77726218097447
dp: 395 1214.0 73.80253164556962
fcfg: 395 1177.0 74.75189873417722
dp: 439 1367.0 104.12072892938497
fcfg: 439 1203.0 77.74259681093395
dp: 393 1251.0 80.07124681933843
fcfg: 393 1207.0 61.69465648854962
dp: 392 1231.0 67.09438775510205
fcfg: 392 1236.0 64.11989795918367
dp: 414 1298.0 73.74396135265701
fcfg: 414 1232.0 81.2415458937198
dp: 352 1155.0 38.41761363636363
fcfg: 352 1257.0 62.23011363636363
dp: 402 1256.0 68.14676616915423
fcfg: 402 1165.0 58.76119402985075
dp: 388 1245.0 51.18298969072165
fcfg: 388 1236.0 59.99484536082474
dp: 398 1246.0 64.8643216080402
fcfg: 398 1149.0 68.58542713567839
dp: 409 1258.0 79.59413202933985
fcfg: 409 1176.0 60.75305623471883
dp: 387 1243.0 53.55038759689923
fcfg: 387 1245.0 54.47803617571059
dp: 426 1321.0 81.39906103286386
fcfg: 426 1235.0 73.87323943661971
dp: 407 1257.0 71.48157248157248
fcfg: 407 1163.0 66.9090909090909
dp: 382 1215.0 66.75916230366492
fcfg: 382 1141.0 64.67539267015707
dp: 421 1292.0 81.54869358669833
fcfg: 421 1247.0 73.8313539192399
dp: 356 1158.0 36.96067415730337
fcfg: 356 1210.0 73.28089887640449
dp: 393 1217.0 65.9821882951654
fcfg: 393 1232.0 66.20610687022901
dp: 380 1198.0 56.9078947368421
fcfg: 380 1245.0 68.1421052631579
dp: 414 1324.0 85.70772946859903
fcfg: 414 1223.0 67.07246376811594
dp: 421 1300.0 78.54869358669833
fcfg: 421 1231.0 85.99762470308788
dp: 388 1211.0 68.90979381443299
fcfg: 388 1181.0 63.66752577319588
dp: 391 1231.0 57.67774936061381
fcfg: 391 1187.0 79.3145780051151
dp: 416 1291.0 89.90384615384616
fcfg: 416 1207.0 77.79086538461539
dp: 408 1254.0 73.41176470588235
fcfg: 408 1224.0 91.68382352941177
dp: 402 1253.0 67.58457711442786
fcfg: 402 1226.0 61.417910447761194
dp: 418 1295.0 88.38277511961722
fcfg: 418 1185.0 79.91626794258373
dp: 400 1263.0 75.2425
fcfg: 400 1201.0 74.2975
dp: 406 1263.0 75.87192118226601
fcfg: 406 1159.0 65.53448275862068
dp: 409 1281.0 77.35452322738386
fcfg: 409 1160.0 67.79706601466992
dp: 387 1218.0 54.81395348837209
fcfg: 387 1227.0 69.56330749354005
dp: 426 1305.0 83.92957746478874
fcfg: 426 1194.0 69.2699530516432
dp: 380 1192.0 57.78947368421053
fcfg: 380 1208.0 64.2078947368421
dp: 402 1256.0 78.6542288557214
fcfg: 402 1252.0 63.77363184079602
dp: 390 1208.0 52.90769230769231
fcfg: 390 1266.0 79.88717948717948
dp: 386 1242.0 58.56476683937824
fcfg: 386 1226.0 68.40155440414507
dp: 354 1207.0 40.90395480225989
fcfg: 354 1273.0 53.20338983050848
dp: 412 1282.0 73.4878640776699
fcfg: 412 1263.0 85.30097087378641
dp: 416 1298.0 79.27884615384616
fcfg: 416 1221.0 79.4375
dp: 391 1208.0 55.1381074168798
fcfg: 391 1151.0 60.05882352941177
dp: 351 1158.0 38.81481481481482
fcfg: 351 1240.0 60.21082621082621
dp: 408 1285.0 88.3970588235294
fcfg: 408 1214.0 75.29411764705883
dp: 394 1270.0 62.21827411167513
fcfg: 394 1224.0 69.89340101522842
dp: 407 1239.0 77.82309582309583
fcfg: 407 1190.0 78.41769041769042
dp: 391 1217.0 62.186700767263424
fcfg: 391 1215.0 82.74168797953965
dp: 410 1286.0 74.3390243902439
fcfg: 410 1374.0 108.65365853658537
dp: 394 1241.0 64.37817258883248
fcfg: 394 1288.0 59.63705583756345
dp: 430 1327.0 91.95116279069768
fcfg: 430 1284.0 83.48837209302326
dp: 406 1267.0 74.85221674876847
fcfg: 406 1209.0 66.50246305418719
dp: 397 1236.0 59.7632241813602
fcfg: 397 1171.0 62.015113350125944
dp: 394 1246.0 62.1497461928934
fcfg: 394 1246.0 76.10659898477158
dp: 391 1255.0 60.14066496163683
fcfg: 391 1252.0 55.130434782608695
dp: 407 1283.0 72.5012285012285
fcfg: 407 1177.0 67.05159705159706
dp: 382 1247.0 48.20157068062827
fcfg: 382 1228.0 57.92670157068063
dp: 380 1228.0 52.47894736842105
fcfg: 380 1220.0 51.126315789473686
dp: 422 1270.0 76.22985781990522
fcfg: 422 1279.0 64.6090047393365
dp: 400 1263.0 73.3275
fcfg: 400 1199.0 64.4525
dp: 389 1240.0 56.98971722365039
fcfg: 389 1235.0 78.38046272493574
dp: 402 1225.0 77.66915422885572
fcfg: 402 1220.0 70.09452736318408
dp: 456 1364.0 103.08333333333333
fcfg: 456 1272.0 80.14035087719299
dp: 416 1273.0 84.1298076923077
fcfg: 416 1157.0 83.95673076923077
dp: 388 1227.0 62.175257731958766
fcfg: 388 1169.0 62.55927835051546
dp: 433 1357.0 98.59122401847576
fcfg: 433 1204.0 67.95612009237875
dp: 432 1335.0 95.00231481481481
fcfg: 432 1252.0 80.62268518518519
dp: 402 1264.0 80.56467661691542
fcfg: 402 1206.0 71.09950248756219
dp: 380 1208.0 54.19210526315789
fcfg: 380 1206.0 81.64736842105263
dp: 410 1264.0 83.10975609756098
fcfg: 410 1195.0 71.44634146341464
dp: 407 1266.0 78.31695331695332
fcfg: 407 1210.0 70.53562653562653
dp: 402 1272.0 74.26616915422886
fcfg: 402 1202.0 71.17164179104478
dp: 433 1346.0 99.83140877598153
fcfg: 433 1277.0 110.30254041570439
dp: 437 1333.0 88.20823798627002
fcfg: 437 1216.0 68.19450800915332
dp: 398 1261.0 64.06030150753769
fcfg: 398 1180.0 65.96733668341709
dp: 396 1239.0 71.6010101010101
fcfg: 396 1174.0 70.18434343434343
dp: 398 1225.0 71.95226130653266
fcfg: 398 1192.0 72.97989949748744
dp: 399 1240.0 68.91979949874687
fcfg: 399 1255.0 66.12280701754386
dp: 384 1251.0 49.411458333333336
fcfg: 384 1223.0 53.591145833333336
dp: 389 1221.0 61.06169665809769
fcfg: 389 1186.0 79.02313624678663
dp: 394 1233.0 73.82233502538071
fcfg: 394 1199.0 68.84010152284264
dp: 432 1339.0 86.2824074074074
fcfg: 432 1205.0 75.38425925925925
dp: 404 1261.0 68.21782178217822
fcfg: 404 1221.0 74.60148514851485
dp: 385 1246.0 52.96623376623376
fcfg: 385 1218.0 56.14805194805195
dp: 395 1243.0 66.74430379746835
fcfg: 395 1164.0 72.85063291139241
dp: 396 1259.0 71.53030303030303
fcfg: 396 1190.0 45.78030303030303
dp: 415 1302.0 76.69638554216867
fcfg: 415 1174.0 71.9710843373494
dp: 419 1319.0 74.21002386634845
fcfg: 419 1179.0 62.89976133651551
dp: 389 1213.0 68.38560411311055
fcfg: 389 1214.0 61.149100257069406
dp: 404 1245.0 69.39603960396039
fcfg: 404 1195.0 68.6980198019802
dp: 411 1258.0 79.21411192214111
fcfg: 411 1173.0 83.85401459854015
dp: 390 1240.0 70.98717948717949
fcfg: 390 1217.0 77.37179487179488
dp: 417 1293.0 81.20143884892086
fcfg: 417 1179.0 81.27098321342926
dp: 385 1194.0 62.215584415584416
fcfg: 385 1191.0 74.38701298701298
dp: 409 1264.0 68.79706601466992
fcfg: 409 1208.0 71.36919315403424
dp: 379 1240.0 57.38522427440633
fcfg: 379 1241.0 55.49604221635884
dp: 416 1274.0 82.9375
fcfg: 416 1223.0 64.20192307692308
dp: 389 1246.0 67.08483290488432
fcfg: 389 1246.0 75.68637532133675
dp: 405 1245.0 87.70864197530864
fcfg: 405 1181.0 74.0320987654321
dp: 402 1226.0 67.53233830845771
fcfg: 402 1229.0 92.06218905472637
dp: 411 1264.0 67.60097323600974
fcfg: 411 1252.0 78.52798053527981
dp: 385 1229.0 53.236363636363635
fcfg: 385 1218.0 61.12207792207792
dp: 374 1177.0 60.25133689839572
fcfg: 374 1201.0 63.82887700534759
dp: 432 1316.0 95.67129629629629
fcfg: 432 1163.0 72.83564814814815
dp: 399 1276.0 77.38345864661655
fcfg: 399 1244.0 66.76942355889724
dp: 408 1244.0 86.87745098039215
fcfg: 408 1183.0 65.84558823529412
dp: 372 1187.0 73.88709677419355
fcfg: 372 1246.0 65.66666666666667
dp: 417 1289.0 91.90167865707434
fcfg: 417 1138.0 84.46043165467626
dp: 403 1223.0 78.04466501240695
fcfg: 403 1200.0 79.08933002481389
dp: 412 1288.0 80.75242718446601
fcfg: 412 1203.0 68.95873786407768
dp: 376 1166.0 51.848404255319146
fcfg: 376 1216.0 61.898936170212764
dp: 416 1289.0 94.34134615384616
fcfg: 416 1262.0 93.72115384615384
dp: 426 1315.0 83.4319248826291
fcfg: 426 1241.0 82.40375586854461
dp: 407 1263.0 79.4029484029484
fcfg: 407 1170.0 71.30466830466831
dp: 378 1200.0 46.13227513227513
fcfg: 378 1224.0 69.64814814814815
dp: 385 1232.0 51.71948051948052
fcfg: 385 1195.0 65.66233766233766
dp: 396 1236.0 58.093434343434346
fcfg: 396 1205.0 75.48484848484848
dp: 395 1230.0 70.90632911392404
fcfg: 395 1186.0 67.84556962025316
dp: 373 1196.0 56.64343163538874
fcfg: 373 1231.0 81.38337801608579
dp: 401 1263.0 72.63092269326684
fcfg: 401 1255.0 72.90523690773067
dp: 392 1227.0 61.265306122448976
fcfg: 392 1170.0 67.68367346938776
dp: 404 1269.0 66.42326732673267
fcfg: 404 1197.0 69.94554455445545
dp: 373 1185.0 45.23592493297587
fcfg: 373 1251.0 61.45844504021448
dp: 362 1163.0 42.79558011049724
fcfg: 362 1197.0 72.36187845303867
dp: 387 1196.0 63.42118863049095
fcfg: 387 1219.0 68.58397932816537
dp: 411 1276.0 75.79075425790754
fcfg: 411 1179.0 70.08272506082724
dp: 395 1258.0 76.4379746835443
fcfg: 395 1260.0 82.09620253164557
dp: 391 1273.0 67.87468030690538
fcfg: 391 1218.0 75.52685421994885
dp: 435 1324.0 91.19310344827586
fcfg: 435 1168.0 71.39540229885057
dp: 379 1204.0 49.229551451187334
fcfg: 379 1229.0 71.68073878627969
dp: 402 1272.0 69.46517412935323
fcfg: 402 1278.0 74.8955223880597
dp: 411 1272.0 75.36253041362531
fcfg: 411 1205.0 56.435523114355234
dp: 409 1265.0 69.47921760391198
fcfg: 409 1216.0 69.12469437652811
dp: 406 1261.0 73.33990147783251
fcfg: 406 1198.0 74.44581280788178
dp: 378 1220.0 52.69047619047619
fcfg: 378 1227.0 64.92063492063492
dp: 433 1324.0 98.28175519630484
fcfg: 433 1191.0 78.5958429561201
dp: 422 1301.0 85.18009478672985
fcfg: 422 1196.0 75.76777251184834
dp: 422 1266.0 87.43364928909952
fcfg: 422 1185.0 90.14454976303317
dp: 374 1180.0 43.25133689839572
fcfg: 374 1213.0 65.06417112299465
dp: 388 1222.0 64.29896907216495
fcfg: 388 1231.0 65.48195876288659
dp: 416 1289.0 73.58653846153847
fcfg: 416 1242.0 79.19471153846153
dp: 394 1235.0 57.621827411167516
fcfg: 394 1226.0 78.34263959390863
dp: 373 1197.0 46.62198391420912
fcfg: 373 1212.0 65.72117962466488
dp: 420 1289.0 86.46428571428571
fcfg: 420 1241.0 69.07380952380953
dp: 431 1317.0 101.64965197215777
fcfg: 431 1183.0 73.97679814385151
dp: 401 1234.0 70.07980049875312
fcfg: 401 1153.0 59.64588528678304
dp: 407 1251.0 74.66584766584766
fcfg: 407 1238.0 106.11793611793611
dp: 390 1226.0 58.61025641025641
fcfg: 390 1178.0 53.738461538461536
dp: 384 1208.0 51.770833333333336
fcfg: 384 1166.0 60.497395833333336
dp: 367 1180.0 46.64032697547684
fcfg: 367 1175.0 52.94550408719346
dp: 358 1180.0 41.82122905027933
fcfg: 358 1179.0 49.857541899441344
dp: 418 1320.0 86.47368421052632
fcfg: 418 1225.0 76.0622009569378
dp: 415 1294.0 77.49638554216868
fcfg: 415 1233.0 54.76144578313253
dp: 392 1230.0 64.25
fcfg: 392 1150.0 62.16581632653061
dp: 409 1288.0 89.65770171149144
fcfg: 409 1228.0 68.96332518337408
dp: 369 1190.0 41.97289972899729
fcfg: 369 1208.0 66.70189701897019
dp: 397 1235.0 66.62720403022671
fcfg: 397 1199.0 70.23929471032746
dp: 405 1228.0 77.57777777777778
fcfg: 405 1168.0 77.57777777777778
dp: 369 1174.0 51.58807588075881
fcfg: 369 1180.0 53.50135501355014
dp: 392 1242.0 59.43622448979592
fcfg: 392 1269.0 70.12755102040816
dp: 403 1267.0 81.40446650124069
fcfg: 403 1189.0 67.18858560794045
dp: 361 1177.0 43.67036011080332
fcfg: 361 1205.0 60.46537396121884
dp: 375 1217.0 50.01866666666667
fcfg: 375 1158.0 50.056
dp: 397 1257.0 64.1662468513854
fcfg: 397 1190.0 74.39294710327457
dp: 408 1259.0 78.13235294117646
fcfg: 408 1177.0 61.53431372549019
dp: 408 1236.0 91.02450980392157
fcfg: 408 1192.0 66.42647058823529
dp: 420 1264.0 80.62142857142857
fcfg: 420 1193.0 82.82380952380953
dp: 394 1230.0 67.18527918781726
fcfg: 394 1177.0 71.1269035532995
dp: 411 1274.0 74.06326034063261
fcfg: 411 1212.0 73.17031630170317
dp: 383 1226.0 43.70757180156658
fcfg: 383 1257.0 62.007832898172325
dp: 386 1199.0 54.365284974093264
fcfg: 386 1225.0 75.95854922279793
dp: 397 1219.0 72.50629722921914
fcfg: 397 1146.0 66.3853904282116
dp: 395 1258.0 68.3139240506329
fcfg: 395 1189.0 66.78987341772152
dp: 403 1269.0 71.60049627791564
fcfg: 403 1220.0 74.3151364764268
dp: 401 1240.0 69.11720698254364
fcfg: 401 1148.0 66.60099750623442
dp: 415 1298.0 80.43855421686747
fcfg: 415 1211.0 86.24578313253012
dp: 426 1313.0 80.01408450704226
fcfg: 426 1220.0 81.89671361502347
dp: 419 1286.0 69.10262529832936
fcfg: 419 1216.0 68.24105011933175
dp: 404 1273.0 77.6980198019802
fcfg: 404 1171.0 65.62376237623762
dp: 396 1243.0 60.56818181818182
fcfg: 396 1182.0 67.76515151515152
dp: 374 1220.0 40.973262032085564
fcfg: 374 1196.0 49.898395721925134
dp: 396 1270.0 59.58838383838384
fcfg: 396 1206.0 61.628787878787875
dp: 390 1234.0 64.5
fcfg: 390 1252.0 63.5974358974359
dp: 385 1184.0 65.14805194805194
fcfg: 385 1223.0 69.20519480519481
dp: 390 1214.0 59.52307692307692
fcfg: 390 1189.0 71.08717948717948
dp: 415 1267.0 77.1855421686747
fcfg: 415 1200.0 76.5421686746988
dp: 411 1278.0 70.92214111922141
fcfg: 411 1241.0 65.42092457420925
dp: 392 1201.0 63.10459183673469
fcfg: 392 1212.0 61.94897959183673
dp: 374 1186.0 41.50534759358289
fcfg: 374 1213.0 64.25935828877006
dp: 412 1273.0 81.46601941747574
fcfg: 412 1236.0 92.91019417475728
dp: 408 1239.0 77.81617647058823
fcfg: 408 1200.0 61.53186274509804
dp: 410 1293.0 82.39512195121951
fcfg: 410 1213.0 78.8170731707317
dp: 377 1183.0 43.724137931034484
fcfg: 377 1224.0 59.47480106100796
dp: 402 1236.0 68.42537313432835
fcfg: 402 1246.0 100.10696517412936
dp: 390 1233.0 56.241025641025644
fcfg: 390 1215.0 68.11282051282052
dp: 418 1298.0 70.65789473684211
fcfg: 418 1250.0 73.2846889952153
dp: 375 1183.0 48.034666666666666
fcfg: 375 1240.0 63.568
dp: 370 1187.0 54.85945945945946
fcfg: 370 1206.0 55.74594594594595
dp: 394 1256.0 65.18527918781726
fcfg: 394 1266.0 65.80203045685279
dp: 376 1195.0 53.77925531914894
fcfg: 376 1184.0 62.869680851063826
dp: 401 1258.0 61.51620947630923
fcfg: 401 1291.0 69.17206982543641
dp: 443 1352.0 95.94808126410835
fcfg: 443 1263.0 84.3273137697517
dp: 382 1228.0 49.64397905759162
fcfg: 382 1188.0 51.0130890052356
dp: 387 1196.0 51.43927648578811
fcfg: 387 1212.0 53.855297157622736
dp: 406 1263.0 72.50985221674877
fcfg: 406 1211.0 74.55911330049261
dp: 422 1291.0 81.44075829383887
fcfg: 422 1233.0 65.17772511848341
dp: 391 1233.0 63.0613810741688
fcfg: 391 1274.0 78.71355498721228
dp: 411 1282.0 62.77372262773723
fcfg: 411 1257.0 70.51338199513383
dp: 404 1302.0 72.06435643564356
fcfg: 404 1206.0 70.9628712871287
dp: 404 1240.0 68.85891089108911
fcfg: 404 1200.0 62.23267326732673
dp: 404 1257.0 69.0519801980198
fcfg: 404 1223.0 71.31683168316832
dp: 392 1256.0 56.81122448979592
fcfg: 392 1206.0 66.39285714285714
dp: 400 1238.0 67.9775
fcfg: 400 1193.0 61.775
dp: 379 1188.0 61.09498680738786
fcfg: 379 1164.0 75.1952506596306
dp: 408 1278.0 78.75490196078431
fcfg: 408 1214.0 92.43872549019608
dp: 400 1261.0 76.5375
fcfg: 400 1225.0 95.25
dp: 386 1198.0 60.85233160621762
fcfg: 386 1163.0 63.137305699481864
dp: 368 1187.0 43.09782608695652
fcfg: 368 1224.0 49.94021739130435
dp: 406 1275.0 68.06403940886699
fcfg: 406 1300.0 87.77586206896552
dp: 388 1195.0 59.146907216494846
fcfg: 388 1255.0 66.68041237113403
dp: 406 1246.0 68.66748768472907
fcfg: 406 1249.0 66.56403940886699
dp: 415 1274.0 87.60240963855422
fcfg: 415 1162.0 68.33493975903615
dp: 412 1260.0 73.49029126213593
fcfg: 412 1232.0 84.51456310679612
dp: 382 1213.0 55.52094240837696
fcfg: 382 1230.0 64.24607329842932
dp: 376 1198.0 47.01063829787234
fcfg: 376 1231.0 60.819148936170215
