dp: 136 701.0 12.323529411764707
fafg: 136 677.0 9.198529411764707
dp: 125 682.0 2.184
fafg: 125 683.0 4.44
dp: 130 674.0 7.407692307692308
fafg: 130 674.0 5.884615384615385
dp: 145 698.0 27.24137931034483
fafg: 145 690.0 16.23448275862069
dp: 132 671.0 14.393939393939394
fafg: 132 661.0 3.5833333333333335
dp: 136 672.0 2.639705882352941
fafg: 136 672.0 2.014705882352941
dp: 142 713.0 30.816901408450704
fafg: 142 681.0 19.887323943661972
dp: 129 675.0 8.333333333333334
fafg: 129 693.0 13.891472868217054
dp: 125 676.0 6.384
fafg: 125 671.0 4.872
dp: 115 668.0 1.808695652173913
fafg: 115 668.0 2.8260869565217392
dp: 105 658.0 0.7428571428571429
fafg: 105 658.0 0.638095238095238
dp: 128 674.0 1.3046875
fafg: 128 678.0 1.328125
dp: 141 667.0 8.177304964539006
fafg: 141 667.0 22.73758865248227
dp: 114 663.0 2.3947368421052633
fafg: 114 663.0 2.4649122807017543
dp: 113 672.0 2.982300884955752
fafg: 113 672.0 3.734513274336283
dp: 116 680.0 3.3275862068965516
fafg: 116 671.0 4.827586206896552
dp: 128 696.0 10.4375
fafg: 128 685.0 9.2109375
dp: 119 663.0 5.831932773109243
fafg: 119 663.0 5.907563025210084
dp: 129 676.0 2.697674418604651
fafg: 129 676.0 5.232558139534884
dp: 123 651.0 1.2845528455284554
fafg: 123 660.0 1.6504065040650406
dp: 137 666.0 2.4963503649635035
fafg: 137 680.0 3.9635036496350367
dp: 137 697.0 18.05839416058394
fafg: 137 700.0 15.700729927007298
dp: 118 664.0 1.6016949152542372
fafg: 118 670.0 2.0084745762711864
dp: 126 665.0 2.388888888888889
fafg: 126 686.0 5.936507936507937
dp: 124 663.0 13.338709677419354
fafg: 124 710.0 26.548387096774192
dp: 149 704.0 26.28187919463087
fafg: 149 704.0 26.7248322147651
dp: 131 667.0 4.1679389312977095
fafg: 131 711.0 25.114503816793892
dp: 122 671.0 1.639344262295082
fafg: 122 671.0 0.9180327868852459
dp: 132 690.0 19.96212121212121
fafg: 132 662.0 0.7196969696969697
dp: 106 655.0 1.7830188679245282
fafg: 106 655.0 0.8301886792452831
dp: 123 678.0 3.861788617886179
fafg: 123 676.0 3.6666666666666665
dp: 131 663.0 1.5114503816793894
fafg: 131 663.0 1.9541984732824427
dp: 129 681.0 9.635658914728682
fafg: 129 681.0 9.581395348837209
dp: 124 661.0 5.274193548387097
fafg: 124 661.0 5.314516129032258
dp: 122 675.0 2.778688524590164
fafg: 122 670.0 2.557377049180328
dp: 121 675.0 3.4297520661157024
fafg: 121 665.0 2.4049586776859506
dp: 131 731.0 50.61832061068702
fafg: 131 691.0 12.946564885496183
dp: 114 686.0 1.2456140350877194
fafg: 114 686.0 1.0614035087719298
dp: 111 671.0 0.9009009009009009
fafg: 111 673.0 1.027027027027027
dp: 125 672.0 2.096
fafg: 125 685.0 1.992
dp: 123 670.0 0.5853658536585366
fafg: 123 670.0 0.8130081300813008
dp: 127 694.0 31.35433070866142
fafg: 127 691.0 31.1496062992126
dp: 129 665.0 1.62015503875969
fafg: 129 665.0 1.255813953488372
dp: 129 674.0 4.790697674418604
fafg: 129 674.0 5.023255813953488
dp: 118 679.0 1.4745762711864407
fafg: 118 679.0 1.4745762711864407
dp: 133 683.0 1.849624060150376
fafg: 133 688.0 2.3533834586466167
dp: 113 676.0 1.345132743362832
fafg: 113 676.0 1.5309734513274336
dp: 132 661.0 3.2045454545454546
fafg: 132 661.0 9.909090909090908
dp: 125 666.0 9.824
fafg: 125 666.0 10.304
dp: 138 673.0 1.9130434782608696
fafg: 138 701.0 39.7536231884058
dp: 137 667.0 5.649635036496351
fafg: 137 667.0 4.386861313868613
dp: 126 659.0 2.753968253968254
fafg: 126 659.0 2.8492063492063493
dp: 142 664.0 4.71830985915493
fafg: 142 663.0 20.485915492957748
dp: 115 657.0 0.9130434782608695
fafg: 115 657.0 0.9130434782608695
dp: 136 654.0 1.9044117647058822
fafg: 136 652.0 3.389705882352941
dp: 102 668.0 0.7941176470588235
fafg: 102 668.0 0.7941176470588235
dp: 122 674.0 0.6967213114754098
fafg: 122 679.0 0.8852459016393442
dp: 123 667.0 18.13821138211382
fafg: 123 667.0 2.5284552845528454
dp: 128 675.0 5.96875
fafg: 128 675.0 6.8046875
dp: 126 671.0 2.0238095238095237
fafg: 126 671.0 9.206349206349206
dp: 117 650.0 1.5128205128205128
fafg: 117 677.0 6.760683760683761
dp: 129 672.0 0.8372093023255814
fafg: 129 672.0 1.0310077519379846
dp: 132 723.0 31.257575757575758
fafg: 132 674.0 11.386363636363637
dp: 138 688.0 3.782608695652174
fafg: 138 707.0 17.347826086956523
dp: 126 677.0 1.3412698412698412
fafg: 126 677.0 1.3571428571428572
dp: 120 678.0 1.8833333333333333
fafg: 120 675.0 1.425
dp: 112 675.0 2.017857142857143
fafg: 112 681.0 2.232142857142857
dp: 135 664.0 8.666666666666666
fafg: 135 664.0 9.311111111111112
dp: 121 663.0 8.834710743801653
fafg: 121 663.0 8.834710743801653
dp: 114 653.0 1.9210526315789473
fafg: 114 653.0 1.9035087719298245
dp: 112 673.0 4.330357142857143
fafg: 112 673.0 5.383928571428571
dp: 133 667.0 3.3834586466165413
fafg: 133 673.0 3.526315789473684
dp: 114 653.0 4.894736842105263
fafg: 114 653.0 8.701754385964913
dp: 120 673.0 3.35
fafg: 120 677.0 2.7083333333333335
dp: 122 662.0 6.704918032786885
fafg: 122 662.0 7.262295081967213
dp: 119 674.0 3.8823529411764706
fafg: 119 674.0 1.3697478991596639
dp: 144 670.0 3.0416666666666665
fafg: 144 678.0 3.5208333333333335
dp: 113 674.0 1.008849557522124
fafg: 113 674.0 1.0707964601769913
dp: 136 664.0 3.088235294117647
fafg: 136 724.0 29.169117647058822
dp: 125 671.0 4.96
fafg: 125 671.0 4.968
dp: 137 665.0 2.795620437956204
fafg: 137 679.0 5.218978102189781
dp: 113 663.0 1.9380530973451326
fafg: 113 663.0 1.9734513274336283
dp: 123 667.0 3.4390243902439024
fafg: 123 667.0 2.569105691056911
dp: 121 670.0 2.330578512396694
fafg: 121 670.0 3.1735537190082646
dp: 134 663.0 3.0597014925373136
fafg: 134 698.0 63.350746268656714
dp: 132 682.0 4.7727272727272725
fafg: 132 675.0 4.9393939393939394
dp: 122 680.0 4.319672131147541
fafg: 122 673.0 4.377049180327869
dp: 110 672.0 6.972727272727273
fafg: 110 672.0 2.3454545454545452
dp: 128 681.0 0.9609375
fafg: 128 681.0 1.046875
dp: 138 686.0 6.840579710144928
fafg: 138 667.0 3.760869565217391
dp: 128 690.0 3.6328125
fafg: 128 677.0 0.984375
dp: 113 676.0 1.0176991150442478
fafg: 113 676.0 1.1327433628318584
dp: 121 664.0 1.2066115702479339
fafg: 121 664.0 1.1900826446280992
dp: 117 665.0 0.8461538461538461
fafg: 117 665.0 1.435897435897436
dp: 151 679.0 4.900662251655629
fafg: 151 694.0 6.993377483443709
dp: 112 672.0 1.2321428571428572
fafg: 112 672.0 9.303571428571429
dp: 117 670.0 10.820512820512821
fafg: 117 670.0 3.4444444444444446
dp: 113 668.0 0.7345132743362832
fafg: 113 668.0 0.7787610619469026
dp: 135 664.0 4.57037037037037
fafg: 135 664.0 6.659259259259259
dp: 134 706.0 16.208955223880597
fafg: 134 678.0 5.574626865671642
dp: 118 667.0 1.6440677966101696
fafg: 118 667.0 1.3983050847457628
dp: 122 668.0 4.680327868852459
fafg: 122 668.0 5.770491803278689
dp: 116 684.0 0.7758620689655172
fafg: 116 684.0 0.6293103448275862
dp: 127 650.0 18.511811023622048
fafg: 127 658.0 43.83464566929134
dp: 129 698.0 6.922480620155039
fafg: 129 677.0 3.0930232558139537
dp: 113 667.0 2.309734513274336
fafg: 113 667.0 2.15929203539823
dp: 127 663.0 1.5984251968503937
fafg: 127 663.0 1.7007874015748032
dp: 131 691.0 7.816793893129771
fafg: 131 684.0 5.290076335877862
dp: 126 668.0 2.7222222222222223
fafg: 126 668.0 2.738095238095238
dp: 124 672.0 18.04032258064516
fafg: 124 672.0 4.798387096774194
dp: 121 677.0 1.859504132231405
fafg: 121 677.0 2.8181818181818183
dp: 125 676.0 4.984
fafg: 125 676.0 4.984
dp: 121 653.0 8.297520661157025
fafg: 121 653.0 8.099173553719009
dp: 121 682.0 4.768595041322314
fafg: 121 682.0 4.785123966942149
dp: 122 658.0 0.5983606557377049
fafg: 122 658.0 0.7868852459016393
dp: 105 679.0 0.7238095238095238
fafg: 105 679.0 2.5047619047619047
dp: 132 661.0 2.946969696969697
fafg: 132 691.0 13.121212121212121
dp: 111 669.0 0.7927927927927928
fafg: 111 669.0 1.1981981981981982
dp: 117 673.0 15.05982905982906
fafg: 117 673.0 2.7777777777777777
dp: 110 678.0 1.0818181818181818
fafg: 110 681.0 1.3818181818181818
dp: 130 681.0 23.06153846153846
fafg: 130 659.0 12.853846153846154
dp: 132 685.0 31.196969696969695
fafg: 132 675.0 6.03030303030303
dp: 134 677.0 26.097014925373134
fafg: 134 682.0 26.761194029850746
dp: 116 670.0 3.0948275862068964
fafg: 116 670.0 3.1724137931034484
dp: 128 671.0 7.9296875
fafg: 128 741.0 71.90625
dp: 109 681.0 3.834862385321101
fafg: 109 678.0 2.614678899082569
dp: 140 671.0 3.407142857142857
fafg: 140 692.0 13.278571428571428
dp: 146 737.0 29.28767123287671
fafg: 146 700.0 7.198630136986301
dp: 121 683.0 33.05785123966942
fafg: 121 667.0 3.4628099173553717
dp: 135 673.0 16.488888888888887
fafg: 135 672.0 19.933333333333334
dp: 131 671.0 2.564885496183206
fafg: 131 671.0 3.0916030534351147
dp: 125 666.0 1.648
fafg: 125 669.0 1.776
dp: 153 715.0 31.61437908496732
fafg: 153 698.0 21.50980392156863
dp: 119 670.0 2.0840336134453783
fafg: 119 678.0 5.605042016806722
dp: 116 672.0 0.8793103448275862
fafg: 116 676.0 1.3275862068965518
dp: 139 675.0 14.251798561151078
fafg: 139 665.0 13.575539568345324
dp: 142 668.0 9.82394366197183
fafg: 142 678.0 11.28169014084507
dp: 125 682.0 1.856
fafg: 125 681.0 2.024
dp: 119 661.0 3.168067226890756
fafg: 119 663.0 4.5966386554621845
dp: 125 673.0 2.216
fafg: 125 675.0 1.976
dp: 113 675.0 1.4867256637168142
fafg: 113 675.0 1.6902654867256637
dp: 139 667.0 7.0647482014388485
fafg: 139 679.0 13.525179856115107
dp: 134 676.0 9.507462686567164
fafg: 134 661.0 7.440298507462686
dp: 129 686.0 21.58139534883721
fafg: 129 674.0 9.248062015503876
dp: 128 704.0 8.9375
fafg: 128 681.0 2.546875
dp: 118 705.0 16.66949152542373
fafg: 118 699.0 16.33050847457627
dp: 113 676.0 0.2743362831858407
fafg: 113 676.0 0.2920353982300885
dp: 134 711.0 49.776119402985074
fafg: 134 684.0 39.67910447761194
dp: 118 668.0 3.347457627118644
fafg: 118 668.0 2.8559322033898304
dp: 111 654.0 1.2162162162162162
fafg: 111 654.0 1.2792792792792793
dp: 125 669.0 2.04
fafg: 125 669.0 2.168
dp: 104 680.0 7.230769230769231
fafg: 104 668.0 1.2019230769230769
dp: 118 666.0 4.3559322033898304
fafg: 118 666.0 2.7542372881355934
dp: 115 663.0 0.808695652173913
fafg: 115 663.0 0.8695652173913043
dp: 126 660.0 1.6111111111111112
fafg: 126 665.0 1.7698412698412698
dp: 93 677.0 0.41935483870967744
fafg: 93 680.0 0.7096774193548387
dp: 118 727.0 54.559322033898304
fafg: 118 661.0 9.186440677966102
dp: 119 665.0 3.327731092436975
fafg: 119 665.0 6.647058823529412
dp: 118 659.0 4.406779661016949
fafg: 118 659.0 4.466101694915254
dp: 157 662.0 17.73248407643312
fafg: 157 704.0 34.904458598726116
dp: 130 667.0 2.0076923076923077
fafg: 130 678.0 5.753846153846154
dp: 116 666.0 0.7241379310344828
fafg: 116 666.0 0.8017241379310345
dp: 128 669.0 2.796875
fafg: 128 669.0 2.890625
dp: 121 680.0 1.859504132231405
fafg: 121 676.0 2.8512396694214877
dp: 129 697.0 13.728682170542635
fafg: 129 676.0 2.496124031007752
dp: 125 675.0 1.616
fafg: 125 675.0 1.976
dp: 126 662.0 2.1507936507936507
fafg: 126 664.0 2.015873015873016
dp: 126 661.0 7.634920634920635
fafg: 126 663.0 2.4047619047619047
dp: 121 672.0 1.2892561983471074
fafg: 121 672.0 1.0826446280991735
dp: 113 671.0 1.2212389380530972
fafg: 113 671.0 1.3097345132743363
dp: 123 660.0 3.5284552845528454
fafg: 123 720.0 64.9349593495935
dp: 125 661.0 6.864
fafg: 125 661.0 4.224
dp: 127 665.0 5.2362204724409445
fafg: 127 668.0 5.31496062992126
dp: 117 689.0 11.914529914529915
fafg: 117 687.0 11.905982905982906
dp: 133 713.0 18.51127819548872
fafg: 133 713.0 19.06766917293233
dp: 132 667.0 4.833333333333333
fafg: 132 692.0 27.893939393939394
dp: 155 685.0 12.32258064516129
fafg: 155 712.0 24.63225806451613
dp: 124 676.0 2.274193548387097
fafg: 124 668.0 1.435483870967742
dp: 136 698.0 12.602941176470589
fafg: 136 672.0 3.2058823529411766
dp: 113 673.0 2.566371681415929
fafg: 113 673.0 2.8230088495575223
dp: 119 671.0 3.226890756302521
fafg: 119 671.0 3.235294117647059
dp: 123 656.0 8.487804878048781
fafg: 123 656.0 8.260162601626016
dp: 126 662.0 6.476190476190476
fafg: 126 662.0 2.4761904761904763
dp: 115 664.0 1.008695652173913
fafg: 115 664.0 2.408695652173913
dp: 130 675.0 1.853846153846154
fafg: 130 675.0 1.9923076923076923
dp: 153 754.0 64.0326797385621
fafg: 153 695.0 9.222222222222221
dp: 119 678.0 1.6050420168067228
fafg: 119 683.0 1.7478991596638656
dp: 130 690.0 3.6307692307692307
fafg: 130 690.0 4.246153846153846
dp: 128 676.0 1.3125
fafg: 128 701.0 9.703125
dp: 132 738.0 48.67424242424242
fafg: 132 728.0 39.86363636363637
dp: 116 670.0 3.5172413793103448
fafg: 116 670.0 1.9655172413793103
dp: 135 658.0 2.162962962962963
fafg: 135 692.0 13.562962962962963
dp: 133 667.0 2.4511278195488724
fafg: 133 667.0 4.293233082706767
dp: 126 680.0 6.928571428571429
fafg: 126 672.0 3.6507936507936507
dp: 140 682.0 5.871428571428571
fafg: 140 679.0 7.435714285714286
dp: 117 672.0 0.9829059829059829
fafg: 117 678.0 1.0512820512820513
dp: 150 684.0 16.606666666666666
fafg: 150 684.0 14.26
dp: 136 695.0 11.492647058823529
fafg: 136 691.0 11.198529411764707
dp: 123 663.0 2.4065040650406506
fafg: 123 663.0 15.08130081300813
dp: 105 673.0 1.0476190476190477
fafg: 105 673.0 1.0095238095238095
dp: 139 664.0 3.172661870503597
fafg: 139 694.0 24.62589928057554
dp: 112 676.0 9.071428571428571
fafg: 112 676.0 3.8839285714285716
dp: 119 670.0 6.705882352941177
fafg: 119 670.0 7.53781512605042
dp: 142 688.0 4.338028169014085
fafg: 142 684.0 3.591549295774648
dp: 125 677.0 4.008
fafg: 125 677.0 3.992
dp: 115 671.0 1.373913043478261
fafg: 115 671.0 1.7565217391304349
dp: 119 664.0 2.764705882352941
fafg: 119 664.0 2.5294117647058822
dp: 134 671.0 1.9328358208955223
fafg: 134 696.0 11.455223880597014
dp: 103 668.0 7.135922330097087
fafg: 103 668.0 7.262135922330097
dp: 118 672.0 1.1610169491525424
fafg: 118 672.0 1.3983050847457628
dp: 102 670.0 1.9607843137254901
fafg: 102 670.0 1.9901960784313726
dp: 129 673.0 1.8604651162790697
fafg: 129 727.0 43.23255813953488
dp: 102 662.0 1.6764705882352942
fafg: 102 662.0 0.9117647058823529
dp: 129 682.0 4.248062015503876
fafg: 129 682.0 1.7364341085271318
dp: 124 667.0 1.2580645161290323
fafg: 124 678.0 3.1693548387096775
dp: 133 674.0 3.481203007518797
fafg: 133 675.0 5.526315789473684
dp: 125 653.0 3.256
fafg: 125 653.0 3.176
dp: 117 670.0 1.3076923076923077
fafg: 117 672.0 1.0683760683760684
dp: 120 673.0 2.75
fafg: 120 671.0 2.966666666666667
dp: 118 668.0 4.52542372881356
fafg: 118 698.0 11.627118644067796
dp: 127 671.0 2.1338582677165356
fafg: 127 677.0 3.0708661417322833
dp: 117 669.0 2.6153846153846154
fafg: 117 669.0 3.1538461538461537
dp: 116 662.0 1.0258620689655173
fafg: 116 662.0 3.4051724137931036
dp: 105 661.0 8.790476190476191
fafg: 105 661.0 5.9904761904761905
dp: 113 668.0 2.088495575221239
fafg: 113 668.0 2.1946902654867255
dp: 127 681.0 1.858267716535433
fafg: 127 681.0 2.1181102362204722
dp: 119 652.0 2.907563025210084
fafg: 119 652.0 3.0252100840336134
dp: 118 668.0 1.1864406779661016
fafg: 118 668.0 1.7627118644067796
dp: 129 674.0 5.333333333333333
fafg: 129 674.0 3.441860465116279
dp: 137 673.0 6.350364963503649
fafg: 137 695.0 11.846715328467154
dp: 129 682.0 3.5813953488372094
fafg: 129 682.0 2.7364341085271318
dp: 119 690.0 12.067226890756302
fafg: 119 690.0 12.07563025210084
dp: 129 665.0 12.534883720930232
fafg: 129 662.0 12.4031007751938
dp: 128 680.0 4.8671875
fafg: 128 677.0 4.8515625
dp: 126 654.0 1.7698412698412698
fafg: 126 654.0 1.7698412698412698
dp: 125 665.0 28.304
fafg: 125 665.0 2.296
dp: 133 727.0 60.090225563909776
fafg: 133 693.0 52.18045112781955
dp: 120 700.0 10.658333333333333
fafg: 120 700.0 10.708333333333334
dp: 120 657.0 1.2583333333333333
fafg: 120 657.0 1.3083333333333333
dp: 134 688.0 19.425373134328357
fafg: 134 688.0 19.246268656716417
dp: 127 687.0 23.874015748031496
fafg: 127 672.0 8.377952755905511
dp: 126 655.0 5.134920634920635
fafg: 126 655.0 3.8333333333333335
dp: 106 666.0 1.5
fafg: 106 666.0 1.5566037735849056
dp: 112 668.0 1.6517857142857142
fafg: 112 668.0 1.6964285714285714
dp: 130 671.0 1.9076923076923078
fafg: 130 736.0 28.346153846153847
dp: 127 687.0 31.496062992125985
fafg: 127 721.0 30.858267716535433
dp: 115 653.0 0.6
fafg: 115 653.0 0.34782608695652173
dp: 127 680.0 4.661417322834645
fafg: 127 674.0 5.31496062992126
dp: 103 670.0 3.9805825242718447
fafg: 103 670.0 2.3689320388349513
dp: 131 671.0 1.3129770992366412
fafg: 131 671.0 1.4351145038167938
dp: 120 666.0 2.5833333333333335
fafg: 120 666.0 5.308333333333334
dp: 140 650.0 10.564285714285715
fafg: 140 650.0 3.7714285714285714
dp: 134 676.0 12.485074626865671
fafg: 134 676.0 20.16417910447761
dp: 121 683.0 2.9421487603305785
fafg: 121 683.0 2.2148760330578514
dp: 113 668.0 1.7168141592920354
fafg: 113 668.0 0.6991150442477876
dp: 124 668.0 2.75
fafg: 124 678.0 4.491935483870968
dp: 122 669.0 1.6967213114754098
fafg: 122 669.0 1.459016393442623
dp: 139 702.0 41.84172661870504
fafg: 139 719.0 58.57553956834533
dp: 124 668.0 2.653225806451613
fafg: 124 668.0 2.379032258064516
dp: 135 669.0 15.170370370370371
fafg: 135 695.0 29.91111111111111
dp: 127 645.0 7.409448818897638
fafg: 127 663.0 4.6299212598425195
dp: 139 667.0 1.5035971223021583
fafg: 139 667.0 1.618705035971223
dp: 115 671.0 1.5130434782608695
fafg: 115 671.0 3.243478260869565
dp: 132 666.0 2.287878787878788
fafg: 132 666.0 2.477272727272727
dp: 127 662.0 15.78740157480315
fafg: 127 662.0 1.921259842519685
dp: 124 657.0 5.758064516129032
fafg: 124 691.0 46.17741935483871
dp: 129 683.0 10.031007751937985
fafg: 129 698.0 9.34108527131783
dp: 135 671.0 4.0962962962962965
fafg: 135 671.0 2.9851851851851854
dp: 112 670.0 1.4017857142857142
fafg: 112 670.0 1.4285714285714286
dp: 115 668.0 3.4782608695652173
fafg: 115 668.0 4.008695652173913
dp: 125 675.0 2.528
fafg: 125 681.0 3.088
dp: 149 708.0 21.08053691275168
fafg: 149 708.0 21.187919463087248
dp: 118 662.0 1.9745762711864407
fafg: 118 662.0 1.9322033898305084
dp: 122 649.0 2.7459016393442623
fafg: 122 649.0 2.9098360655737703
dp: 130 675.0 13.692307692307692
fafg: 130 675.0 14.453846153846154
dp: 126 669.0 36.79365079365079
fafg: 126 675.0 38.007936507936506
dp: 150 683.0 25.373333333333335
fafg: 150 663.0 19.113333333333333
dp: 116 657.0 0.5431034482758621
fafg: 116 657.0 0.6379310344827587
dp: 120 675.0 0.9583333333333334
fafg: 120 675.0 0.9416666666666667
dp: 118 673.0 1.228813559322034
fafg: 118 675.0 3.3813559322033897
dp: 106 693.0 5.547169811320755
fafg: 106 686.0 2.641509433962264
dp: 134 668.0 2.7761194029850746
fafg: 134 670.0 2.8358208955223883
dp: 139 729.0 41.82014388489208
fafg: 139 727.0 38.431654676258994
dp: 126 672.0 2.1666666666666665
fafg: 126 673.0 4.888888888888889
dp: 119 704.0 13.915966386554622
fafg: 119 671.0 3.327731092436975
dp: 113 677.0 2.849557522123894
fafg: 113 679.0 2.8849557522123894
dp: 116 665.0 2.6120689655172415
fafg: 116 665.0 2.896551724137931
dp: 117 680.0 6.358974358974359
fafg: 117 680.0 6.64957264957265
dp: 124 681.0 3.338709677419355
fafg: 124 681.0 3.3225806451612905
dp: 115 659.0 5.052173913043478
fafg: 115 659.0 4.582608695652174
dp: 128 683.0 3.859375
fafg: 128 687.0 3.234375
dp: 116 668.0 1.7672413793103448
fafg: 116 668.0 1.8017241379310345
dp: 108 667.0 1.1851851851851851
fafg: 108 667.0 1.2407407407407407
dp: 129 680.0 4.24031007751938
fafg: 129 680.0 3.945736434108527
dp: 128 689.0 31.34375
fafg: 128 674.0 5.1796875
dp: 123 663.0 1.6585365853658536
fafg: 123 663.0 1.8048780487804879
dp: 125 665.0 5.4
fafg: 125 683.0 12.376
dp: 111 674.0 0.2882882882882883
fafg: 111 674.0 0.3063063063063063
dp: 118 656.0 6.915254237288136
fafg: 118 656.0 8.26271186440678
dp: 114 674.0 7.0701754385964914
fafg: 114 678.0 7.131578947368421
dp: 122 673.0 20.114754098360656
fafg: 122 712.0 27.942622950819672
dp: 131 714.0 41.778625954198475
fafg: 131 662.0 7.6106870229007635
dp: 137 702.0 11.86861313868613
fafg: 137 675.0 4.7226277372262775
dp: 133 666.0 11.729323308270677
fafg: 133 666.0 13.548872180451127
dp: 126 702.0 37.13492063492063
fafg: 126 658.0 5.015873015873016
dp: 127 676.0 4.2362204724409445
fafg: 127 676.0 4.346456692913386
dp: 116 677.0 2.0
fafg: 116 673.0 2.2413793103448274
dp: 124 656.0 2.5403225806451615
fafg: 124 656.0 2.846774193548387
dp: 124 665.0 4.395161290322581
fafg: 124 665.0 5.201612903225806
dp: 122 667.0 0.9508196721311475
fafg: 122 667.0 3.4098360655737703
dp: 142 691.0 10.69718309859155
fafg: 142 662.0 2.6901408450704225
dp: 115 676.0 9.608695652173912
fafg: 115 657.0 3.226086956521739
dp: 123 669.0 16.008130081300813
fafg: 123 669.0 5.7317073170731705
dp: 128 676.0 6.4453125
fafg: 128 676.0 3.8125
dp: 135 732.0 62.56296296296296
fafg: 135 730.0 62.1037037037037
dp: 115 676.0 0.8260869565217391
fafg: 115 686.0 1.5304347826086957
dp: 121 663.0 5.413223140495868
fafg: 121 663.0 7.074380165289257
dp: 134 675.0 0.9626865671641791
fafg: 134 676.0 1.6492537313432836
dp: 144 672.0 5.541666666666667
fafg: 144 700.0 4.222222222222222
dp: 116 671.0 1.4655172413793103
fafg: 116 671.0 1.5517241379310345
dp: 123 665.0 4.853658536585366
fafg: 123 665.0 4.357723577235772
dp: 110 668.0 1.2181818181818183
fafg: 110 675.0 2.4727272727272727
dp: 123 689.0 19.764227642276424
fafg: 123 689.0 17.48780487804878
dp: 128 689.0 16.5078125
fafg: 128 687.0 10.875
dp: 128 699.0 49.21875
fafg: 128 699.0 50.578125
dp: 119 707.0 15.07563025210084
fafg: 119 678.0 5.117647058823529
dp: 131 683.0 6.206106870229007
fafg: 131 668.0 1.9541984732824427
dp: 117 667.0 1.9743589743589745
fafg: 117 674.0 2.8461538461538463
dp: 119 651.0 1.411764705882353
fafg: 119 651.0 1.453781512605042
dp: 124 663.0 1.4758064516129032
fafg: 124 663.0 1.6612903225806452
dp: 119 668.0 0.7310924369747899
fafg: 119 672.0 11.352941176470589
dp: 122 662.0 4.188524590163935
fafg: 122 662.0 5.245901639344262
dp: 131 675.0 11.17557251908397
fafg: 131 654.0 2.900763358778626
dp: 103 670.0 0.883495145631068
fafg: 103 670.0 0.883495145631068
dp: 121 668.0 7.702479338842975
fafg: 121 668.0 7.512396694214876
dp: 128 673.0 2.203125
fafg: 128 673.0 2.359375
dp: 135 688.0 3.740740740740741
fafg: 135 693.0 6.222222222222222
dp: 126 658.0 2.515873015873016
fafg: 126 658.0 2.6031746031746033
dp: 147 774.0 104.10204081632654
fafg: 147 752.0 81.31292517006803
dp: 123 646.0 1.2926829268292683
fafg: 123 655.0 1.4390243902439024
dp: 135 675.0 1.5555555555555556
fafg: 135 677.0 1.5851851851851853
dp: 127 666.0 1.6456692913385826
fafg: 127 666.0 2.062992125984252
dp: 124 678.0 4.387096774193548
fafg: 124 690.0 10.120967741935484
dp: 136 666.0 5.786764705882353
fafg: 136 666.0 9.367647058823529
dp: 119 677.0 1.6218487394957983
fafg: 119 677.0 1.8319327731092436
dp: 126 711.0 23.00793650793651
fafg: 126 663.0 0.8095238095238095
dp: 98 671.0 0.5510204081632653
fafg: 98 664.0 0.9795918367346939
dp: 127 676.0 29.10236220472441
fafg: 127 657.0 22.393700787401574
dp: 127 663.0 3.409448818897638
fafg: 127 663.0 3.4015748031496065
dp: 141 728.0 22.76595744680851
fafg: 141 728.0 22.872340425531913
dp: 113 669.0 6.477876106194691
fafg: 113 669.0 6.415929203539823
dp: 122 666.0 1.9098360655737705
fafg: 122 703.0 18.37704918032787
dp: 114 656.0 2.482456140350877
fafg: 114 656.0 2.3771929824561404
dp: 131 705.0 11.580152671755725
fafg: 131 718.0 19.106870229007633
dp: 135 677.0 2.1481481481481484
fafg: 135 679.0 3.259259259259259
dp: 126 689.0 2.0238095238095237
fafg: 126 686.0 2.0476190476190474
dp: 111 651.0 0.963963963963964
fafg: 111 651.0 1.0
dp: 152 683.0 33.88815789473684
fafg: 152 762.0 80.6842105263158
dp: 122 682.0 5.426229508196721
fafg: 122 667.0 3.721311475409836
dp: 119 662.0 0.8739495798319328
fafg: 119 662.0 0.8487394957983193
dp: 133 671.0 1.781954887218045
fafg: 133 671.0 2.0150375939849625
dp: 126 675.0 9.96031746031746
fafg: 126 668.0 5.285714285714286
dp: 123 656.0 10.845528455284553
fafg: 123 656.0 12.40650406504065
dp: 124 662.0 0.7661290322580645
fafg: 124 662.0 2.129032258064516
dp: 116 667.0 1.9310344827586208
fafg: 116 667.0 1.9741379310344827
dp: 125 659.0 2.184
fafg: 125 688.0 9.248
dp: 119 696.0 35.27731092436975
fafg: 119 678.0 24.96638655462185
dp: 129 674.0 3.4186046511627906
fafg: 129 674.0 6.883720930232558
dp: 154 772.0 74.14285714285714
fafg: 154 740.0 46.48051948051948
dp: 138 688.0 1.9130434782608696
fafg: 138 700.0 3.536231884057971
dp: 116 678.0 1.8793103448275863
fafg: 116 678.0 3.9482758620689653
dp: 148 746.0 58.486486486486484
fafg: 148 683.0 4.783783783783784
dp: 113 667.0 0.8407079646017699
fafg: 113 670.0 1.5132743362831858
dp: 128 682.0 2.2890625
fafg: 128 677.0 2.015625
dp: 115 663.0 3.6
fafg: 115 645.0 2.5391304347826087
dp: 123 673.0 1.7804878048780488
fafg: 123 673.0 2.5528455284552845
dp: 108 665.0 27.925925925925927
fafg: 108 665.0 27.77777777777778
dp: 112 680.0 1.1785714285714286
fafg: 112 680.0 1.2678571428571428
dp: 115 684.0 20.565217391304348
fafg: 115 661.0 17.930434782608696
dp: 135 661.0 7.066666666666666
fafg: 135 703.0 25.51851851851852
dp: 118 664.0 4.915254237288136
fafg: 118 664.0 4.389830508474576
dp: 123 655.0 3.4471544715447155
fafg: 123 655.0 6.983739837398374
dp: 139 666.0 2.964028776978417
fafg: 139 730.0 61.007194244604314
dp: 112 674.0 1.5803571428571428
fafg: 112 674.0 1.6517857142857142
dp: 143 679.0 8.328671328671328
fafg: 143 698.0 13.076923076923077
dp: 125 658.0 2.136
fafg: 125 658.0 3.856
dp: 120 671.0 1.6583333333333334
fafg: 120 671.0 2.0833333333333335
dp: 140 695.0 10.228571428571428
fafg: 140 671.0 6.171428571428572
dp: 112 670.0 0.7678571428571429
fafg: 112 670.0 0.9821428571428571
dp: 142 697.0 16.577464788732396
fafg: 142 673.0 6.267605633802817
dp: 117 666.0 1.4786324786324787
fafg: 117 666.0 8.179487179487179
dp: 140 701.0 23.607142857142858
fafg: 140 664.0 30.835714285714285
dp: 125 648.0 5.536
fafg: 125 648.0 5.584
dp: 113 681.0 0.8849557522123894
fafg: 113 681.0 1.0353982300884956
dp: 140 684.0 14.17142857142857
fafg: 140 670.0 11.571428571428571
dp: 130 676.0 4.915384615384616
fafg: 130 684.0 4.469230769230769
dp: 121 661.0 3.4710743801652892
fafg: 121 661.0 3.396694214876033
dp: 145 694.0 5.641379310344828
fafg: 145 687.0 3.593103448275862
dp: 116 666.0 1.1293103448275863
fafg: 116 666.0 2.0086206896551726
dp: 137 661.0 7.401459854014599
fafg: 137 696.0 19.277372262773724
dp: 134 674.0 4.0
fafg: 134 674.0 3.111940298507463
dp: 118 660.0 1.4491525423728813
fafg: 118 660.0 1.4406779661016949
dp: 156 680.0 9.416666666666666
fafg: 156 688.0 12.83974358974359
dp: 105 672.0 0.6952380952380952
fafg: 105 672.0 0.8857142857142857
dp: 150 665.0 17.733333333333334
fafg: 150 665.0 4.993333333333333
dp: 133 675.0 1.556390977443609
fafg: 133 674.0 2.0
dp: 108 668.0 0.5370370370370371
fafg: 108 668.0 0.7314814814814815
dp: 126 647.0 4.968253968253968
fafg: 126 646.0 4.7936507936507935
dp: 116 660.0 4.956896551724138
fafg: 116 660.0 3.103448275862069
dp: 133 676.0 2.3684210526315788
fafg: 133 686.0 4.56390977443609
dp: 134 656.0 6.253731343283582
fafg: 134 656.0 5.537313432835821
dp: 127 762.0 83.8740157480315
fafg: 127 724.0 55.90551181102362
dp: 135 671.0 12.496296296296297
fafg: 135 671.0 6.051851851851852
dp: 122 679.0 1.0901639344262295
fafg: 122 697.0 8.172131147540984
dp: 116 676.0 10.28448275862069
fafg: 116 676.0 10.301724137931034
dp: 137 664.0 9.430656934306569
fafg: 137 664.0 10.233576642335766
dp: 114 663.0 0.956140350877193
fafg: 114 663.0 0.7982456140350878
dp: 119 663.0 2.4873949579831933
fafg: 119 663.0 3.2100840336134455
dp: 128 698.0 9.0546875
fafg: 128 698.0 11.84375
dp: 121 674.0 0.7024793388429752
fafg: 121 674.0 0.743801652892562
dp: 114 666.0 5.105263157894737
fafg: 114 666.0 14.307017543859649
dp: 131 659.0 2.381679389312977
fafg: 131 659.0 3.2748091603053435
dp: 138 664.0 4.891304347826087
fafg: 138 693.0 22.768115942028984
dp: 113 676.0 1.0884955752212389
fafg: 113 679.0 5.557522123893805
dp: 136 660.0 3.286764705882353
fafg: 136 683.0 16.125
dp: 122 668.0 26.9672131147541
fafg: 122 668.0 2.8278688524590163
dp: 108 664.0 2.740740740740741
fafg: 108 664.0 0.6944444444444444
dp: 143 674.0 2.202797202797203
fafg: 143 674.0 2.993006993006993
dp: 131 675.0 15.717557251908397
fafg: 131 675.0 5.427480916030534
dp: 128 677.0 0.7890625
fafg: 128 677.0 1.2109375
dp: 112 679.0 3.2232142857142856
fafg: 112 679.0 4.678571428571429
dp: 114 676.0 1.0175438596491229
fafg: 114 680.0 1.1842105263157894
dp: 127 663.0 6.086614173228346
fafg: 127 663.0 5.724409448818897
dp: 135 682.0 2.22962962962963
fafg: 135 682.0 2.4
dp: 127 683.0 2.763779527559055
fafg: 127 683.0 2.763779527559055
dp: 124 705.0 19.451612903225808
fafg: 124 672.0 3.2983870967741935
dp: 126 666.0 2.7936507936507935
fafg: 126 671.0 3.0317460317460316
dp: 98 666.0 1.5510204081632653
fafg: 98 668.0 1.5612244897959184
dp: 117 671.0 1.4102564102564104
fafg: 117 671.0 1.358974358974359
dp: 126 695.0 9.373015873015873
fafg: 126 695.0 9.547619047619047
dp: 116 671.0 0.6206896551724138
fafg: 116 671.0 0.6810344827586207
dp: 119 671.0 2.764705882352941
fafg: 119 671.0 4.991596638655462
dp: 129 701.0 24.17829457364341
fafg: 129 696.0 23.82170542635659
dp: 113 677.0 2.814159292035398
fafg: 113 673.0 2.150442477876106
dp: 120 683.0 3.308333333333333
fafg: 120 660.0 0.9666666666666667
dp: 117 667.0 12.94017094017094
fafg: 117 667.0 3.427350427350427
dp: 122 666.0 1.180327868852459
fafg: 122 687.0 14.139344262295081
dp: 124 676.0 25.048387096774192
fafg: 124 680.0 23.75
dp: 123 727.0 47.951219512195124
fafg: 123 668.0 4.650406504065041
dp: 123 675.0 1.1056910569105691
fafg: 123 675.0 1.6260162601626016
dp: 115 698.0 56.791304347826085
fafg: 115 662.0 4.469565217391304
dp: 117 669.0 3.6666666666666665
fafg: 117 669.0 3.1623931623931623
dp: 134 669.0 5.753731343283582
fafg: 134 673.0 6.276119402985074
dp: 131 660.0 3.8702290076335877
fafg: 131 660.0 2.4732824427480917
dp: 120 669.0 4.525
fafg: 120 669.0 4.516666666666667
dp: 143 660.0 4.335664335664336
fafg: 143 659.0 3.2167832167832167
dp: 116 679.0 4.206896551724138
fafg: 116 688.0 7.982758620689655
dp: 128 684.0 3.6484375
fafg: 128 687.0 1.3671875
dp: 126 681.0 1.9761904761904763
fafg: 126 685.0 1.7777777777777777
dp: 120 672.0 2.475
fafg: 120 690.0 6.383333333333334
dp: 112 663.0 1.0982142857142858
fafg: 112 663.0 1.2767857142857142
dp: 125 657.0 4.264
fafg: 125 657.0 4.928
dp: 125 681.0 24.568
fafg: 125 662.0 3.392
dp: 126 662.0 10.984126984126984
fafg: 126 663.0 2.007936507936508
dp: 118 697.0 9.745762711864407
fafg: 118 667.0 2.7966101694915255
dp: 137 692.0 5.211678832116788
fafg: 137 679.0 3.2846715328467155
dp: 120 668.0 4.333333333333333
fafg: 120 668.0 4.375
dp: 128 722.0 22.3125
fafg: 128 679.0 2.2890625
dp: 142 669.0 4.197183098591549
fafg: 142 668.0 4.23943661971831
dp: 126 663.0 1.6349206349206349
fafg: 126 726.0 37.12698412698413
dp: 109 661.0 0.47706422018348627
fafg: 109 661.0 0.44036697247706424
dp: 135 676.0 2.8666666666666667
fafg: 135 677.0 3.237037037037037
dp: 155 715.0 15.864516129032259
fafg: 155 688.0 22.651612903225807
dp: 114 668.0 2.2719298245614037
fafg: 114 668.0 1.605263157894737
dp: 129 677.0 1.6434108527131783
fafg: 129 677.0 2.124031007751938
dp: 121 675.0 1.6115702479338843
fafg: 121 675.0 2.4297520661157024
dp: 134 674.0 7.7611940298507465
fafg: 134 716.0 37.69402985074627
dp: 108 662.0 0.8981481481481481
fafg: 108 662.0 9.37962962962963
dp: 127 686.0 9.606299212598426
fafg: 127 673.0 7.535433070866142
dp: 114 682.0 9.412280701754385
fafg: 114 673.0 8.350877192982455
dp: 138 730.0 80.6376811594203
fafg: 138 734.0 76.65217391304348
dp: 117 671.0 1.7264957264957266
fafg: 117 671.0 1.9059829059829059
dp: 124 709.0 21.112903225806452
fafg: 124 670.0 1.9758064516129032
dp: 130 687.0 8.961538461538462
fafg: 130 681.0 6.723076923076923
dp: 120 660.0 1.1083333333333334
fafg: 120 660.0 1.1333333333333333
dp: 125 673.0 1.72
fafg: 125 696.0 2.48
dp: 127 664.0 1.9133858267716535
fafg: 127 664.0 1.921259842519685
dp: 120 645.0 11.241666666666667
fafg: 120 645.0 8.608333333333333
dp: 129 681.0 3.3410852713178296
fafg: 129 698.0 15.837209302325581
dp: 130 675.0 14.26923076923077
fafg: 130 675.0 7.507692307692308
dp: 139 669.0 4.712230215827338
fafg: 139 689.0 8.194244604316546
dp: 121 668.0 2.487603305785124
fafg: 121 668.0 2.5867768595041323
dp: 132 666.0 5.636363636363637
fafg: 132 666.0 3.0984848484848486
dp: 136 648.0 7.852941176470588
fafg: 136 648.0 4.235294117647059
dp: 145 676.0 8.386206896551725
fafg: 145 676.0 7.9862068965517246
dp: 128 675.0 4.2109375
fafg: 128 675.0 4.5625
dp: 121 669.0 1.71900826446281
fafg: 121 669.0 1.7685950413223142
dp: 128 668.0 6.5703125
fafg: 128 668.0 6.203125
dp: 129 675.0 10.7984496124031
fafg: 129 674.0 4.922480620155039
dp: 118 691.0 16.864406779661017
fafg: 118 664.0 6.0
dp: 108 664.0 0.9629629629629629
fafg: 108 664.0 6.2407407407407405
dp: 134 703.0 12.149253731343284
fafg: 134 704.0 12.313432835820896
dp: 136 668.0 4.602941176470588
fafg: 136 684.0 9.205882352941176
dp: 112 674.0 1.3571428571428572
fafg: 112 674.0 1.3214285714285714
dp: 127 670.0 7.47244094488189
fafg: 127 677.0 3.5196850393700787
dp: 114 675.0 1.105263157894737
fafg: 114 675.0 1.131578947368421
dp: 122 688.0 7.549180327868853
fafg: 122 680.0 5.319672131147541
dp: 132 686.0 10.446969696969697
fafg: 132 683.0 7.568181818181818
dp: 126 658.0 2.4444444444444446
fafg: 126 660.0 2.619047619047619
dp: 152 711.0 34.18421052631579
fafg: 152 696.0 21.901315789473685
dp: 133 667.0 8.947368421052632
fafg: 133 667.0 6.353383458646617
dp: 138 645.0 13.869565217391305
fafg: 138 680.0 24.485507246376812
dp: 127 672.0 1.2992125984251968
fafg: 127 674.0 1.5590551181102361
dp: 135 722.0 36.48888888888889
fafg: 135 656.0 4.037037037037037
dp: 136 662.0 2.5661764705882355
fafg: 136 662.0 10.397058823529411
dp: 136 687.0 6.6911764705882355
fafg: 136 677.0 4.220588235294118
dp: 117 666.0 1.0598290598290598
fafg: 117 666.0 0.7606837606837606
dp: 135 655.0 1.5185185185185186
fafg: 135 655.0 1.5777777777777777
dp: 120 670.0 1.9166666666666667
fafg: 120 670.0 1.95
dp: 124 672.0 1.3790322580645162
fafg: 124 672.0 1.5
dp: 112 674.0 2.982142857142857
fafg: 112 674.0 3.0625
dp: 115 655.0 1.2173913043478262
fafg: 115 656.0 1.208695652173913
dp: 128 681.0 2.40625
fafg: 128 681.0 20.5234375
dp: 135 714.0 23.125925925925927
fafg: 135 714.0 24.674074074074074
dp: 132 691.0 7.181818181818182
fafg: 132 698.0 7.742424242424242
dp: 122 686.0 18.327868852459016
fafg: 122 656.0 2.0901639344262297
dp: 134 732.0 41.16417910447761
fafg: 134 737.0 41.47761194029851
dp: 128 675.0 2.9296875
fafg: 128 675.0 2.8984375
dp: 133 666.0 1.300751879699248
fafg: 133 666.0 2.1278195488721803
dp: 126 674.0 5.103174603174603
fafg: 126 663.0 1.8015873015873016
dp: 128 680.0 2.890625
fafg: 128 714.0 11.9921875
dp: 134 690.0 2.2611940298507465
fafg: 134 690.0 2.0074626865671643
dp: 121 669.0 0.7851239669421488
fafg: 121 669.0 1.140495867768595
dp: 125 703.0 20.472
fafg: 125 676.0 2.344
dp: 138 681.0 15.18840579710145
fafg: 138 657.0 3.5144927536231885
dp: 127 662.0 0.7322834645669292
fafg: 127 662.0 0.7165354330708661
dp: 130 688.0 21.26923076923077
fafg: 130 688.0 7.361538461538461
dp: 115 665.0 2.1130434782608694
fafg: 115 665.0 4.3652173913043475
dp: 139 668.0 2.223021582733813
fafg: 139 684.0 4.0503597122302155
dp: 136 662.0 14.610294117647058
fafg: 136 656.0 11.948529411764707
dp: 129 682.0 12.30232558139535
fafg: 129 688.0 13.37984496124031
dp: 136 688.0 3.4191176470588234
fafg: 136 688.0 3.426470588235294
dp: 107 655.0 0.794392523364486
fafg: 107 655.0 0.8317757009345794
dp: 126 667.0 4.992063492063492
fafg: 126 683.0 28.936507936507937
dp: 141 672.0 22.5531914893617
fafg: 141 671.0 22.375886524822697
dp: 123 713.0 17.96747967479675
fafg: 123 715.0 19.45528455284553
dp: 121 670.0 2.1983471074380163
fafg: 121 670.0 1.4297520661157024
dp: 106 660.0 1.2830188679245282
fafg: 106 660.0 1.3867924528301887
dp: 115 657.0 2.643478260869565
fafg: 115 657.0 19.191304347826087
dp: 117 711.0 21.4017094017094
fafg: 117 673.0 1.1025641025641026
dp: 128 691.0 2.515625
fafg: 128 695.0 2.375
dp: 129 682.0 1.2093023255813953
fafg: 129 682.0 1.4108527131782946
dp: 116 662.0 6.905172413793103
fafg: 116 662.0 6.896551724137931
dp: 109 674.0 0.9541284403669725
fafg: 109 674.0 1.073394495412844
dp: 123 663.0 2.4227642276422765
fafg: 123 663.0 2.967479674796748
dp: 131 661.0 2.5267175572519083
fafg: 131 661.0 3.2213740458015265
dp: 126 665.0 4.746031746031746
fafg: 126 665.0 4.746031746031746
dp: 112 673.0 1.2589285714285714
fafg: 112 673.0 1.8035714285714286
dp: 153 730.0 17.764705882352942
fafg: 153 715.0 13.522875816993464
dp: 120 670.0 1.875
fafg: 120 672.0 3.975
dp: 143 680.0 15.104895104895105
fafg: 143 688.0 23.223776223776223
dp: 137 665.0 7.007299270072993
fafg: 137 665.0 7.810218978102189
dp: 130 671.0 4.507692307692308
fafg: 130 671.0 4.530769230769231
dp: 143 662.0 3.5804195804195804
fafg: 143 662.0 3.006993006993007
dp: 124 669.0 6.483870967741935
fafg: 124 670.0 4.67741935483871
dp: 114 678.0 1.0789473684210527
fafg: 114 678.0 1.280701754385965
dp: 117 655.0 2.3675213675213675
fafg: 117 655.0 3.034188034188034
dp: 126 669.0 1.8968253968253967
fafg: 126 669.0 1.5396825396825398
dp: 121 693.0 27.99173553719008
fafg: 121 667.0 8.15702479338843
dp: 125 703.0 18.952
fafg: 125 667.0 2.656
dp: 130 695.0 7.384615384615385
fafg: 130 695.0 7.384615384615385
dp: 120 667.0 2.9583333333333335
fafg: 120 670.0 2.975
dp: 115 664.0 1.6608695652173913
fafg: 115 664.0 1.6695652173913043
dp: 130 697.0 26.70769230769231
fafg: 130 688.0 24.7
dp: 131 694.0 10.83206106870229
fafg: 131 670.0 6.648854961832061
dp: 133 681.0 6.2781954887218046
fafg: 133 681.0 18.13533834586466
dp: 128 680.0 2.2578125
fafg: 128 681.0 6.8359375
dp: 124 661.0 0.6048387096774194
fafg: 124 661.0 0.9032258064516129
dp: 115 667.0 1.6782608695652175
fafg: 115 670.0 1.8608695652173912
dp: 121 683.0 5.710743801652892
fafg: 121 683.0 5.595041322314049
dp: 134 670.0 2.3358208955223883
fafg: 134 692.0 9.552238805970148
dp: 122 667.0 4.565573770491803
fafg: 122 667.0 1.6475409836065573
dp: 125 655.0 1.64
fafg: 125 655.0 2.192
dp: 138 685.0 5.601449275362318
fafg: 138 694.0 7.2898550724637685
dp: 127 660.0 2.283464566929134
fafg: 127 660.0 3.1023622047244093
dp: 137 706.0 30.51094890510949
fafg: 137 688.0 3.9708029197080292
dp: 150 717.0 49.43333333333333
fafg: 150 708.0 38.74666666666667
dp: 116 669.0 0.7327586206896551
fafg: 116 673.0 0.6293103448275862
dp: 131 676.0 6.793893129770993
fafg: 131 677.0 6.801526717557252
dp: 133 668.0 7.120300751879699
fafg: 133 668.0 12.842105263157896
dp: 130 675.0 3.230769230769231
fafg: 130 675.0 3.5153846153846153
dp: 141 694.0 59.0
fafg: 141 668.0 11.361702127659575
dp: 127 672.0 1.5905511811023623
fafg: 127 686.0 15.291338582677165
dp: 142 686.0 14.309859154929578
fafg: 142 686.0 14.330985915492958
dp: 132 671.0 4.2727272727272725
fafg: 132 671.0 3.196969696969697
dp: 123 673.0 5.764227642276423
fafg: 123 673.0 5.804878048780488
dp: 115 659.0 4.121739130434783
fafg: 115 704.0 25.08695652173913
dp: 107 668.0 4.570093457943925
fafg: 107 668.0 4.4953271028037385
dp: 111 670.0 2.891891891891892
fafg: 111 670.0 2.918918918918919
dp: 145 680.0 20.048275862068966
fafg: 145 698.0 18.93793103448276
dp: 121 667.0 0.9173553719008265
fafg: 121 667.0 1.487603305785124
dp: 134 712.0 29.5
fafg: 134 712.0 26.84328358208955
dp: 110 665.0 0.9454545454545454
fafg: 110 665.0 1.5363636363636364
dp: 127 692.0 10.795275590551181
fafg: 127 701.0 13.874015748031496
dp: 124 682.0 1.403225806451613
fafg: 124 682.0 1.5483870967741935
dp: 134 702.0 53.291044776119406
fafg: 134 702.0 53.16417910447761
dp: 120 706.0 30.775
fafg: 120 664.0 4.458333333333333
dp: 136 670.0 2.448529411764706
fafg: 136 689.0 12.970588235294118
dp: 122 670.0 1.0819672131147542
fafg: 122 670.0 1.860655737704918
dp: 116 684.0 2.5517241379310347
fafg: 116 684.0 2.646551724137931
dp: 139 751.0 79.48920863309353
fafg: 139 759.0 63.30935251798561
dp: 145 695.0 8.675862068965516
fafg: 145 693.0 7.76551724137931
dp: 117 665.0 0.811965811965812
fafg: 117 665.0 1.982905982905983
dp: 132 748.0 82.43939393939394
fafg: 132 720.0 66.03030303030303
dp: 140 685.0 30.692857142857143
fafg: 140 696.0 35.1
dp: 133 673.0 4.2406015037593985
fafg: 133 666.0 6.466165413533835
dp: 120 661.0 0.875
fafg: 120 661.0 2.25
dp: 113 683.0 0.9557522123893806
fafg: 113 683.0 0.9823008849557522
dp: 139 669.0 6.280575539568345
fafg: 139 676.0 1.2949640287769784
dp: 125 664.0 3.16
fafg: 125 664.0 1.544
dp: 114 672.0 1.1666666666666667
fafg: 114 668.0 1.3421052631578947
dp: 122 653.0 1.639344262295082
fafg: 122 653.0 3.1065573770491803
dp: 131 670.0 6.083969465648855
fafg: 131 678.0 11.061068702290076
dp: 120 674.0 1.8166666666666667
fafg: 120 674.0 1.8166666666666667
dp: 106 653.0 0.5094339622641509
fafg: 106 653.0 0.5188679245283019
dp: 121 669.0 0.7355371900826446
fafg: 121 669.0 0.7520661157024794
dp: 105 666.0 2.942857142857143
fafg: 105 666.0 3.0285714285714285
dp: 132 707.0 9.93939393939394
fafg: 132 707.0 11.318181818181818
dp: 130 665.0 3.0615384615384613
fafg: 130 665.0 3.076923076923077
dp: 135 675.0 4.555555555555555
fafg: 135 701.0 11.681481481481482
dp: 119 690.0 2.7142857142857144
fafg: 119 688.0 2.764705882352941
dp: 128 693.0 10.8671875
fafg: 128 677.0 5.171875
dp: 122 676.0 2.0
fafg: 122 679.0 1.9344262295081966
dp: 107 663.0 1.1682242990654206
fafg: 107 663.0 1.1962616822429906
dp: 114 678.0 4.166666666666667
fafg: 114 678.0 2.526315789473684
dp: 137 712.0 22.532846715328468
fafg: 137 712.0 22.635036496350367
dp: 107 666.0 0.5420560747663551
fafg: 107 666.0 0.5420560747663551
dp: 116 677.0 5.258620689655173
fafg: 116 677.0 6.258620689655173
dp: 135 679.0 2.4444444444444446
fafg: 135 679.0 2.251851851851852
dp: 124 671.0 0.9032258064516129
fafg: 124 676.0 1.2661290322580645
dp: 131 672.0 2.8702290076335877
fafg: 131 672.0 2.633587786259542
dp: 125 663.0 3.168
fafg: 125 663.0 1.232
dp: 122 662.0 4.590163934426229
fafg: 122 662.0 2.1721311475409837
dp: 121 674.0 4.710743801652892
fafg: 121 676.0 3.43801652892562
dp: 137 665.0 13.372262773722628
fafg: 137 666.0 13.116788321167883
dp: 126 648.0 6.873015873015873
fafg: 126 648.0 4.722222222222222
dp: 132 709.0 11.606060606060606
fafg: 132 709.0 11.136363636363637
dp: 117 672.0 2.0683760683760686
fafg: 117 672.0 1.6324786324786325
dp: 128 672.0 0.8046875
fafg: 128 672.0 0.859375
dp: 134 668.0 21.37313432835821
fafg: 134 675.0 4.8059701492537314
dp: 134 709.0 36.43283582089552
fafg: 134 731.0 60.93283582089552
dp: 112 668.0 0.9642857142857143
fafg: 112 668.0 1.1339285714285714
dp: 126 704.0 51.69047619047619
fafg: 126 652.0 7.825396825396825
dp: 112 678.0 9.589285714285714
fafg: 112 668.0 3.642857142857143
dp: 114 665.0 3.6403508771929824
fafg: 114 665.0 2.4298245614035086
dp: 114 671.0 1.543859649122807
fafg: 114 670.0 1.4298245614035088
dp: 118 677.0 10.008474576271187
fafg: 118 674.0 9.466101694915254
dp: 134 666.0 4.917910447761194
fafg: 134 666.0 6.977611940298507
dp: 115 667.0 0.7913043478260869
fafg: 115 667.0 0.9130434782608695
dp: 135 686.0 5.222222222222222
fafg: 135 676.0 4.0
dp: 133 654.0 2.4210526315789473
fafg: 133 654.0 2.225563909774436
dp: 154 766.0 49.36363636363637
fafg: 154 781.0 74.06493506493507
dp: 131 657.0 1.8549618320610688
fafg: 131 657.0 6.549618320610687
dp: 117 665.0 2.6495726495726495
fafg: 117 665.0 1.9401709401709402
dp: 102 665.0 1.5784313725490196
fafg: 102 665.0 1.411764705882353
dp: 122 666.0 2.360655737704918
fafg: 122 666.0 3.0491803278688523
dp: 149 685.0 13.78523489932886
fafg: 149 718.0 28.57046979865772
dp: 115 668.0 1.9304347826086956
fafg: 115 668.0 2.756521739130435
dp: 116 675.0 1.7413793103448276
fafg: 116 675.0 2.4913793103448274
dp: 130 677.0 2.8461538461538463
fafg: 130 679.0 3.0
dp: 118 685.0 12.991525423728813
fafg: 118 666.0 7.906779661016949
dp: 116 680.0 1.0258620689655173
fafg: 116 680.0 1.25
dp: 120 677.0 1.175
fafg: 120 675.0 1.2
dp: 116 670.0 0.5775862068965517
fafg: 116 670.0 0.6120689655172413
dp: 110 666.0 10.581818181818182
fafg: 110 666.0 3.7181818181818183
dp: 128 664.0 2.015625
fafg: 128 664.0 1.78125
dp: 117 669.0 0.8547008547008547
fafg: 117 669.0 1.2136752136752136
dp: 126 680.0 17.063492063492063
fafg: 126 680.0 17.206349206349206
dp: 130 674.0 1.5
fafg: 130 674.0 2.207692307692308
dp: 118 659.0 1.652542372881356
fafg: 118 659.0 1.8983050847457628
dp: 132 677.0 3.462121212121212
fafg: 132 677.0 3.446969696969697
dp: 125 663.0 11.016
fafg: 125 657.0 4.672
dp: 125 666.0 3.264
fafg: 125 666.0 3.784
dp: 128 692.0 4.921875
fafg: 128 680.0 2.71875
dp: 139 664.0 1.316546762589928
fafg: 139 664.0 1.316546762589928
dp: 126 678.0 3.619047619047619
fafg: 126 678.0 3.619047619047619
dp: 129 670.0 2.2713178294573644
fafg: 129 669.0 2.558139534883721
dp: 121 668.0 1.0826446280991735
fafg: 121 671.0 1.4958677685950412
dp: 111 657.0 2.5045045045045047
fafg: 111 657.0 3.3513513513513513
dp: 115 668.0 1.5217391304347827
fafg: 115 668.0 1.191304347826087
dp: 133 684.0 9.473684210526315
fafg: 133 690.0 13.007518796992482
dp: 129 703.0 23.046511627906977
fafg: 129 684.0 14.922480620155039
dp: 118 662.0 1.6610169491525424
fafg: 118 666.0 0.9745762711864406
dp: 130 688.0 30.523076923076925
fafg: 130 667.0 6.346153846153846
dp: 134 667.0 3.5
fafg: 134 672.0 4.074626865671642
dp: 122 676.0 4.991803278688525
fafg: 122 671.0 6.819672131147541
dp: 118 664.0 0.2288135593220339
fafg: 118 664.0 0.3135593220338983
dp: 140 671.0 7.257142857142857
fafg: 140 696.0 11.2
dp: 128 706.0 33.2421875
fafg: 128 720.0 31.6015625
dp: 124 667.0 6.701612903225806
fafg: 124 667.0 4.983870967741935
dp: 101 660.0 0.7029702970297029
fafg: 101 664.0 0.7029702970297029
dp: 120 665.0 0.6583333333333333
fafg: 120 665.0 2.175
dp: 138 667.0 2.369565217391304
fafg: 138 668.0 1.3623188405797102
dp: 114 677.0 0.5789473684210527
fafg: 114 677.0 0.7105263157894737
dp: 107 676.0 0.5794392523364486
fafg: 107 682.0 4.794392523364486
dp: 124 664.0 3.661290322580645
fafg: 124 664.0 6.346774193548387
dp: 118 658.0 0.6271186440677966
fafg: 118 659.0 0.6016949152542372
dp: 121 722.0 37.20661157024794
fafg: 121 668.0 3.6115702479338845
dp: 129 674.0 2.13953488372093
fafg: 129 696.0 8.62015503875969
dp: 126 656.0 1.3333333333333333
fafg: 126 656.0 1.2619047619047619
dp: 137 692.0 17.16058394160584
fafg: 137 691.0 17.802919708029197
dp: 129 675.0 3.131782945736434
fafg: 129 675.0 2.9844961240310077
dp: 133 670.0 5.706766917293233
fafg: 133 673.0 5.864661654135339
dp: 125 655.0 0.968
fafg: 125 657.0 1.288
dp: 139 787.0 119.39568345323741
fafg: 139 697.0 47.798561151079134
dp: 120 685.0 6.175
fafg: 120 685.0 6.116666666666666
dp: 138 674.0 5.521739130434782
fafg: 138 674.0 5.565217391304348
dp: 128 675.0 20.734375
fafg: 128 675.0 20.6953125
dp: 130 700.0 7.638461538461539
fafg: 130 705.0 9.184615384615384
dp: 135 675.0 24.525925925925925
fafg: 135 661.0 18.785185185185185
dp: 132 659.0 15.893939393939394
fafg: 132 659.0 16.37121212121212
dp: 117 681.0 2.572649572649573
fafg: 117 697.0 5.598290598290598
dp: 122 679.0 3.877049180327869
fafg: 122 675.0 14.80327868852459
dp: 120 663.0 0.8333333333333334
fafg: 120 663.0 0.8666666666666667
dp: 138 687.0 8.021739130434783
fafg: 138 684.0 3.6594202898550723
dp: 119 675.0 6.0
fafg: 119 676.0 1.9075630252100841
dp: 120 675.0 1.8
fafg: 120 675.0 7.425
dp: 121 671.0 3.1404958677685952
fafg: 121 671.0 2.446280991735537
dp: 102 667.0 0.7941176470588235
fafg: 102 667.0 1.1568627450980393
dp: 133 754.0 52.45864661654135
fafg: 133 677.0 3.774436090225564
dp: 110 671.0 2.381818181818182
fafg: 110 671.0 2.381818181818182
dp: 132 675.0 4.136363636363637
fafg: 132 677.0 3.1893939393939394
dp: 142 694.0 11.549295774647888
fafg: 142 688.0 10.06338028169014
dp: 120 665.0 2.8666666666666667
fafg: 120 665.0 5.283333333333333
dp: 127 671.0 1.3858267716535433
fafg: 127 672.0 1.4645669291338583
dp: 135 664.0 3.748148148148148
fafg: 135 699.0 33.6
dp: 120 659.0 0.8166666666666667
fafg: 120 663.0 1.15
dp: 121 673.0 1.0495867768595042
fafg: 121 673.0 9.487603305785123
dp: 125 653.0 17.792
fafg: 125 653.0 10.552
dp: 125 684.0 6.536
fafg: 125 684.0 13.224
dp: 112 678.0 0.25892857142857145
fafg: 112 678.0 0.2767857142857143
dp: 136 684.0 17.683823529411764
fafg: 136 659.0 5.176470588235294
dp: 137 679.0 3.664233576642336
fafg: 137 684.0 3.8248175182481754
dp: 139 679.0 4.294964028776978
fafg: 139 679.0 3.035971223021583
dp: 93 672.0 0.3118279569892473
fafg: 93 672.0 0.3118279569892473
dp: 123 663.0 5.130081300813008
fafg: 123 663.0 3.6504065040650406
dp: 121 662.0 1.0826446280991735
fafg: 121 662.0 17.611570247933884
dp: 117 664.0 4.871794871794871
fafg: 117 664.0 14.341880341880342
dp: 136 672.0 3.323529411764706
fafg: 136 672.0 3.5808823529411766
dp: 128 675.0 9.46875
fafg: 128 674.0 11.3671875
dp: 125 667.0 8.248
fafg: 125 667.0 8.352
dp: 120 668.0 3.216666666666667
fafg: 120 669.0 3.216666666666667
dp: 121 666.0 1.9504132231404958
fafg: 121 666.0 1.6198347107438016
dp: 129 676.0 5.395348837209302
fafg: 129 676.0 5.627906976744186
dp: 138 683.0 5.391304347826087
fafg: 138 678.0 5.094202898550725
dp: 133 667.0 7.977443609022556
fafg: 133 667.0 6.887218045112782
dp: 118 666.0 4.872881355932203
fafg: 118 666.0 4.38135593220339
dp: 140 687.0 67.84285714285714
fafg: 140 683.0 67.73571428571428
dp: 118 649.0 1.1779661016949152
fafg: 118 649.0 1.6101694915254237
dp: 119 663.0 4.53781512605042
fafg: 119 663.0 4.38655462184874
dp: 104 664.0 0.27884615384615385
fafg: 104 669.0 0.6538461538461539
dp: 103 652.0 0.4854368932038835
fafg: 103 652.0 1.5631067961165048
dp: 137 703.0 40.36496350364963
fafg: 137 676.0 6.554744525547445
dp: 121 667.0 2.2231404958677685
fafg: 121 667.0 2.2231404958677685
dp: 112 685.0 3.1607142857142856
fafg: 112 685.0 3.1607142857142856
dp: 138 674.0 14.282608695652174
fafg: 138 683.0 16.471014492753625
dp: 136 690.0 44.56617647058823
fafg: 136 673.0 1.6911764705882353
dp: 125 685.0 8.488
fafg: 125 682.0 6.312
dp: 134 664.0 2.6940298507462686
fafg: 134 664.0 4.029850746268656
dp: 114 668.0 2.5789473684210527
fafg: 114 673.0 2.9649122807017543
dp: 142 664.0 3.112676056338028
fafg: 142 671.0 3.3732394366197185
dp: 113 674.0 6.442477876106195
fafg: 113 674.0 6.451327433628318
dp: 124 685.0 30.427419354838708
fafg: 124 679.0 30.451612903225808
dp: 141 700.0 10.127659574468085
fafg: 141 670.0 2.397163120567376
dp: 121 664.0 4.702479338842975
fafg: 121 664.0 4.214876033057851
dp: 124 658.0 1.0241935483870968
fafg: 124 712.0 18.693548387096776
dp: 119 675.0 2.3445378151260505
fafg: 119 675.0 1.6890756302521008
dp: 143 687.0 14.356643356643357
fafg: 143 681.0 5.804195804195804
dp: 115 654.0 2.5739130434782607
fafg: 115 654.0 2.7304347826086954
dp: 113 675.0 1.9646017699115044
fafg: 113 675.0 1.9646017699115044
dp: 128 669.0 4.0859375
fafg: 128 669.0 4.078125
dp: 117 669.0 1.0683760683760684
fafg: 117 669.0 1.9914529914529915
dp: 108 685.0 48.2962962962963
fafg: 108 660.0 1.8796296296296295
dp: 120 664.0 2.566666666666667
fafg: 120 663.0 2.3
dp: 117 671.0 2.1965811965811968
fafg: 117 673.0 2.717948717948718
dp: 131 752.0 93.83206106870229
fafg: 131 714.0 49.16793893129771
dp: 111 679.0 3.6396396396396398
fafg: 111 671.0 1.8558558558558558
dp: 119 674.0 1.218487394957983
fafg: 119 677.0 1.3277310924369747
dp: 129 675.0 6.333333333333333
fafg: 129 676.0 4.604651162790698
dp: 115 659.0 2.017391304347826
fafg: 115 659.0 2.4956521739130433
dp: 137 706.0 13.927007299270073
fafg: 137 677.0 4.795620437956204
dp: 132 668.0 1.628787878787879
fafg: 132 668.0 2.1515151515151514
dp: 130 675.0 5.084615384615384
fafg: 130 757.0 24.93076923076923
dp: 124 671.0 0.7741935483870968
fafg: 124 671.0 1.0887096774193548
dp: 125 673.0 0.696
fafg: 125 673.0 0.696
dp: 132 663.0 2.4242424242424243
fafg: 132 670.0 2.628787878787879
dp: 135 661.0 4.54074074074074
fafg: 135 661.0 4.518518518518518
dp: 115 658.0 1.4260869565217391
fafg: 115 658.0 1.382608695652174
dp: 137 681.0 6.897810218978102
fafg: 137 690.0 10.861313868613138
dp: 136 694.0 10.316176470588236
fafg: 136 694.0 10.955882352941176
dp: 121 673.0 1.3801652892561984
fafg: 121 676.0 1.3471074380165289
dp: 118 664.0 15.669491525423728
fafg: 118 664.0 12.016949152542374
dp: 135 678.0 4.6
fafg: 135 678.0 3.933333333333333
dp: 117 672.0 18.29059829059829
fafg: 117 672.0 18.205128205128204
dp: 132 700.0 5.984848484848484
fafg: 132 700.0 32.15151515151515
dp: 140 713.0 58.22857142857143
fafg: 140 713.0 58.22857142857143
dp: 114 705.0 12.280701754385966
fafg: 114 711.0 26.05263157894737
dp: 111 665.0 1.5945945945945945
fafg: 111 665.0 1.6306306306306306
dp: 120 665.0 2.933333333333333
fafg: 120 665.0 3.1
dp: 119 669.0 1.6470588235294117
fafg: 119 657.0 0.8991596638655462
dp: 116 658.0 0.5517241379310345
fafg: 116 658.0 0.8362068965517241
dp: 127 684.0 4.149606299212598
fafg: 127 688.0 4.5984251968503935
dp: 102 669.0 1.411764705882353
fafg: 102 669.0 1.2156862745098038
dp: 117 657.0 1.4017094017094016
fafg: 117 657.0 1.4273504273504274
dp: 116 671.0 12.594827586206897
fafg: 116 672.0 12.672413793103448
dp: 136 668.0 3.1911764705882355
fafg: 136 668.0 3.860294117647059
dp: 130 681.0 7.246153846153846
fafg: 130 678.0 4.8538461538461535
dp: 128 669.0 3.703125
fafg: 128 669.0 2.1875
dp: 136 671.0 5.0661764705882355
fafg: 136 671.0 6.794117647058823
dp: 117 656.0 1.0598290598290598
fafg: 117 656.0 5.119658119658119
dp: 115 701.0 48.73913043478261
fafg: 115 701.0 48.68695652173913
dp: 119 665.0 2.991596638655462
fafg: 119 665.0 3.042016806722689
dp: 123 679.0 17.682926829268293
fafg: 123 679.0 11.886178861788618
dp: 148 710.0 19.277027027027028
fafg: 148 688.0 9.763513513513514
dp: 150 682.0 2.2
fafg: 150 682.0 2.2466666666666666
dp: 109 679.0 5.128440366972477
fafg: 109 674.0 1.8256880733944953
dp: 117 666.0 20.418803418803417
fafg: 117 666.0 20.264957264957264
dp: 127 672.0 5.086614173228346
fafg: 127 675.0 4.05511811023622
dp: 127 670.0 4.0
fafg: 127 672.0 4.149606299212598
dp: 122 650.0 3.262295081967213
fafg: 122 650.0 2.6639344262295084
dp: 109 670.0 1.1192660550458715
fafg: 109 670.0 1.4036697247706422
dp: 118 663.0 12.652542372881356
fafg: 118 663.0 16.271186440677965
dp: 144 704.0 22.97222222222222
fafg: 144 706.0 25.506944444444443
dp: 118 667.0 4.966101694915254
fafg: 118 668.0 2.2542372881355934
dp: 132 686.0 3.734848484848485
fafg: 132 686.0 3.734848484848485
dp: 128 674.0 4.3125
fafg: 128 676.0 6.6796875
dp: 133 670.0 6.548872180451128
fafg: 133 664.0 5.2781954887218046
dp: 137 669.0 2.423357664233577
fafg: 137 724.0 29.16058394160584
dp: 103 678.0 1.9611650485436893
fafg: 103 678.0 1.9611650485436893
dp: 122 685.0 3.278688524590164
fafg: 122 677.0 3.1147540983606556
dp: 152 761.0 82.38815789473684
fafg: 152 721.0 56.36842105263158
dp: 128 679.0 30.6796875
fafg: 128 703.0 40.7578125
dp: 125 681.0 6.64
fafg: 125 681.0 6.536
dp: 126 710.0 26.58730158730159
fafg: 126 668.0 2.3095238095238093
dp: 114 689.0 1.3333333333333333
fafg: 114 685.0 1.9385964912280702
dp: 114 689.0 3.8947368421052633
fafg: 114 678.0 2.526315789473684
dp: 121 669.0 2.43801652892562
fafg: 121 669.0 2.669421487603306
dp: 142 669.0 4.112676056338028
fafg: 142 691.0 24.06338028169014
dp: 137 702.0 9.496350364963504
fafg: 137 702.0 9.496350364963504
dp: 144 681.0 10.090277777777779
fafg: 144 728.0 39.72222222222222
dp: 125 663.0 4.672
fafg: 125 663.0 4.848
dp: 130 714.0 43.62307692307692
fafg: 130 687.0 2.3384615384615386
dp: 122 668.0 2.2049180327868854
fafg: 122 673.0 3.0655737704918034
dp: 130 676.0 20.56153846153846
fafg: 130 685.0 8.276923076923078
dp: 122 675.0 3.081967213114754
fafg: 122 673.0 1.540983606557377
dp: 112 667.0 0.5803571428571429
fafg: 112 667.0 0.49107142857142855
dp: 129 675.0 2.4573643410852712
fafg: 129 675.0 2.4573643410852712
dp: 133 669.0 6.571428571428571
fafg: 133 677.0 15.030075187969924
dp: 117 688.0 3.675213675213675
fafg: 117 688.0 3.675213675213675
dp: 133 680.0 5.421052631578948
fafg: 133 693.0 8.864661654135338
dp: 120 672.0 2.216666666666667
fafg: 120 672.0 1.725
dp: 123 663.0 0.8699186991869918
fafg: 123 670.0 1.056910569105691
dp: 129 681.0 4.038759689922481
fafg: 129 713.0 12.790697674418604
dp: 109 665.0 0.9724770642201835
fafg: 109 665.0 1.0091743119266054
dp: 146 691.0 10.424657534246576
fafg: 146 707.0 8.17123287671233
dp: 119 667.0 1.0084033613445378
fafg: 119 667.0 1.184873949579832
dp: 138 671.0 4.065217391304348
fafg: 138 667.0 8.36231884057971
dp: 121 669.0 1.884297520661157
fafg: 121 669.0 1.834710743801653
dp: 105 671.0 1.3523809523809525
fafg: 105 671.0 1.6
dp: 112 663.0 0.7857142857142857
fafg: 112 663.0 0.8125
dp: 113 668.0 0.4247787610619469
fafg: 113 668.0 0.336283185840708
dp: 127 661.0 2.677165354330709
fafg: 127 660.0 2.6141732283464565
dp: 128 677.0 5.734375
fafg: 128 677.0 6.015625
dp: 132 679.0 12.643939393939394
fafg: 132 688.0 44.47727272727273
dp: 139 690.0 20.0
fafg: 139 674.0 17.381294964028775
dp: 132 726.0 35.765151515151516
fafg: 132 666.0 2.537878787878788
dp: 129 760.0 91.6124031007752
fafg: 129 729.0 61.201550387596896
dp: 128 683.0 1.1953125
fafg: 128 683.0 1.5
dp: 132 695.0 31.348484848484848
fafg: 132 697.0 31.803030303030305
dp: 129 678.0 15.186046511627907
fafg: 129 672.0 14.930232558139535
dp: 128 676.0 1.265625
fafg: 128 676.0 1.359375
dp: 132 662.0 1.8636363636363635
fafg: 132 662.0 2.0
dp: 121 706.0 22.84297520661157
fafg: 121 706.0 22.917355371900825
dp: 129 668.0 13.573643410852712
fafg: 129 668.0 3.24031007751938
dp: 111 669.0 0.3063063063063063
fafg: 111 669.0 0.6576576576576577
dp: 126 657.0 7.214285714285714
fafg: 126 657.0 7.563492063492063
dp: 136 678.0 2.6323529411764706
fafg: 136 718.0 38.588235294117645
dp: 139 727.0 34.798561151079134
fafg: 139 678.0 3.4532374100719423
dp: 119 666.0 2.773109243697479
fafg: 119 666.0 2.2857142857142856
dp: 133 666.0 7.3007518796992485
fafg: 133 666.0 8.466165413533835
dp: 135 686.0 11.2
fafg: 135 688.0 11.266666666666667
dp: 114 662.0 8.166666666666666
fafg: 114 704.0 52.09649122807018
dp: 105 669.0 1.3142857142857143
fafg: 105 669.0 1.2190476190476192
dp: 142 716.0 20.746478873239436
fafg: 142 681.0 7.415492957746479
dp: 116 656.0 2.9482758620689653
fafg: 116 656.0 3.189655172413793
dp: 122 683.0 12.21311475409836
fafg: 122 661.0 2.4754098360655736
dp: 111 666.0 0.8828828828828829
fafg: 111 666.0 1.3063063063063063
dp: 103 667.0 1.029126213592233
fafg: 103 667.0 1.1844660194174756
dp: 151 693.0 20.62251655629139
fafg: 151 702.0 19.86092715231788
dp: 129 671.0 2.883720930232558
fafg: 129 672.0 2.6744186046511627
dp: 133 671.0 1.7669172932330828
fafg: 133 671.0 2.43609022556391
dp: 137 750.0 64.83941605839416
fafg: 137 826.0 60.40875912408759
dp: 130 714.0 24.023076923076925
fafg: 130 714.0 24.03846153846154
dp: 107 666.0 1.644859813084112
fafg: 107 666.0 2.7850467289719627
dp: 116 671.0 2.6379310344827585
fafg: 116 671.0 2.2758620689655173
dp: 120 667.0 4.466666666666667
fafg: 120 667.0 3.7083333333333335
dp: 122 660.0 4.213114754098361
fafg: 122 660.0 7.155737704918033
dp: 140 684.0 12.007142857142858
fafg: 140 685.0 12.642857142857142
dp: 112 678.0 0.3482142857142857
fafg: 112 678.0 0.4017857142857143
dp: 127 663.0 2.3307086614173227
fafg: 127 663.0 4.078740157480315
dp: 127 663.0 1.188976377952756
fafg: 127 663.0 1.874015748031496
dp: 114 677.0 3.587719298245614
fafg: 114 677.0 14.552631578947368
dp: 119 678.0 2.226890756302521
fafg: 119 670.0 2.5546218487394956
dp: 114 669.0 1.412280701754386
fafg: 114 669.0 1.263157894736842
dp: 120 663.0 4.525
fafg: 120 663.0 4.733333333333333
dp: 146 682.0 18.643835616438356
fafg: 146 685.0 14.23972602739726
dp: 124 668.0 2.338709677419355
fafg: 124 668.0 2.8225806451612905
dp: 124 674.0 5.225806451612903
fafg: 124 674.0 4.330645161290323
dp: 112 667.0 1.5446428571428572
fafg: 112 667.0 1.6071428571428572
dp: 106 651.0 3.650943396226415
fafg: 106 651.0 3.69811320754717
dp: 128 688.0 6.65625
fafg: 128 688.0 6.4140625
dp: 118 666.0 3.305084745762712
fafg: 118 666.0 3.2966101694915255
dp: 141 733.0 46.42553191489362
fafg: 141 681.0 8.00709219858156
dp: 121 669.0 1.8760330578512396
fafg: 121 685.0 4.223140495867769
dp: 120 667.0 2.85
fafg: 120 667.0 1.4083333333333334
dp: 130 688.0 2.123076923076923
fafg: 130 680.0 0.8769230769230769
dp: 125 676.0 3.392
fafg: 125 676.0 5.6
dp: 125 667.0 4.768
fafg: 125 668.0 4.096
dp: 115 663.0 1.2956521739130435
fafg: 115 663.0 2.0782608695652174
dp: 145 698.0 16.889655172413793
fafg: 145 688.0 8.544827586206896
dp: 122 666.0 1.9672131147540983
fafg: 122 666.0 1.9918032786885247
dp: 119 673.0 3.2857142857142856
fafg: 119 673.0 3.369747899159664
dp: 111 659.0 0.7657657657657657
fafg: 111 659.0 0.8738738738738738
dp: 128 677.0 1.8671875
fafg: 128 677.0 1.8671875
dp: 112 673.0 1.6607142857142858
fafg: 112 673.0 1.7142857142857142
dp: 125 681.0 2.6
fafg: 125 715.0 18.68
dp: 127 667.0 5.653543307086614
fafg: 127 667.0 5.15748031496063
dp: 112 679.0 19.017857142857142
fafg: 112 679.0 16.464285714285715
dp: 145 695.0 30.255172413793105
fafg: 145 688.0 4.062068965517241
dp: 117 676.0 8.256410256410257
fafg: 117 676.0 8.239316239316238
dp: 104 668.0 1.2307692307692308
fafg: 104 668.0 1.4326923076923077
dp: 122 655.0 1.9344262295081966
fafg: 122 661.0 3.6065573770491803
dp: 139 684.0 6.151079136690647
fafg: 139 682.0 6.215827338129497
dp: 131 672.0 4.557251908396947
fafg: 131 672.0 4.557251908396947
dp: 115 668.0 0.8260869565217391
fafg: 115 668.0 0.7913043478260869
dp: 129 671.0 2.0310077519379846
fafg: 129 671.0 2.108527131782946
dp: 119 668.0 1.638655462184874
fafg: 119 667.0 5.19327731092437
dp: 128 703.0 14.625
fafg: 128 696.0 13.4453125
dp: 112 674.0 0.9017857142857143
fafg: 112 683.0 22.9375
dp: 114 679.0 8.921052631578947
fafg: 114 686.0 10.236842105263158
dp: 120 689.0 0.7083333333333334
fafg: 120 684.0 0.7916666666666666
dp: 123 678.0 6.723577235772358
fafg: 123 680.0 1.8130081300813008
dp: 118 659.0 1.6271186440677967
fafg: 118 659.0 1.6610169491525424
dp: 110 665.0 1.3636363636363635
fafg: 110 665.0 1.3636363636363635
dp: 112 672.0 2.419642857142857
fafg: 112 672.0 2.2410714285714284
dp: 125 667.0 2.808
fafg: 125 669.0 5.696
dp: 113 678.0 0.6017699115044248
fafg: 113 678.0 0.7699115044247787
dp: 124 660.0 7.459677419354839
fafg: 124 660.0 3.314516129032258
dp: 124 666.0 6.451612903225806
fafg: 124 669.0 6.403225806451613
dp: 118 653.0 7.47457627118644
fafg: 118 653.0 7.47457627118644
dp: 123 702.0 17.6260162601626
fafg: 123 680.0 4.40650406504065
dp: 123 684.0 2.7886178861788617
fafg: 123 684.0 3.910569105691057
dp: 112 674.0 2.75
fafg: 112 674.0 2.2857142857142856
dp: 144 701.0 21.819444444444443
fafg: 144 699.0 12.340277777777779
dp: 125 683.0 6.016
fafg: 125 683.0 5.92
dp: 141 682.0 29.28368794326241
fafg: 141 675.0 20.680851063829788
dp: 114 662.0 1.763157894736842
fafg: 114 662.0 1.8596491228070176
dp: 136 676.0 10.029411764705882
fafg: 136 676.0 2.9044117647058822
dp: 129 732.0 72.07751937984496
fafg: 129 666.0 1.9224806201550388
dp: 122 687.0 7.926229508196721
fafg: 122 687.0 7.868852459016393
dp: 134 694.0 24.865671641791046
fafg: 134 681.0 17.955223880597014
dp: 128 679.0 5.296875
fafg: 128 679.0 9.734375
dp: 128 678.0 2.078125
fafg: 128 678.0 4.109375
dp: 131 665.0 1.6870229007633588
fafg: 131 665.0 1.9465648854961832
dp: 140 714.0 25.84285714285714
fafg: 140 672.0 7.2785714285714285
dp: 121 675.0 1.6528925619834711
fafg: 121 675.0 1.6363636363636365
dp: 129 692.0 2.813953488372093
fafg: 129 709.0 12.007751937984496
dp: 132 676.0 6.742424242424242
fafg: 132 676.0 5.090909090909091
dp: 120 681.0 1.5833333333333333
fafg: 120 681.0 1.6166666666666667
dp: 133 665.0 26.195488721804512
fafg: 133 665.0 15.74436090225564
dp: 126 697.0 30.50793650793651
fafg: 126 661.0 15.222222222222221
dp: 127 656.0 1.015748031496063
fafg: 127 656.0 1.078740157480315
dp: 121 705.0 13.487603305785123
fafg: 121 683.0 2.3636363636363638
dp: 130 684.0 12.407692307692308
fafg: 130 684.0 10.538461538461538
dp: 121 683.0 11.024793388429751
fafg: 121 683.0 14.578512396694215
dp: 128 676.0 0.3828125
fafg: 128 676.0 0.5234375
dp: 140 677.0 4.728571428571429
fafg: 140 669.0 3.8142857142857145
dp: 123 663.0 5.032520325203252
fafg: 123 663.0 4.349593495934959
dp: 139 754.0 69.2589928057554
fafg: 139 734.0 67.79856115107914
dp: 122 668.0 1.3688524590163935
fafg: 122 668.0 1.4508196721311475
dp: 120 666.0 20.55
fafg: 120 666.0 16.966666666666665
dp: 141 722.0 27.02127659574468
fafg: 141 700.0 14.106382978723405
dp: 128 676.0 1.0
fafg: 128 676.0 1.2265625
dp: 127 676.0 1.3858267716535433
fafg: 127 679.0 1.8976377952755905
dp: 112 676.0 2.267857142857143
fafg: 112 676.0 14.330357142857142
dp: 133 682.0 4.157894736842105
fafg: 133 705.0 10.87218045112782
dp: 126 654.0 1.6904761904761905
fafg: 126 654.0 1.6904761904761905
dp: 128 678.0 3.1796875
fafg: 128 675.0 2.6015625
dp: 126 696.0 36.904761904761905
fafg: 126 696.0 34.73015873015873
dp: 133 675.0 2.218045112781955
fafg: 133 696.0 33.06015037593985
