dp: 221 703.0 26.547511312217196
fcfg: 221 722.0 15.968325791855204
dp: 203 679.0 11.600985221674877
fcfg: 203 682.0 6.921182266009852
dp: 198 708.0 7.02020202020202
fcfg: 198 708.0 6.045454545454546
dp: 214 700.0 28.014018691588785
fcfg: 214 716.0 17.962616822429908
dp: 209 677.0 13.76555023923445
fcfg: 209 681.0 9.507177033492823
dp: 218 708.0 20.28440366972477
fcfg: 218 729.0 12.385321100917432
dp: 221 713.0 18.040723981900452
fcfg: 221 722.0 12.751131221719458
dp: 196 675.0 9.846938775510203
fcfg: 196 677.0 6.959183673469388
dp: 192 678.0 7.109375
fcfg: 192 677.0 4.53125
dp: 198 677.0 3.0606060606060606
fcfg: 198 687.0 3.1616161616161618
dp: 193 671.0 9.61139896373057
fcfg: 193 669.0 7.637305699481865
dp: 202 676.0 8.886138613861386
fcfg: 202 670.0 4.5049504950495045
dp: 197 683.0 8.208121827411167
fcfg: 197 685.0 5.096446700507614
dp: 191 669.0 5.146596858638744
fcfg: 191 669.0 3.18848167539267
dp: 191 656.0 6.591623036649215
fcfg: 191 656.0 4.162303664921466
dp: 212 695.0 25.485849056603772
fcfg: 212 693.0 17.45754716981132
dp: 186 667.0 3.032258064516129
fcfg: 186 674.0 2.827956989247312
dp: 194 660.0 11.293814432989691
fcfg: 194 660.0 7.963917525773196
dp: 207 682.0 12.178743961352657
fcfg: 207 675.0 7.0772946859903385
dp: 204 691.0 5.715686274509804
fcfg: 204 700.0 4.9754901960784315
dp: 190 671.0 4.2894736842105265
fcfg: 190 675.0 3.526315789473684
dp: 209 709.0 16.25358851674641
fcfg: 209 732.0 14.124401913875598
dp: 187 669.0 2.3101604278074865
fcfg: 187 676.0 2.572192513368984
dp: 207 685.0 11.657004830917874
fcfg: 207 684.0 7.642512077294686
dp: 178 670.0 3.539325842696629
fcfg: 178 671.0 2.898876404494382
dp: 201 677.0 6.885572139303482
fcfg: 201 680.0 6.502487562189055
dp: 181 660.0 2.403314917127072
fcfg: 181 667.0 2.8232044198895028
dp: 192 655.0 8.5
fcfg: 192 655.0 6.65625
dp: 183 677.0 4.409836065573771
fcfg: 183 672.0 3.1748633879781423
dp: 179 658.0 1.7374301675977655
fcfg: 179 657.0 1.6983240223463687
dp: 193 677.0 4.38860103626943
fcfg: 193 672.0 4.072538860103627
dp: 200 683.0 6.315
fcfg: 200 685.0 3.27
dp: 204 673.0 14.176470588235293
fcfg: 204 680.0 10.897058823529411
dp: 219 692.0 23.461187214611872
fcfg: 219 702.0 17.529680365296805
dp: 190 677.0 3.963157894736842
fcfg: 190 676.0 2.7736842105263158
dp: 162 662.0 1.8580246913580247
fcfg: 162 664.0 1.1049382716049383
dp: 231 711.0 32.35497835497836
fcfg: 231 734.0 24.458874458874458
dp: 201 681.0 10.318407960199005
fcfg: 201 682.0 5.72636815920398
dp: 184 659.0 12.369565217391305
fcfg: 184 663.0 7.429347826086956
dp: 204 680.0 12.446078431372548
fcfg: 204 684.0 8.867647058823529
dp: 196 675.0 5.285714285714286
fcfg: 196 677.0 5.729591836734694
dp: 193 681.0 10.300518134715025
fcfg: 193 683.0 7.1450777202072535
dp: 213 690.0 16.591549295774648
fcfg: 213 691.0 8.582159624413146
dp: 184 654.0 3.6739130434782608
fcfg: 184 654.0 4.184782608695652
dp: 198 676.0 10.075757575757576
fcfg: 198 672.0 5.974747474747475
dp: 245 733.0 40.96326530612245
fcfg: 245 787.0 33.02857142857143
dp: 213 695.0 7.408450704225352
fcfg: 213 700.0 5.779342723004695
dp: 202 684.0 3.9702970297029703
fcfg: 202 686.0 3.628712871287129
dp: 199 664.0 6.381909547738694
fcfg: 199 664.0 5.306532663316583
dp: 181 671.0 2.613259668508287
fcfg: 181 675.0 2.7569060773480665
dp: 202 694.0 9.628712871287128
fcfg: 202 702.0 7.396039603960396
dp: 210 690.0 23.014285714285716
fcfg: 210 701.0 14.595238095238095
dp: 186 682.0 6.483870967741935
fcfg: 186 688.0 5.43010752688172
dp: 186 675.0 4.763440860215054
fcfg: 186 679.0 4.521505376344086
dp: 201 680.0 5.109452736318408
fcfg: 201 688.0 5.2835820895522385
dp: 191 672.0 3.9842931937172774
fcfg: 191 672.0 3.18848167539267
dp: 204 680.0 11.215686274509803
fcfg: 204 684.0 8.602941176470589
dp: 203 671.0 9.729064039408867
fcfg: 203 675.0 8.54679802955665
dp: 189 669.0 5.35978835978836
fcfg: 189 673.0 3.9735449735449735
dp: 184 678.0 3.483695652173913
fcfg: 184 683.0 4.0
dp: 218 699.0 18.53669724770642
fcfg: 218 712.0 10.830275229357799
dp: 204 688.0 8.720588235294118
fcfg: 204 711.0 7.553921568627451
dp: 199 676.0 5.105527638190955
fcfg: 199 683.0 4.63819095477387
dp: 191 667.0 7.403141361256544
fcfg: 191 670.0 6.523560209424084
dp: 204 683.0 10.485294117647058
fcfg: 204 684.0 6.877450980392157
dp: 191 675.0 4.429319371727749
fcfg: 191 682.0 4.387434554973822
dp: 203 679.0 10.571428571428571
fcfg: 203 673.0 5.349753694581281
dp: 198 676.0 8.267676767676768
fcfg: 198 679.0 5.858585858585859
dp: 198 694.0 7.702020202020202
fcfg: 198 699.0 6.58080808080808
dp: 209 686.0 15.392344497607656
fcfg: 209 692.0 10.5311004784689
dp: 207 679.0 7.690821256038648
fcfg: 207 685.0 7.36231884057971
dp: 189 673.0 5.5661375661375665
fcfg: 189 676.0 4.132275132275132
dp: 217 690.0 14.170506912442397
fcfg: 217 717.0 13.56221198156682
dp: 183 660.0 3.060109289617486
fcfg: 183 660.0 4.098360655737705
dp: 193 675.0 5.383419689119171
fcfg: 193 679.0 3.948186528497409
dp: 197 680.0 8.050761421319796
fcfg: 197 679.0 5.619289340101523
dp: 200 679.0 6.435
fcfg: 200 683.0 5.445
dp: 181 659.0 3.303867403314917
fcfg: 181 661.0 3.287292817679558
dp: 229 715.0 28.624454148471617
fcfg: 229 735.0 21.5764192139738
dp: 196 671.0 4.346938775510204
fcfg: 196 671.0 3.5153061224489797
dp: 212 700.0 12.56132075471698
fcfg: 212 722.0 10.952830188679245
dp: 204 693.0 14.759803921568627
fcfg: 204 689.0 7.632352941176471
dp: 204 689.0 15.362745098039216
fcfg: 204 690.0 7.529411764705882
dp: 213 676.0 19.741784037558684
fcfg: 213 680.0 12.948356807511738
dp: 208 688.0 4.850961538461538
fcfg: 208 702.0 6.581730769230769
dp: 203 673.0 12.10344827586207
fcfg: 203 679.0 9.921182266009852
dp: 196 687.0 13.35204081632653
fcfg: 196 681.0 7.255102040816326
dp: 185 661.0 1.8702702702702703
fcfg: 185 661.0 3.156756756756757
dp: 193 688.0 8.901554404145077
fcfg: 193 689.0 6.7927461139896375
dp: 204 709.0 9.877450980392156
fcfg: 204 721.0 8.318627450980392
dp: 184 669.0 3.2119565217391304
fcfg: 184 667.0 2.657608695652174
dp: 207 703.0 11.193236714975846
fcfg: 207 715.0 9.120772946859903
dp: 195 682.0 8.533333333333333
fcfg: 195 683.0 6.656410256410257
dp: 212 690.0 8.669811320754716
fcfg: 212 692.0 5.240566037735849
dp: 197 669.0 3.7563451776649748
fcfg: 197 676.0 5.030456852791878
dp: 194 668.0 6.087628865979381
fcfg: 194 675.0 5.15979381443299
dp: 176 679.0 2.8920454545454546
fcfg: 176 675.0 3.0056818181818183
dp: 191 678.0 4.785340314136126
fcfg: 191 680.0 3.486910994764398
dp: 202 701.0 19.004950495049506
fcfg: 202 706.0 11.965346534653465
dp: 207 715.0 9.043478260869565
fcfg: 207 720.0 6.130434782608695
dp: 211 685.0 17.29383886255924
fcfg: 211 675.0 10.052132701421801
dp: 176 668.0 4.159090909090909
fcfg: 176 666.0 3.164772727272727
dp: 247 744.0 37.21457489878542
fcfg: 247 788.0 32.340080971659916
dp: 205 688.0 11.024390243902438
fcfg: 205 688.0 7.634146341463414
dp: 197 693.0 19.269035532994923
fcfg: 197 696.0 12.269035532994923
dp: 175 680.0 2.0514285714285716
fcfg: 175 683.0 1.8742857142857143
dp: 197 684.0 3.766497461928934
fcfg: 197 681.0 4.436548223350254
dp: 191 672.0 3.5445026178010473
fcfg: 191 671.0 2.7068062827225132
dp: 209 695.0 6.488038277511961
fcfg: 209 705.0 6.516746411483253
dp: 185 675.0 3.810810810810811
fcfg: 185 681.0 2.902702702702703
dp: 204 695.0 19.279411764705884
fcfg: 204 703.0 14.92156862745098
dp: 210 674.0 10.661904761904761
fcfg: 210 678.0 8.223809523809523
dp: 199 674.0 7.1457286432160805
fcfg: 199 678.0 6.0
dp: 179 687.0 3.899441340782123
fcfg: 179 682.0 2.8435754189944134
dp: 217 693.0 31.267281105990783
fcfg: 217 716.0 22.525345622119815
dp: 218 684.0 28.25229357798165
fcfg: 218 705.0 20.821100917431192
dp: 193 684.0 10.248704663212436
fcfg: 193 684.0 5.761658031088083
dp: 181 666.0 8.12707182320442
fcfg: 181 657.0 4.2707182320441985
dp: 191 681.0 2.115183246073298
fcfg: 191 688.0 2.9162303664921465
dp: 176 681.0 2.6704545454545454
fcfg: 176 677.0 2.772727272727273
dp: 200 675.0 6.255
fcfg: 200 674.0 5.335
dp: 211 687.0 17.886255924170616
fcfg: 211 689.0 12.398104265402843
dp: 173 664.0 2.5722543352601157
fcfg: 173 665.0 2.4161849710982657
dp: 210 692.0 17.904761904761905
fcfg: 210 693.0 10.6
dp: 191 684.0 3.8219895287958114
fcfg: 191 684.0 4.2565445026178015
dp: 185 667.0 2.1243243243243244
fcfg: 185 666.0 2.5837837837837836
dp: 200 701.0 14.655
fcfg: 200 701.0 10.345
dp: 187 667.0 3.4545454545454546
fcfg: 187 671.0 3.3315508021390374
dp: 201 681.0 8.616915422885572
fcfg: 201 686.0 6.91044776119403
dp: 202 688.0 8.727722772277227
fcfg: 202 694.0 6.9504950495049505
dp: 194 669.0 6.948453608247423
fcfg: 194 671.0 7.664948453608248
dp: 207 690.0 10.396135265700483
fcfg: 207 698.0 6.913043478260869
dp: 193 675.0 6.27979274611399
fcfg: 193 669.0 4.134715025906735
dp: 205 678.0 6.35609756097561
fcfg: 205 688.0 5.4
dp: 216 707.0 17.65740740740741
fcfg: 216 724.0 12.49537037037037
dp: 185 668.0 5.129729729729729
fcfg: 185 672.0 3.972972972972973
dp: 184 664.0 4.951086956521739
fcfg: 184 671.0 3.9239130434782608
dp: 186 675.0 3.6666666666666665
fcfg: 186 678.0 3.967741935483871
dp: 211 684.0 11.436018957345972
fcfg: 211 684.0 10.27962085308057
dp: 204 672.0 8.544117647058824
fcfg: 204 680.0 7.264705882352941
dp: 182 671.0 4.554945054945055
fcfg: 182 671.0 3.697802197802198
dp: 190 663.0 10.715789473684211
fcfg: 190 669.0 6.61578947368421
dp: 196 669.0 4.566326530612245
fcfg: 196 676.0 5.035714285714286
dp: 201 691.0 10.064676616915422
fcfg: 201 690.0 6.303482587064677
dp: 197 680.0 7.3908629441624365
fcfg: 197 683.0 5.49746192893401
dp: 196 667.0 18.367346938775512
fcfg: 196 668.0 10.959183673469388
dp: 212 671.0 19.97641509433962
fcfg: 212 677.0 13.278301886792454
dp: 196 684.0 20.0765306122449
fcfg: 196 688.0 14.505102040816327
dp: 208 683.0 10.432692307692308
fcfg: 208 693.0 9.841346153846153
dp: 200 667.0 4.095
fcfg: 200 676.0 4.22
dp: 173 694.0 3.3179190751445087
fcfg: 173 694.0 2.901734104046243
dp: 199 689.0 4.7537688442211055
fcfg: 199 694.0 4.311557788944723
dp: 211 700.0 19.90521327014218
fcfg: 211 702.0 11.497630331753555
dp: 210 695.0 24.795238095238094
fcfg: 210 697.0 13.90952380952381
dp: 189 688.0 4.137566137566138
fcfg: 189 698.0 3.492063492063492
dp: 204 686.0 10.82843137254902
fcfg: 204 681.0 5.700980392156863
dp: 206 691.0 23.553398058252426
fcfg: 206 683.0 12.199029126213592
dp: 185 670.0 10.178378378378378
fcfg: 185 669.0 6.859459459459459
dp: 190 668.0 3.110526315789474
fcfg: 190 671.0 3.710526315789474
dp: 195 676.0 8.235897435897435
fcfg: 195 675.0 4.425641025641026
dp: 200 688.0 16.025
fcfg: 200 680.0 7.675
dp: 189 688.0 10.444444444444445
fcfg: 189 684.0 7.0476190476190474
dp: 189 670.0 4.111111111111111
fcfg: 189 673.0 3.9576719576719577
dp: 201 691.0 17.37313432835821
fcfg: 201 691.0 11.686567164179104
dp: 220 709.0 26.436363636363637
fcfg: 220 723.0 15.540909090909091
dp: 178 662.0 4.404494382022472
fcfg: 178 664.0 5.224719101123595
dp: 192 670.0 2.9479166666666665
fcfg: 192 679.0 2.125
dp: 208 697.0 28.802884615384617
fcfg: 208 688.0 18.158653846153847
dp: 215 680.0 13.809302325581395
fcfg: 215 699.0 10.841860465116278
dp: 189 681.0 3.486772486772487
fcfg: 189 684.0 3.105820105820106
dp: 206 703.0 12.402912621359222
fcfg: 206 708.0 8.946601941747574
dp: 215 694.0 15.47906976744186
fcfg: 215 702.0 10.972093023255814
dp: 214 694.0 17.61682242990654
fcfg: 214 696.0 11.107476635514018
dp: 191 678.0 5.0942408376963355
fcfg: 191 674.0 3.5235602094240837
dp: 195 673.0 3.81025641025641
fcfg: 195 673.0 2.953846153846154
dp: 209 677.0 20.76555023923445
fcfg: 209 685.0 14.16267942583732
dp: 199 669.0 5.291457286432161
fcfg: 199 676.0 5.557788944723618
dp: 195 684.0 7.338461538461538
fcfg: 195 685.0 6.574358974358974
dp: 213 709.0 11.713615023474178
fcfg: 213 715.0 7.075117370892019
dp: 191 672.0 3.7329842931937174
fcfg: 191 671.0 3.554973821989529
dp: 195 701.0 6.666666666666667
fcfg: 195 705.0 5.0717948717948715
dp: 195 666.0 11.364102564102565
fcfg: 195 667.0 7.82051282051282
dp: 178 663.0 2.5730337078651684
fcfg: 178 662.0 2.7134831460674156
dp: 245 758.0 37.8734693877551
fcfg: 245 784.0 28.122448979591837
dp: 212 693.0 15.43867924528302
fcfg: 212 694.0 8.06132075471698
dp: 197 667.0 12.65989847715736
fcfg: 197 667.0 10.685279187817258
dp: 216 692.0 19.11574074074074
fcfg: 216 702.0 11.99074074074074
dp: 215 698.0 23.325581395348838
fcfg: 215 703.0 14.972093023255814
dp: 195 669.0 8.133333333333333
fcfg: 195 674.0 6.107692307692307
dp: 190 676.0 5.205263157894737
fcfg: 190 683.0 3.557894736842105
dp: 189 675.0 3.7248677248677247
fcfg: 189 678.0 3.0211640211640214
dp: 203 679.0 11.35960591133005
fcfg: 203 686.0 8.517241379310345
dp: 193 686.0 3.7875647668393784
fcfg: 193 680.0 2.715025906735751
dp: 209 688.0 10.92822966507177
fcfg: 209 709.0 8.282296650717702
dp: 182 682.0 4.895604395604396
fcfg: 182 681.0 3.087912087912088
dp: 193 668.0 8.94300518134715
fcfg: 193 666.0 4.979274611398964
dp: 207 678.0 9.927536231884059
fcfg: 207 689.0 8.082125603864734
dp: 198 669.0 18.242424242424242
fcfg: 198 665.0 6.803030303030303
dp: 193 677.0 5.9689119170984455
fcfg: 193 679.0 4.466321243523316
dp: 189 662.0 4.941798941798941
fcfg: 189 662.0 4.6878306878306875
dp: 206 665.0 20.359223300970875
fcfg: 206 680.0 16.766990291262136
dp: 185 666.0 6.870270270270271
fcfg: 185 663.0 4.0
dp: 179 658.0 1.558659217877095
fcfg: 179 665.0 1.4245810055865922
dp: 199 694.0 10.798994974874372
fcfg: 199 695.0 7.743718592964824
dp: 191 666.0 5.9057591623036645
fcfg: 191 666.0 3.261780104712042
dp: 188 668.0 6.7712765957446805
fcfg: 188 668.0 3.877659574468085
dp: 203 673.0 16.645320197044335
fcfg: 203 669.0 7.024630541871921
dp: 204 685.0 19.387254901960784
fcfg: 204 685.0 12.323529411764707
dp: 195 670.0 4.8
fcfg: 195 678.0 3.805128205128205
dp: 193 677.0 6.1450777202072535
fcfg: 193 678.0 2.6373056994818653
dp: 195 681.0 4.37948717948718
fcfg: 195 671.0 2.805128205128205
dp: 201 668.0 11.840796019900498
fcfg: 201 676.0 12.213930348258707
dp: 202 669.0 7.272277227722772
fcfg: 202 671.0 5.51980198019802
dp: 193 669.0 3.704663212435233
fcfg: 193 669.0 4.331606217616581
dp: 216 688.0 17.14351851851852
fcfg: 216 705.0 13.171296296296296
dp: 203 670.0 15.571428571428571
fcfg: 203 670.0 11.70935960591133
dp: 199 671.0 4.613065326633166
fcfg: 199 672.0 4.296482412060302
dp: 213 701.0 22.685446009389672
fcfg: 213 692.0 12.755868544600938
dp: 201 685.0 13.621890547263682
fcfg: 201 674.0 6.641791044776119
dp: 220 707.0 25.26818181818182
fcfg: 220 727.0 17.945454545454545
dp: 197 699.0 7.025380710659898
fcfg: 197 708.0 5.862944162436548
dp: 227 693.0 26.374449339207047
fcfg: 227 724.0 20.90748898678414
dp: 210 704.0 8.30952380952381
fcfg: 210 709.0 8.104761904761904
dp: 205 691.0 6.6
fcfg: 205 687.0 4.673170731707317
dp: 180 684.0 3.3555555555555556
fcfg: 180 680.0 2.6277777777777778
dp: 198 672.0 7.267676767676767
fcfg: 198 671.0 5.757575757575758
dp: 202 674.0 7.2227722772277225
fcfg: 202 681.0 5.118811881188119
dp: 218 692.0 13.568807339449542
fcfg: 218 707.0 10.844036697247706
dp: 196 689.0 6.3061224489795915
fcfg: 196 693.0 3.622448979591837
dp: 191 668.0 3.5235602094240837
fcfg: 191 668.0 3.602094240837696
dp: 179 676.0 3.5139664804469275
fcfg: 179 679.0 2.2849162011173183
dp: 201 683.0 7.825870646766169
fcfg: 201 688.0 4.955223880597015
dp: 209 696.0 23.15311004784689
fcfg: 209 704.0 13.16267942583732
dp: 198 672.0 6.171717171717172
fcfg: 198 677.0 5.898989898989899
dp: 191 665.0 2.3141361256544504
fcfg: 191 665.0 2.167539267015707
dp: 205 684.0 11.346341463414634
fcfg: 205 690.0 6.692682926829268
dp: 207 688.0 8.207729468599034
fcfg: 207 694.0 7.1352657004830915
dp: 199 677.0 3.4974874371859297
fcfg: 199 688.0 4.5879396984924625
dp: 187 677.0 14.053475935828876
fcfg: 187 673.0 10.02139037433155
dp: 200 689.0 12.135
fcfg: 200 684.0 9.01
dp: 205 691.0 15.35609756097561
fcfg: 205 694.0 9.570731707317073
dp: 200 671.0 9.7
fcfg: 200 679.0 7.6
dp: 215 700.0 26.013953488372092
fcfg: 215 716.0 15.316279069767441
dp: 194 672.0 4.793814432989691
fcfg: 194 675.0 4.190721649484536
dp: 189 666.0 6.095238095238095
fcfg: 189 666.0 4.2592592592592595
dp: 213 701.0 20.103286384976524
fcfg: 213 697.0 11.220657276995306
dp: 211 696.0 11.57345971563981
fcfg: 211 714.0 10.004739336492891
dp: 219 713.0 20.82648401826484
fcfg: 219 723.0 15.484018264840183
dp: 221 711.0 24.447963800904976
fcfg: 221 718.0 13.53393665158371
dp: 208 684.0 19.798076923076923
fcfg: 208 678.0 11.64423076923077
dp: 217 715.0 19.16589861751152
fcfg: 217 727.0 14.165898617511521
dp: 189 689.0 3.3386243386243386
fcfg: 189 684.0 2.2751322751322753
dp: 187 662.0 2.7967914438502675
fcfg: 187 666.0 3.304812834224599
dp: 189 666.0 6.98941798941799
fcfg: 189 666.0 4.814814814814815
dp: 196 689.0 9.806122448979592
fcfg: 196 692.0 6.770408163265306
dp: 202 684.0 9.168316831683168
fcfg: 202 685.0 5.252475247524752
dp: 195 687.0 3.405128205128205
fcfg: 195 684.0 3.3282051282051284
dp: 185 672.0 1.7675675675675675
fcfg: 185 670.0 1.3621621621621622
dp: 212 692.0 10.221698113207546
fcfg: 212 705.0 6.882075471698113
dp: 189 699.0 3.6825396825396823
fcfg: 189 701.0 4.243386243386244
dp: 208 682.0 8.067307692307692
fcfg: 208 675.0 6.399038461538462
dp: 191 671.0 4.596858638743456
fcfg: 191 682.0 4.50261780104712
dp: 211 708.0 12.739336492890995
fcfg: 211 716.0 10.227488151658768
dp: 198 684.0 5.378787878787879
fcfg: 198 695.0 5.186868686868687
dp: 213 688.0 11.131455399061032
fcfg: 213 702.0 8.248826291079812
dp: 189 665.0 11.015873015873016
fcfg: 189 663.0 5.253968253968254
dp: 180 660.0 2.7666666666666666
fcfg: 180 663.0 3.0833333333333335
dp: 170 666.0 2.7588235294117647
fcfg: 170 667.0 2.2705882352941176
dp: 202 679.0 11.405940594059405
fcfg: 202 680.0 8.143564356435643
dp: 219 692.0 14.073059360730594
fcfg: 219 711.0 10.32876712328767
dp: 216 695.0 19.73148148148148
fcfg: 216 724.0 16.444444444444443
dp: 222 701.0 29.396396396396398
fcfg: 222 716.0 21.617117117117118
dp: 224 713.0 29.107142857142858
fcfg: 224 750.0 24.40625
dp: 218 695.0 23.362385321100916
fcfg: 218 709.0 15.862385321100918
dp: 218 704.0 23.059633027522935
fcfg: 218 712.0 16.34862385321101
dp: 209 694.0 14.971291866028707
fcfg: 209 711.0 10.76555023923445
dp: 209 701.0 17.74641148325359
fcfg: 209 704.0 13.89952153110048
dp: 195 704.0 9.928205128205128
fcfg: 195 706.0 6.338461538461538
dp: 183 677.0 3.1475409836065573
fcfg: 183 672.0 2.530054644808743
dp: 217 687.0 22.285714285714285
fcfg: 217 693.0 14.175115207373272
dp: 211 690.0 17.57345971563981
fcfg: 211 692.0 11.616113744075829
dp: 229 711.0 20.471615720524017
fcfg: 229 735.0 16.489082969432314
dp: 193 677.0 4.937823834196891
fcfg: 193 673.0 3.528497409326425
dp: 171 669.0 4.035087719298246
fcfg: 171 675.0 2.982456140350877
dp: 202 682.0 11.752475247524753
fcfg: 202 682.0 8.990099009900991
dp: 206 680.0 10.95631067961165
fcfg: 206 682.0 8.864077669902912
dp: 219 702.0 32.61187214611872
fcfg: 219 710.0 22.24200913242009
dp: 195 669.0 16.861538461538462
fcfg: 195 659.0 7.041025641025641
dp: 198 675.0 5.893939393939394
fcfg: 198 677.0 5.611111111111111
dp: 206 676.0 18.325242718446603
fcfg: 206 676.0 10.359223300970873
dp: 201 692.0 7.318407960199005
fcfg: 201 697.0 3.6318407960199006
dp: 194 659.0 5.262886597938144
fcfg: 194 659.0 4.603092783505154
dp: 199 675.0 20.587939698492463
fcfg: 199 661.0 11.256281407035177
dp: 207 687.0 16.28985507246377
fcfg: 207 699.0 10.772946859903382
dp: 195 676.0 7.076923076923077
fcfg: 195 681.0 5.158974358974359
dp: 216 694.0 25.324074074074073
fcfg: 216 725.0 19.03240740740741
dp: 214 691.0 14.957943925233645
fcfg: 214 706.0 10.733644859813085
dp: 204 689.0 8.676470588235293
fcfg: 204 686.0 5.926470588235294
dp: 186 676.0 3.838709677419355
fcfg: 186 675.0 3.806451612903226
dp: 198 698.0 6.601010101010101
fcfg: 198 695.0 5.343434343434343
dp: 202 689.0 5.475247524752476
fcfg: 202 715.0 6.49009900990099
dp: 195 684.0 9.256410256410257
fcfg: 195 692.0 7.441025641025641
dp: 175 658.0 2.388571428571429
fcfg: 175 658.0 2.5714285714285716
dp: 194 687.0 3.7989690721649483
fcfg: 194 687.0 3.8247422680412373
dp: 177 673.0 3.7344632768361583
fcfg: 177 666.0 2.1920903954802258
dp: 208 672.0 18.432692307692307
fcfg: 208 675.0 10.961538461538462
dp: 218 699.0 24.86697247706422
fcfg: 218 706.0 17.55504587155963
dp: 193 677.0 5.357512953367876
fcfg: 193 678.0 3.7875647668393784
dp: 191 663.0 8.764397905759163
fcfg: 191 668.0 5.795811518324608
dp: 179 661.0 3.642458100558659
fcfg: 179 661.0 3.016759776536313
dp: 217 712.0 17.267281105990783
fcfg: 217 722.0 12.078341013824884
dp: 199 686.0 3.2462311557788945
fcfg: 199 690.0 3.879396984924623
dp: 211 695.0 14.649289099526067
fcfg: 211 692.0 8.502369668246445
dp: 183 676.0 2.907103825136612
fcfg: 183 680.0 3.2568306010928962
dp: 226 695.0 34.96017699115044
fcfg: 226 727.0 25.097345132743364
dp: 203 674.0 7.25615763546798
fcfg: 203 677.0 5.433497536945813
dp: 188 664.0 13.808510638297872
fcfg: 188 669.0 7.601063829787234
dp: 191 677.0 5.015706806282722
fcfg: 191 682.0 4.62303664921466
dp: 220 695.0 22.163636363636364
fcfg: 220 700.0 14.254545454545454
dp: 209 701.0 7.3971291866028706
fcfg: 209 702.0 5.760765550239235
dp: 213 692.0 9.624413145539906
fcfg: 213 700.0 8.286384976525822
dp: 202 679.0 10.702970297029703
fcfg: 202 678.0 6.8316831683168315
dp: 160 661.0 1.54375
fcfg: 160 666.0 1.4125
dp: 221 714.0 33.84615384615385
fcfg: 221 736.0 20.226244343891402
dp: 188 683.0 7.361702127659575
fcfg: 188 682.0 5.127659574468085
dp: 207 694.0 9.458937198067632
fcfg: 207 689.0 7.57487922705314
dp: 184 658.0 7.119565217391305
fcfg: 184 665.0 4.994565217391305
dp: 189 701.0 7.2592592592592595
fcfg: 189 701.0 5.068783068783069
dp: 196 671.0 11.224489795918368
fcfg: 196 673.0 7.311224489795919
dp: 216 702.0 27.97222222222222
fcfg: 216 716.0 14.476851851851851
dp: 203 682.0 6.990147783251231
fcfg: 203 685.0 4.975369458128079
dp: 196 669.0 5.744897959183674
fcfg: 196 675.0 4.724489795918367
dp: 208 678.0 16.033653846153847
fcfg: 208 671.0 8.192307692307692
dp: 216 707.0 28.22222222222222
fcfg: 216 712.0 17.875
dp: 184 653.0 3.875
fcfg: 184 660.0 3.885869565217391
dp: 175 668.0 4.897142857142857
fcfg: 175 667.0 4.097142857142857
dp: 182 667.0 1.379120879120879
fcfg: 182 671.0 1.4945054945054945
dp: 191 683.0 5.712041884816754
fcfg: 191 672.0 3.9476439790575917
dp: 182 661.0 2.901098901098901
fcfg: 182 662.0 1.478021978021978
dp: 199 670.0 9.396984924623116
fcfg: 199 672.0 7.49748743718593
dp: 205 696.0 14.668292682926829
fcfg: 205 693.0 11.248780487804877
dp: 183 660.0 3.202185792349727
fcfg: 183 660.0 2.2185792349726774
dp: 181 648.0 4.939226519337017
fcfg: 181 657.0 3.292817679558011
dp: 198 663.0 7.651515151515151
fcfg: 198 665.0 6.166666666666667
dp: 188 679.0 2.9414893617021276
fcfg: 188 682.0 2.367021276595745
dp: 214 692.0 11.07943925233645
fcfg: 214 696.0 6.897196261682243
dp: 215 702.0 13.82325581395349
fcfg: 215 708.0 7.711627906976744
dp: 195 694.0 14.733333333333333
fcfg: 195 704.0 9.179487179487179
dp: 209 689.0 16.473684210526315
fcfg: 209 708.0 10.69377990430622
dp: 214 686.0 24.897196261682243
fcfg: 214 699.0 14.75233644859813
dp: 200 680.0 10.625
fcfg: 200 683.0 9.015
dp: 217 691.0 24.81566820276498
fcfg: 217 694.0 17.56221198156682
dp: 209 689.0 10.717703349282298
fcfg: 209 700.0 8.516746411483254
dp: 201 692.0 15.034825870646767
fcfg: 201 685.0 7.507462686567164
dp: 185 672.0 2.854054054054054
fcfg: 185 673.0 2.2216216216216216
dp: 207 683.0 7.236714975845411
fcfg: 207 688.0 7.5603864734299515
dp: 202 694.0 17.361386138613863
fcfg: 202 695.0 10.841584158415841
dp: 193 666.0 16.300518134715027
fcfg: 193 663.0 5.715025906735751
dp: 193 685.0 5.150259067357513
fcfg: 193 683.0 4.414507772020725
dp: 193 683.0 16.38860103626943
fcfg: 193 684.0 8.906735751295336
dp: 191 657.0 2.424083769633508
fcfg: 191 657.0 2.25130890052356
dp: 202 676.0 14.381188118811881
fcfg: 202 668.0 10.970297029702971
dp: 197 665.0 4.228426395939087
fcfg: 197 665.0 4.065989847715736
dp: 182 677.0 5.302197802197802
fcfg: 182 675.0 3.302197802197802
dp: 229 719.0 36.27947598253275
fcfg: 229 739.0 26.572052401746724
dp: 190 663.0 6.7368421052631575
fcfg: 190 658.0 4.042105263157895
dp: 203 698.0 7.8669950738916254
fcfg: 203 695.0 6.305418719211823
dp: 208 692.0 9.692307692307692
fcfg: 208 709.0 7.3701923076923075
dp: 218 698.0 15.655963302752294
fcfg: 218 713.0 11.761467889908257
dp: 214 686.0 15.588785046728972
fcfg: 214 683.0 9.883177570093459
dp: 199 676.0 12.597989949748744
fcfg: 199 672.0 6.1457286432160805
dp: 204 671.0 5.715686274509804
fcfg: 204 688.0 6.901960784313726
dp: 193 677.0 3.8186528497409324
fcfg: 193 676.0 3.865284974093264
dp: 212 685.0 14.29245283018868
fcfg: 212 685.0 7.278301886792453
dp: 222 716.0 22.92792792792793
fcfg: 222 729.0 12.662162162162161
dp: 189 674.0 6.613756613756614
fcfg: 189 677.0 3.8253968253968256
dp: 188 672.0 4.48936170212766
fcfg: 188 674.0 4.973404255319149
dp: 196 681.0 6.785714285714286
fcfg: 196 680.0 5.270408163265306
dp: 194 668.0 5.969072164948454
fcfg: 194 675.0 4.603092783505154
dp: 183 654.0 4.584699453551913
fcfg: 183 654.0 3.262295081967213
dp: 210 689.0 11.9
fcfg: 210 697.0 8.823809523809524
dp: 205 683.0 6.482926829268293
fcfg: 205 687.0 6.004878048780488
dp: 186 669.0 3.774193548387097
fcfg: 186 673.0 3.4193548387096775
dp: 217 691.0 10.304147465437788
fcfg: 217 699.0 7.184331797235023
dp: 198 695.0 10.606060606060606
fcfg: 198 701.0 7.742424242424242
dp: 222 704.0 21.783783783783782
fcfg: 222 729.0 17.0
dp: 208 677.0 12.947115384615385
fcfg: 208 686.0 10.442307692307692
dp: 209 685.0 15.708133971291867
fcfg: 209 684.0 10.028708133971293
dp: 204 677.0 14.392156862745098
fcfg: 204 671.0 7.8088235294117645
dp: 204 689.0 17.519607843137255
fcfg: 204 683.0 8.848039215686274
dp: 201 671.0 12.064676616915422
fcfg: 201 663.0 7.3283582089552235
dp: 207 704.0 5.995169082125604
fcfg: 207 710.0 5.120772946859903
dp: 203 686.0 8.758620689655173
fcfg: 203 688.0 4.625615763546798
dp: 188 667.0 4.840425531914893
fcfg: 188 670.0 4.930851063829787
dp: 196 678.0 5.668367346938775
fcfg: 196 680.0 4.688775510204081
dp: 197 674.0 11.279187817258883
fcfg: 197 671.0 9.908629441624365
dp: 215 686.0 11.162790697674419
fcfg: 215 700.0 7.818604651162791
dp: 200 669.0 6.595
fcfg: 200 670.0 6.97
dp: 204 691.0 11.759803921568627
fcfg: 204 689.0 8.617647058823529
dp: 186 690.0 4.532258064516129
fcfg: 186 692.0 3.752688172043011
dp: 188 681.0 4.787234042553192
fcfg: 188 678.0 3.952127659574468
dp: 210 684.0 8.41904761904762
fcfg: 210 698.0 7.633333333333334
dp: 194 685.0 4.0
fcfg: 194 686.0 3.154639175257732
dp: 172 668.0 2.8488372093023258
fcfg: 172 670.0 2.8255813953488373
dp: 203 670.0 8.374384236453203
fcfg: 203 674.0 6.206896551724138
dp: 196 680.0 8.688775510204081
fcfg: 196 683.0 6.709183673469388
dp: 196 674.0 6.423469387755102
fcfg: 196 668.0 6.321428571428571
dp: 206 691.0 14.101941747572816
fcfg: 206 690.0 9.577669902912621
dp: 189 668.0 3.0634920634920637
fcfg: 189 668.0 1.9682539682539681
dp: 183 655.0 5.426229508196721
fcfg: 183 656.0 4.027322404371585
dp: 200 680.0 16.05
fcfg: 200 675.0 8.03
dp: 215 697.0 11.744186046511627
fcfg: 215 714.0 7.665116279069768
dp: 191 662.0 6.329842931937173
fcfg: 191 662.0 6.37696335078534
dp: 197 680.0 10.908629441624365
fcfg: 197 683.0 6.33502538071066
dp: 204 682.0 10.063725490196079
fcfg: 204 678.0 6.387254901960785
dp: 207 679.0 11.932367149758454
fcfg: 207 688.0 7.5893719806763285
dp: 185 663.0 5.724324324324324
fcfg: 185 664.0 4.513513513513513
dp: 220 724.0 19.62272727272727
fcfg: 220 734.0 11.190909090909091
dp: 208 697.0 9.41826923076923
fcfg: 208 697.0 5.668269230769231
dp: 183 664.0 1.8961748633879782
fcfg: 183 664.0 3.120218579234973
dp: 185 658.0 3.854054054054054
fcfg: 185 658.0 3.864864864864865
dp: 174 662.0 2.218390804597701
fcfg: 174 667.0 1.7126436781609196
dp: 198 698.0 4.858585858585859
fcfg: 198 707.0 4.196969696969697
dp: 201 710.0 8.08457711442786
fcfg: 201 722.0 6.134328358208955
dp: 216 697.0 22.48148148148148
fcfg: 216 719.0 15.694444444444445
dp: 209 685.0 11.971291866028707
fcfg: 209 684.0 9.526315789473685
dp: 196 670.0 5.887755102040816
fcfg: 196 672.0 4.73469387755102
dp: 193 672.0 10.911917098445596
fcfg: 193 670.0 6.642487046632124
dp: 211 699.0 19.90995260663507
fcfg: 211 688.0 10.033175355450236
dp: 179 659.0 3.4972067039106145
fcfg: 179 659.0 3.3910614525139664
dp: 164 650.0 2.067073170731707
fcfg: 164 650.0 2.1646341463414633
dp: 220 711.0 13.290909090909091
fcfg: 220 714.0 9.631818181818181
dp: 197 684.0 8.213197969543147
fcfg: 197 687.0 4.98984771573604
dp: 205 675.0 14.53170731707317
fcfg: 205 671.0 9.478048780487805
dp: 178 664.0 5.522471910112359
fcfg: 178 662.0 3.808988764044944
dp: 196 697.0 12.724489795918368
fcfg: 196 696.0 7.73469387755102
dp: 227 712.0 15.674008810572687
fcfg: 227 729.0 13.268722466960352
dp: 197 662.0 6.4873096446700504
fcfg: 197 662.0 4.568527918781726
dp: 183 662.0 4.814207650273224
fcfg: 183 661.0 4.081967213114754
dp: 192 681.0 8.572916666666666
fcfg: 192 689.0 5.46875
dp: 176 670.0 3.159090909090909
fcfg: 176 664.0 2.6079545454545454
dp: 221 704.0 19.990950226244344
fcfg: 221 726.0 13.321266968325792
dp: 203 694.0 6.5073891625615765
fcfg: 203 699.0 4.5911330049261085
dp: 180 672.0 6.761111111111111
fcfg: 180 671.0 3.9444444444444446
dp: 188 665.0 12.042553191489361
fcfg: 188 665.0 8.71808510638298
dp: 206 686.0 9.402912621359222
fcfg: 206 687.0 6.888349514563107
dp: 195 675.0 4.4051282051282055
fcfg: 195 671.0 3.9846153846153847
dp: 202 701.0 12.935643564356436
fcfg: 202 704.0 8.836633663366337
dp: 204 704.0 4.044117647058823
fcfg: 204 702.0 3.3970588235294117
dp: 189 665.0 11.354497354497354
fcfg: 189 671.0 8.201058201058201
dp: 207 703.0 8.758454106280194
fcfg: 207 712.0 6.913043478260869
dp: 216 701.0 19.86574074074074
fcfg: 216 716.0 12.671296296296296
dp: 203 690.0 11.827586206896552
fcfg: 203 702.0 9.206896551724139
dp: 184 670.0 3.989130434782609
fcfg: 184 670.0 1.9456521739130435
dp: 193 684.0 3.523316062176166
fcfg: 193 686.0 3.05699481865285
dp: 203 691.0 15.67487684729064
fcfg: 203 707.0 11.285714285714286
dp: 205 685.0 6.117073170731707
fcfg: 205 691.0 4.424390243902439
dp: 195 670.0 5.512820512820513
fcfg: 195 672.0 4.912820512820513
dp: 188 667.0 2.6382978723404253
fcfg: 188 667.0 3.3617021276595747
dp: 187 673.0 3.443850267379679
fcfg: 187 677.0 2.625668449197861
dp: 199 673.0 16.00502512562814
fcfg: 199 671.0 8.899497487437186
dp: 203 686.0 14.29064039408867
fcfg: 203 678.0 8.58128078817734
dp: 210 672.0 10.852380952380953
fcfg: 210 678.0 7.314285714285714
dp: 178 664.0 1.8258426966292134
fcfg: 178 668.0 1.9101123595505618
dp: 195 678.0 3.1025641025641026
fcfg: 195 679.0 2.5487179487179485
dp: 185 682.0 2.4054054054054053
fcfg: 185 680.0 2.27027027027027
dp: 200 683.0 3.1
fcfg: 200 686.0 3.285
dp: 207 688.0 13.97584541062802
fcfg: 207 697.0 9.55072463768116
dp: 213 688.0 19.389671361502348
fcfg: 213 699.0 15.769953051643192
dp: 207 688.0 18.980676328502415
fcfg: 207 685.0 9.521739130434783
dp: 192 660.0 6.296875
fcfg: 192 660.0 4.942708333333333
dp: 202 685.0 7.569306930693069
fcfg: 202 692.0 6.143564356435643
dp: 195 673.0 4.38974358974359
fcfg: 195 667.0 5.579487179487179
dp: 213 693.0 16.71361502347418
fcfg: 213 695.0 10.610328638497652
dp: 195 681.0 6.030769230769231
fcfg: 195 687.0 4.523076923076923
dp: 199 663.0 7.798994974874372
fcfg: 199 668.0 6.5125628140703515
dp: 206 677.0 14.601941747572816
fcfg: 206 675.0 7.004854368932039
dp: 196 689.0 8.392857142857142
fcfg: 196 695.0 4.5
dp: 191 687.0 2.5392670157068062
fcfg: 191 682.0 2.4345549738219896
dp: 199 681.0 14.824120603015075
fcfg: 199 685.0 8.492462311557789
dp: 192 676.0 8.447916666666666
fcfg: 192 678.0 5.572916666666667
dp: 215 685.0 20.888372093023257
fcfg: 215 705.0 15.944186046511629
dp: 205 682.0 12.809756097560976
fcfg: 205 678.0 6.360975609756098
dp: 214 694.0 15.322429906542055
fcfg: 214 719.0 12.22429906542056
dp: 206 682.0 9.383495145631068
fcfg: 206 682.0 7.014563106796117
dp: 182 682.0 3.791208791208791
fcfg: 182 681.0 2.8846153846153846
dp: 205 675.0 7.663414634146341
fcfg: 205 687.0 6.331707317073171
dp: 201 683.0 7.303482587064677
fcfg: 201 692.0 4.91542288557214
dp: 206 681.0 14.902912621359222
fcfg: 206 675.0 7.689320388349515
dp: 183 673.0 4.557377049180328
fcfg: 183 672.0 2.759562841530055
dp: 206 676.0 4.951456310679611
fcfg: 206 685.0 6.762135922330097
dp: 197 672.0 11.16243654822335
fcfg: 197 673.0 10.01522842639594
dp: 198 673.0 8.974747474747474
fcfg: 198 677.0 7.484848484848484
dp: 197 678.0 4.786802030456853
fcfg: 197 681.0 4.436548223350254
dp: 191 684.0 2.900523560209424
fcfg: 191 686.0 2.670157068062827
dp: 205 689.0 25.346341463414635
fcfg: 205 696.0 17.2
dp: 229 730.0 19.737991266375545
fcfg: 229 765.0 17.8646288209607
dp: 212 685.0 7.59433962264151
fcfg: 212 683.0 6.94811320754717
dp: 186 660.0 4.365591397849462
fcfg: 186 660.0 3.838709677419355
dp: 177 662.0 2.169491525423729
fcfg: 177 662.0 2.8135593220338984
dp: 210 698.0 11.276190476190477
fcfg: 210 701.0 7.285714285714286
dp: 219 694.0 22.24200913242009
fcfg: 219 712.0 17.735159817351597
dp: 187 659.0 2.839572192513369
fcfg: 187 660.0 3.379679144385027
dp: 205 686.0 9.234146341463415
fcfg: 205 680.0 7.073170731707317
dp: 209 685.0 11.16267942583732
fcfg: 209 695.0 7.889952153110048
dp: 212 693.0 20.702830188679247
fcfg: 212 696.0 12.367924528301886
dp: 200 685.0 8.375
fcfg: 200 695.0 8.845
dp: 220 708.0 15.440909090909091
fcfg: 220 727.0 11.554545454545455
dp: 201 680.0 14.83084577114428
fcfg: 201 685.0 9.35820895522388
dp: 207 694.0 13.178743961352657
fcfg: 207 699.0 8.68599033816425
dp: 185 674.0 4.318918918918919
fcfg: 185 677.0 3.4108108108108106
dp: 186 650.0 5.672043010752688
fcfg: 186 650.0 4.043010752688172
dp: 183 692.0 3.639344262295082
fcfg: 183 691.0 3.808743169398907
dp: 213 681.0 19.619718309859156
fcfg: 213 686.0 14.784037558685446
dp: 212 704.0 15.084905660377359
fcfg: 212 703.0 7.278301886792453
dp: 191 675.0 5.371727748691099
fcfg: 191 680.0 4.628272251308901
dp: 182 682.0 3.423076923076923
fcfg: 182 688.0 3.7472527472527473
dp: 217 717.0 15.898617511520737
fcfg: 217 732.0 10.898617511520737
dp: 210 673.0 12.466666666666667
fcfg: 210 683.0 11.423809523809524
dp: 203 680.0 19.645320197044335
fcfg: 203 677.0 11.497536945812808
dp: 200 687.0 6.945
fcfg: 200 693.0 4.85
dp: 203 685.0 6.783251231527093
fcfg: 203 686.0 7.679802955665025
dp: 211 676.0 21.165876777251185
fcfg: 211 683.0 16.33175355450237
dp: 178 667.0 3.353932584269663
fcfg: 178 667.0 2.898876404494382
dp: 223 710.0 24.932735426008968
fcfg: 223 732.0 19.793721973094172
dp: 210 711.0 8.90952380952381
fcfg: 210 723.0 6.5476190476190474
dp: 200 669.0 5.905
fcfg: 200 675.0 5.16
dp: 200 683.0 7.5
fcfg: 200 686.0 6.615
dp: 189 669.0 12.116402116402117
fcfg: 189 663.0 7.603174603174603
dp: 190 660.0 7.536842105263158
fcfg: 190 669.0 5.894736842105263
dp: 191 691.0 3.0
fcfg: 191 694.0 2.712041884816754
dp: 190 666.0 4.505263157894737
fcfg: 190 666.0 5.268421052631579
dp: 198 675.0 16.156565656565657
fcfg: 198 669.0 7.5606060606060606
dp: 208 674.0 11.975961538461538
fcfg: 208 673.0 8.70673076923077
dp: 191 687.0 2.0366492146596857
fcfg: 191 695.0 2.18848167539267
dp: 201 674.0 11.189054726368159
fcfg: 201 678.0 6.701492537313433
dp: 220 704.0 29.740909090909092
fcfg: 220 726.0 21.245454545454546
dp: 185 665.0 8.68108108108108
fcfg: 185 661.0 5.508108108108108
dp: 180 667.0 4.522222222222222
fcfg: 180 659.0 3.672222222222222
dp: 197 666.0 5.690355329949239
fcfg: 197 668.0 4.213197969543147
dp: 213 686.0 15.44131455399061
fcfg: 213 703.0 13.0
dp: 194 666.0 7.154639175257732
fcfg: 194 663.0 5.396907216494846
dp: 210 694.0 12.119047619047619
fcfg: 210 704.0 9.014285714285714
dp: 210 694.0 31.204761904761906
fcfg: 210 705.0 23.238095238095237
dp: 202 669.0 16.792079207920793
fcfg: 202 667.0 9.816831683168317
dp: 196 676.0 4.653061224489796
fcfg: 196 680.0 3.3877551020408165
dp: 180 689.0 5.588888888888889
fcfg: 180 684.0 4.605555555555555
dp: 204 676.0 11.553921568627452
fcfg: 204 678.0 8.313725490196079
dp: 203 676.0 11.768472906403941
fcfg: 203 677.0 9.004926108374384
dp: 180 668.0 3.522222222222222
fcfg: 180 673.0 4.344444444444444
dp: 214 697.0 21.098130841121495
fcfg: 214 689.0 12.504672897196262
dp: 182 658.0 2.6153846153846154
fcfg: 182 658.0 2.3736263736263736
dp: 182 679.0 4.1098901098901095
fcfg: 182 676.0 2.9285714285714284
dp: 190 673.0 10.473684210526315
fcfg: 190 680.0 7.147368421052631
dp: 193 669.0 3.326424870466321
fcfg: 193 669.0 3.4093264248704664
dp: 201 672.0 8.278606965174129
fcfg: 201 675.0 6.557213930348259
dp: 189 675.0 5.481481481481482
fcfg: 189 678.0 4.449735449735449
dp: 175 667.0 3.045714285714286
fcfg: 175 666.0 2.96
dp: 182 663.0 4.384615384615385
fcfg: 182 663.0 3.4175824175824174
dp: 227 716.0 30.669603524229075
fcfg: 227 741.0 23.65638766519824
dp: 201 692.0 8.72636815920398
fcfg: 201 696.0 6.810945273631841
dp: 201 700.0 12.597014925373134
fcfg: 201 692.0 5.880597014925373
dp: 192 667.0 7.010416666666667
fcfg: 192 674.0 5.489583333333333
dp: 184 696.0 3.744565217391304
fcfg: 184 690.0 3.2880434782608696
dp: 206 681.0 14.480582524271844
fcfg: 206 675.0 7.859223300970874
dp: 190 686.0 4.326315789473684
fcfg: 190 688.0 3.6894736842105265
dp: 219 702.0 12.082191780821917
fcfg: 219 704.0 9.397260273972602
dp: 210 692.0 12.876190476190477
fcfg: 210 699.0 8.18095238095238
dp: 191 669.0 6.696335078534031
fcfg: 191 666.0 4.93717277486911
dp: 194 657.0 6.912371134020619
fcfg: 194 657.0 7.582474226804123
dp: 179 661.0 2.5195530726256985
fcfg: 179 666.0 2.458100558659218
dp: 203 707.0 7.916256157635468
fcfg: 203 714.0 6.187192118226601
dp: 207 685.0 6.734299516908212
fcfg: 207 693.0 6.371980676328502
dp: 201 678.0 10.945273631840797
fcfg: 201 684.0 5.930348258706467
dp: 188 675.0 1.9202127659574468
fcfg: 188 678.0 2.6968085106382977
dp: 208 675.0 11.427884615384615
fcfg: 208 680.0 7.5
dp: 218 694.0 22.711009174311926
fcfg: 218 707.0 16.68807339449541
dp: 216 687.0 14.50925925925926
fcfg: 216 689.0 10.050925925925926
dp: 217 696.0 15.23963133640553
fcfg: 217 715.0 10.073732718894009
dp: 209 683.0 21.3444976076555
fcfg: 209 687.0 12.057416267942584
dp: 188 673.0 4.430851063829787
fcfg: 188 673.0 4.164893617021277
dp: 226 708.0 25.960176991150444
fcfg: 226 731.0 18.756637168141594
dp: 215 687.0 21.553488372093025
fcfg: 215 702.0 17.186046511627907
dp: 216 687.0 12.921296296296296
fcfg: 216 700.0 9.930555555555555
dp: 203 670.0 20.463054187192117
fcfg: 203 668.0 13.443349753694582
dp: 182 667.0 4.197802197802198
fcfg: 182 664.0 3.7747252747252746
dp: 214 698.0 12.621495327102803
fcfg: 214 716.0 8.093457943925234
dp: 194 679.0 8.206185567010309
fcfg: 194 675.0 4.969072164948454
dp: 202 670.0 10.069306930693068
fcfg: 202 673.0 8.099009900990099
dp: 195 670.0 5.487179487179487
fcfg: 195 673.0 3.5076923076923077
dp: 200 683.0 8.055
fcfg: 200 680.0 6.205
dp: 203 682.0 10.123152709359607
fcfg: 203 687.0 5.985221674876847
dp: 204 689.0 4.397058823529412
fcfg: 204 692.0 5.4411764705882355
dp: 196 665.0 5.311224489795919
fcfg: 196 660.0 3.306122448979592
dp: 224 690.0 35.316964285714285
fcfg: 224 715.0 24.986607142857142
dp: 185 658.0 3.718918918918919
fcfg: 185 659.0 4.762162162162162
dp: 166 665.0 1.6927710843373494
fcfg: 166 665.0 1.9156626506024097
dp: 200 679.0 12.08
fcfg: 200 681.0 5.66
dp: 208 682.0 10.1875
fcfg: 208 684.0 6.639423076923077
dp: 199 674.0 11.57286432160804
fcfg: 199 676.0 7.889447236180905
dp: 180 662.0 2.283333333333333
fcfg: 180 660.0 3.1055555555555556
dp: 187 653.0 8.636363636363637
fcfg: 187 653.0 4.866310160427807
dp: 231 710.0 23.437229437229437
fcfg: 231 741.0 16.77056277056277
dp: 194 666.0 7.829896907216495
fcfg: 194 668.0 6.371134020618556
dp: 199 663.0 13.105527638190955
fcfg: 199 656.0 10.492462311557789
dp: 178 663.0 5.353932584269663
fcfg: 178 664.0 2.831460674157303
dp: 208 692.0 14.072115384615385
fcfg: 208 703.0 9.048076923076923
dp: 192 683.0 3.7708333333333335
fcfg: 192 676.0 3.84375
dp: 214 691.0 10.897196261682243
fcfg: 214 698.0 7.018691588785047
dp: 209 684.0 14.210526315789474
fcfg: 209 687.0 9.555023923444976
dp: 202 676.0 9.321782178217822
fcfg: 202 672.0 5.079207920792079
dp: 223 711.0 29.946188340807176
fcfg: 223 742.0 21.955156950672645
dp: 189 674.0 5.074074074074074
fcfg: 189 680.0 5.042328042328043
dp: 226 701.0 29.075221238938052
fcfg: 226 725.0 21.393805309734514
dp: 200 678.0 12.045
fcfg: 200 680.0 10.945
dp: 193 663.0 5.248704663212435
fcfg: 193 663.0 3.2072538860103625
dp: 213 702.0 26.488262910798124
fcfg: 213 707.0 17.812206572769952
dp: 195 695.0 6.943589743589744
fcfg: 195 695.0 4.851282051282051
dp: 203 685.0 8.088669950738916
fcfg: 203 683.0 5.70935960591133
dp: 192 687.0 2.9270833333333335
fcfg: 192 687.0 2.7135416666666665
dp: 189 680.0 2.7037037037037037
fcfg: 189 683.0 3.2698412698412698
dp: 190 682.0 5.431578947368421
fcfg: 190 692.0 3.9947368421052634
dp: 194 698.0 11.144329896907216
fcfg: 194 701.0 7.417525773195877
dp: 188 660.0 5.23404255319149
fcfg: 188 660.0 4.079787234042553
dp: 190 675.0 5.842105263157895
fcfg: 190 678.0 5.057894736842106
dp: 204 674.0 12.71078431372549
fcfg: 204 671.0 10.161764705882353
dp: 199 688.0 10.618090452261306
fcfg: 199 689.0 5.9296482412060305
dp: 211 689.0 17.360189573459717
fcfg: 211 699.0 10.246445497630331
dp: 197 666.0 15.157360406091371
fcfg: 197 665.0 10.619289340101522
dp: 206 691.0 18.519417475728154
fcfg: 206 688.0 14.266990291262136
dp: 199 682.0 5.668341708542713
fcfg: 199 689.0 5.316582914572864
dp: 201 682.0 8.601990049751244
fcfg: 201 679.0 7.467661691542289
dp: 170 659.0 1.6176470588235294
fcfg: 170 659.0 2.2941176470588234
dp: 210 671.0 11.19047619047619
fcfg: 210 678.0 8.414285714285715
dp: 177 670.0 2.016949152542373
fcfg: 177 672.0 2.7231638418079096
dp: 218 689.0 21.192660550458715
fcfg: 218 701.0 17.013761467889907
dp: 192 706.0 12.859375
fcfg: 192 701.0 7.947916666666667
dp: 200 677.0 4.835
fcfg: 200 680.0 3.195
dp: 206 680.0 16.776699029126213
fcfg: 206 675.0 7.461165048543689
dp: 186 657.0 3.9946236559139785
fcfg: 186 661.0 4.096774193548387
dp: 210 682.0 12.242857142857142
fcfg: 210 677.0 7.933333333333334
dp: 183 667.0 1.2677595628415301
fcfg: 183 669.0 1.6174863387978142
dp: 220 707.0 18.754545454545454
fcfg: 220 727.0 14.704545454545455
dp: 216 716.0 13.98611111111111
fcfg: 216 713.0 9.48611111111111
dp: 172 669.0 1.877906976744186
fcfg: 172 670.0 1.5755813953488371
dp: 218 708.0 22.577981651376145
fcfg: 218 720.0 14.825688073394495
dp: 202 658.0 8.594059405940595
fcfg: 202 664.0 7.6683168316831685
dp: 180 674.0 2.8055555555555554
fcfg: 180 675.0 3.1
dp: 190 680.0 6.021052631578947
fcfg: 190 682.0 4.1
dp: 205 676.0 11.93170731707317
fcfg: 205 685.0 8.463414634146341
dp: 204 676.0 7.034313725490196
fcfg: 204 685.0 5.122549019607843
dp: 198 671.0 9.474747474747474
fcfg: 198 674.0 6.4646464646464645
dp: 207 681.0 11.840579710144928
fcfg: 207 684.0 7.420289855072464
dp: 202 682.0 8.430693069306932
fcfg: 202 683.0 5.648514851485149
dp: 206 683.0 12.150485436893204
fcfg: 206 679.0 8.970873786407767
dp: 196 673.0 4.790816326530612
fcfg: 196 680.0 6.510204081632653
dp: 219 698.0 24.858447488584474
fcfg: 219 701.0 14.105022831050228
dp: 207 679.0 6.971014492753623
fcfg: 207 685.0 6.043478260869565
dp: 212 688.0 11.599056603773585
fcfg: 212 702.0 8.64622641509434
dp: 212 699.0 15.297169811320755
fcfg: 212 712.0 9.858490566037736
dp: 209 683.0 16.80861244019139
fcfg: 209 681.0 10.004784688995215
dp: 178 652.0 2.00561797752809
fcfg: 178 652.0 2.269662921348315
dp: 197 696.0 14.192893401015228
fcfg: 197 699.0 10.467005076142131
dp: 211 709.0 16.966824644549764
fcfg: 211 708.0 8.549763033175356
dp: 186 676.0 4.774193548387097
fcfg: 186 674.0 3.8010752688172045
dp: 197 680.0 9.82741116751269
fcfg: 197 678.0 6.7055837563451774
dp: 210 690.0 12.790476190476191
fcfg: 210 703.0 9.414285714285715
dp: 206 677.0 6.213592233009709
fcfg: 206 687.0 5.548543689320389
dp: 209 684.0 10.119617224880383
fcfg: 209 689.0 6.382775119617225
dp: 197 667.0 14.959390862944163
fcfg: 197 667.0 9.17766497461929
dp: 182 679.0 2.357142857142857
fcfg: 182 676.0 1.8241758241758241
dp: 196 673.0 4.3061224489795915
fcfg: 196 679.0 3.5255102040816326
dp: 199 698.0 11.71859296482412
fcfg: 199 703.0 8.090452261306533
dp: 211 694.0 23.23696682464455
fcfg: 211 691.0 15.66824644549763
dp: 193 691.0 2.948186528497409
fcfg: 193 697.0 2.6476683937823835
dp: 209 697.0 15.454545454545455
fcfg: 209 701.0 10.727272727272727
dp: 170 671.0 2.523529411764706
fcfg: 170 671.0 2.3705882352941177
dp: 211 701.0 22.95734597156398
fcfg: 211 708.0 13.317535545023697
dp: 210 679.0 10.557142857142857
fcfg: 210 691.0 8.023809523809524
dp: 183 658.0 2.3060109289617485
fcfg: 183 658.0 3.0163934426229506
dp: 188 689.0 3.3138297872340425
fcfg: 188 694.0 3.595744680851064
dp: 214 686.0 23.257009345794394
fcfg: 214 695.0 14.74766355140187
dp: 176 682.0 5.613636363636363
fcfg: 176 686.0 4.125
dp: 196 702.0 7.3979591836734695
fcfg: 196 707.0 5.1938775510204085
dp: 189 677.0 3.9576719576719577
fcfg: 189 681.0 2.4232804232804233
dp: 221 698.0 30.289592760180994
fcfg: 221 722.0 20.900452488687783
dp: 198 672.0 7.161616161616162
fcfg: 198 674.0 6.732323232323233
dp: 194 684.0 5.015463917525773
fcfg: 194 685.0 4.902061855670103
dp: 185 661.0 4.248648648648649
fcfg: 185 661.0 2.3189189189189188
dp: 203 686.0 13.167487684729064
fcfg: 203 683.0 8.571428571428571
dp: 208 682.0 4.769230769230769
fcfg: 208 704.0 7.019230769230769
dp: 215 686.0 20.372093023255815
fcfg: 215 689.0 13.483720930232558
dp: 210 683.0 19.214285714285715
fcfg: 210 688.0 11.185714285714285
dp: 215 698.0 16.53953488372093
fcfg: 215 700.0 12.427906976744186
dp: 206 691.0 14.446601941747574
fcfg: 206 687.0 7.62621359223301
dp: 223 713.0 25.982062780269057
fcfg: 223 732.0 18.233183856502244
dp: 186 683.0 4.935483870967742
fcfg: 186 680.0 3.129032258064516
dp: 201 674.0 7.417910447761194
fcfg: 201 676.0 4.388059701492537
dp: 201 681.0 7.019900497512438
fcfg: 201 687.0 6.144278606965174
dp: 205 696.0 12.092682926829267
fcfg: 205 700.0 9.117073170731707
dp: 213 694.0 25.140845070422536
fcfg: 213 693.0 13.807511737089202
dp: 194 699.0 11.268041237113403
fcfg: 194 707.0 7.829896907216495
dp: 205 686.0 7.541463414634146
fcfg: 205 697.0 5.882926829268293
dp: 227 707.0 26.431718061674008
fcfg: 227 718.0 15.916299559471366
dp: 221 698.0 21.800904977375566
fcfg: 221 698.0 13.48868778280543
dp: 198 676.0 9.217171717171718
fcfg: 198 672.0 5.797979797979798
dp: 198 685.0 6.434343434343434
fcfg: 198 699.0 5.393939393939394
dp: 204 677.0 9.872549019607844
fcfg: 204 689.0 9.117647058823529
dp: 197 677.0 11.83248730964467
fcfg: 197 676.0 7.152284263959391
dp: 216 700.0 16.208333333333332
fcfg: 216 703.0 8.38425925925926
dp: 214 699.0 24.99532710280374
fcfg: 214 700.0 15.593457943925234
dp: 204 676.0 7.200980392156863
fcfg: 204 680.0 6.730392156862745
dp: 229 716.0 24.76419213973799
fcfg: 229 746.0 19.240174672489083
dp: 233 722.0 23.98283261802575
fcfg: 233 740.0 17.909871244635195
dp: 212 695.0 8.35377358490566
fcfg: 212 713.0 8.773584905660377
dp: 214 678.0 29.47196261682243
fcfg: 214 697.0 21.046728971962615
dp: 206 689.0 21.97087378640777
fcfg: 206 679.0 11.776699029126213
dp: 197 680.0 4.370558375634518
fcfg: 197 682.0 3.3045685279187818
dp: 214 700.0 18.210280373831775
fcfg: 214 704.0 12.158878504672897
dp: 197 673.0 7.446700507614213
fcfg: 197 676.0 5.98984771573604
dp: 221 712.0 19.520361990950228
fcfg: 221 748.0 16.570135746606336
dp: 205 665.0 9.809756097560976
fcfg: 205 672.0 8.165853658536586
dp: 190 683.0 5.536842105263158
fcfg: 190 688.0 4.826315789473684
dp: 205 694.0 6.136585365853659
fcfg: 205 708.0 5.287804878048781
dp: 205 666.0 8.951219512195122
fcfg: 205 680.0 9.71219512195122
dp: 219 701.0 14.045662100456621
fcfg: 219 714.0 9.95890410958904
dp: 219 705.0 13.616438356164384
fcfg: 219 722.0 8.867579908675799
dp: 188 665.0 4.702127659574468
fcfg: 188 669.0 4.51595744680851
dp: 203 669.0 21.80295566502463
fcfg: 203 667.0 10.078817733990148
dp: 209 692.0 7.5933014354066986
fcfg: 209 691.0 7.009569377990431
dp: 201 683.0 6.398009950248756
fcfg: 201 692.0 5.711442786069652
dp: 194 666.0 13.938144329896907
fcfg: 194 666.0 7.201030927835052
dp: 195 664.0 3.466666666666667
fcfg: 195 662.0 4.466666666666667
dp: 195 679.0 9.676923076923076
fcfg: 195 683.0 5.046153846153846
dp: 188 669.0 5.292553191489362
fcfg: 188 678.0 4.48936170212766
dp: 211 693.0 17.218009478672986
fcfg: 211 708.0 11.080568720379146
dp: 197 674.0 5.791878172588833
fcfg: 197 678.0 3.9441624365482233
dp: 189 667.0 3.798941798941799
fcfg: 189 670.0 2.7936507936507935
dp: 192 669.0 6.026041666666667
fcfg: 192 674.0 5.15625
dp: 187 667.0 1.86096256684492
fcfg: 187 665.0 2.4224598930481283
dp: 185 675.0 2.135135135135135
fcfg: 185 679.0 2.4216216216216218
dp: 180 666.0 4.416666666666667
fcfg: 180 671.0 3.4277777777777776
dp: 214 684.0 15.24766355140187
fcfg: 214 707.0 11.733644859813085
dp: 193 683.0 6.476683937823834
fcfg: 193 691.0 6.518134715025907
dp: 209 683.0 12.421052631578947
fcfg: 209 676.0 8.62200956937799
dp: 190 663.0 13.336842105263157
fcfg: 190 663.0 8.005263157894737
dp: 193 676.0 9.854922279792746
fcfg: 193 675.0 5.424870466321243
dp: 213 685.0 10.460093896713616
fcfg: 213 696.0 9.816901408450704
dp: 209 685.0 13.287081339712918
fcfg: 209 688.0 8.267942583732058
dp: 203 686.0 10.118226600985222
fcfg: 203 682.0 7.4926108374384235
dp: 179 655.0 2.1731843575418996
fcfg: 179 655.0 2.3854748603351954
dp: 193 662.0 9.2279792746114
fcfg: 193 662.0 5.917098445595855
dp: 202 698.0 8.524752475247524
fcfg: 202 711.0 5.4405940594059405
dp: 194 682.0 5.051546391752577
fcfg: 194 684.0 4.876288659793815
dp: 210 686.0 12.628571428571428
fcfg: 210 698.0 7.557142857142857
dp: 181 657.0 4.569060773480663
fcfg: 181 658.0 3.751381215469613
dp: 202 685.0 6.034653465346534
fcfg: 202 691.0 4.569306930693069
dp: 205 669.0 9.673170731707318
fcfg: 205 676.0 8.22439024390244
dp: 187 671.0 1.481283422459893
fcfg: 187 673.0 2.272727272727273
dp: 190 669.0 5.873684210526315
fcfg: 190 675.0 5.936842105263158
dp: 204 682.0 14.382352941176471
fcfg: 204 686.0 10.338235294117647
dp: 193 672.0 5.953367875647668
fcfg: 193 673.0 4.974093264248705
dp: 191 686.0 4.335078534031414
fcfg: 191 679.0 2.7591623036649215
dp: 200 692.0 6.165
fcfg: 200 703.0 6.53
dp: 219 692.0 14.986301369863014
fcfg: 219 710.0 13.136986301369863
dp: 224 705.0 26.075892857142858
fcfg: 224 707.0 15.575892857142858
dp: 208 694.0 4.9375
fcfg: 208 700.0 5.947115384615385
dp: 195 661.0 4.707692307692308
fcfg: 195 671.0 4.030769230769231
dp: 185 662.0 5.081081081081081
fcfg: 185 663.0 4.043243243243243
dp: 213 688.0 19.71361502347418
fcfg: 213 695.0 11.769953051643192
dp: 218 688.0 11.376146788990825
fcfg: 218 699.0 8.678899082568808
dp: 189 665.0 4.5396825396825395
fcfg: 189 665.0 4.412698412698413
dp: 190 686.0 6.168421052631579
fcfg: 190 686.0 5.910526315789474
dp: 202 679.0 5.836633663366337
fcfg: 202 686.0 5.851485148514851
dp: 184 659.0 3.9184782608695654
fcfg: 184 662.0 1.8695652173913044
dp: 210 701.0 18.433333333333334
fcfg: 210 699.0 11.571428571428571
dp: 189 675.0 3.6825396825396823
fcfg: 189 680.0 4.386243386243386
dp: 201 677.0 5.870646766169155
fcfg: 201 684.0 3.970149253731343
dp: 182 656.0 1.7252747252747254
fcfg: 182 660.0 2.230769230769231
dp: 222 699.0 21.18918918918919
fcfg: 222 721.0 15.954954954954955
dp: 204 674.0 21.813725490196077
fcfg: 204 668.0 12.348039215686274
dp: 183 667.0 3.5136612021857925
fcfg: 183 672.0 3.26775956284153
dp: 177 666.0 6.576271186440678
fcfg: 177 667.0 4.604519774011299
dp: 190 696.0 2.5157894736842104
fcfg: 190 698.0 2.610526315789474
dp: 207 689.0 6.792270531400966
fcfg: 207 703.0 5.811594202898551
dp: 200 669.0 15.585
fcfg: 200 669.0 8.53
dp: 202 697.0 12.806930693069306
fcfg: 202 690.0 7.198019801980198
dp: 190 692.0 5.821052631578947
fcfg: 190 692.0 5.163157894736842
dp: 206 685.0 14.766990291262136
fcfg: 206 684.0 9.155339805825243
dp: 197 689.0 6.786802030456853
fcfg: 197 693.0 5.7055837563451774
dp: 232 717.0 34.16379310344828
fcfg: 232 741.0 28.142241379310345
dp: 207 688.0 15.178743961352657
fcfg: 207 688.0 8.02415458937198
dp: 200 694.0 8.74
fcfg: 200 691.0 7.665
dp: 178 664.0 1.7415730337078652
fcfg: 178 661.0 2.460674157303371
dp: 201 679.0 10.671641791044776
fcfg: 201 664.0 4.920398009950249
dp: 206 675.0 11.048543689320388
fcfg: 206 681.0 7.849514563106796
dp: 207 687.0 11.473429951690822
fcfg: 207 709.0 9.478260869565217
dp: 222 712.0 22.364864864864863
fcfg: 222 725.0 15.00900900900901
dp: 194 663.0 10.056701030927835
fcfg: 194 657.0 5.989690721649485
dp: 187 673.0 2.5828877005347595
fcfg: 187 679.0 3.1818181818181817
dp: 221 698.0 31.81447963800905
fcfg: 221 724.0 19.742081447963802
dp: 208 684.0 12.35576923076923
fcfg: 208 705.0 8.899038461538462
dp: 207 677.0 10.231884057971014
fcfg: 207 690.0 7.763285024154589
dp: 183 670.0 4.114754098360656
fcfg: 183 673.0 3.808743169398907
dp: 208 695.0 8.817307692307692
fcfg: 208 693.0 5.375
dp: 225 699.0 22.24
fcfg: 225 749.0 20.924444444444443
dp: 216 700.0 20.26388888888889
fcfg: 216 704.0 12.296296296296296
dp: 218 707.0 29.174311926605505
fcfg: 218 743.0 22.23394495412844
dp: 202 671.0 6.257425742574258
fcfg: 202 675.0 4.965346534653466
dp: 189 680.0 2.544973544973545
fcfg: 189 681.0 2.867724867724868
dp: 208 684.0 11.5625
fcfg: 208 687.0 10.73076923076923
dp: 171 667.0 3.8421052631578947
fcfg: 171 667.0 4.222222222222222
dp: 192 663.0 11.182291666666666
fcfg: 192 663.0 6.994791666666667
dp: 197 678.0 8.309644670050762
fcfg: 197 682.0 5.2944162436548226
dp: 188 677.0 4.367021276595745
fcfg: 188 685.0 3.4893617021276597
dp: 223 712.0 23.161434977578477
fcfg: 223 715.0 15.26457399103139
dp: 186 698.0 2.172043010752688
fcfg: 186 697.0 2.4408602150537635
dp: 193 697.0 5.108808290155441
fcfg: 193 701.0 4.7927461139896375
dp: 204 678.0 9.936274509803921
fcfg: 204 679.0 6.196078431372549
dp: 180 652.0 2.0444444444444443
fcfg: 180 652.0 1.7222222222222223
dp: 190 662.0 3.9947368421052634
fcfg: 190 662.0 4.742105263157895
dp: 186 666.0 3.9623655913978495
fcfg: 186 666.0 3.435483870967742
dp: 197 672.0 5.477157360406092
fcfg: 197 685.0 3.8071065989847717
dp: 206 673.0 10.436893203883495
fcfg: 206 679.0 8.684466019417476
dp: 200 679.0 4.955
fcfg: 200 678.0 4.5
dp: 192 681.0 5.291666666666667
fcfg: 192 682.0 4.557291666666667
dp: 206 676.0 14.776699029126213
fcfg: 206 677.0 7.815533980582524
dp: 210 677.0 18.9
fcfg: 210 688.0 12.82857142857143
dp: 191 708.0 13.649214659685864
fcfg: 191 708.0 7.93717277486911
dp: 183 667.0 3.448087431693989
fcfg: 183 675.0 3.349726775956284
dp: 203 685.0 10.394088669950738
fcfg: 203 678.0 5.467980295566503
dp: 214 696.0 11.233644859813085
fcfg: 214 699.0 7.859813084112149
dp: 199 682.0 5.226130653266332
fcfg: 199 683.0 3.728643216080402
dp: 197 695.0 12.319796954314722
fcfg: 197 694.0 8.49746192893401
dp: 184 663.0 6.875
fcfg: 184 667.0 5.434782608695652
dp: 203 692.0 5.812807881773399
fcfg: 203 695.0 4.556650246305419
dp: 212 688.0 17.63679245283019
fcfg: 212 689.0 7.69811320754717
dp: 197 671.0 11.304568527918782
fcfg: 197 672.0 8.49746192893401
dp: 202 678.0 13.05940594059406
fcfg: 202 686.0 8.628712871287128
dp: 211 688.0 8.990521327014218
fcfg: 211 699.0 7.981042654028436
dp: 196 696.0 7.75
fcfg: 196 707.0 6.066326530612245
dp: 184 661.0 3.157608695652174
fcfg: 184 666.0 4.255434782608695
dp: 214 706.0 15.30373831775701
fcfg: 214 730.0 13.107476635514018
dp: 183 673.0 3.087431693989071
fcfg: 183 678.0 3.4644808743169397
dp: 194 665.0 9.463917525773196
fcfg: 194 665.0 5.902061855670103
dp: 191 686.0 2.256544502617801
fcfg: 191 690.0 2.7853403141361257
dp: 207 691.0 7.207729468599034
fcfg: 207 697.0 6.386473429951691
dp: 210 691.0 6.628571428571429
fcfg: 210 711.0 6.052380952380952
dp: 185 676.0 4.735135135135135
fcfg: 185 677.0 2.616216216216216
dp: 176 664.0 2.977272727272727
fcfg: 176 664.0 2.3693181818181817
dp: 209 686.0 16.789473684210527
fcfg: 209 689.0 12.435406698564593
dp: 190 674.0 6.826315789473684
fcfg: 190 670.0 4.110526315789474
dp: 210 699.0 13.19047619047619
fcfg: 210 707.0 8.861904761904762
dp: 209 695.0 17.401913875598087
fcfg: 209 697.0 10.124401913875598
dp: 198 668.0 10.085858585858587
fcfg: 198 667.0 7.843434343434343
dp: 185 679.0 2.427027027027027
fcfg: 185 681.0 2.864864864864865
dp: 187 661.0 3.6363636363636362
fcfg: 187 661.0 3.748663101604278
dp: 205 679.0 15.170731707317072
fcfg: 205 670.0 6.68780487804878
dp: 185 663.0 3.6810810810810812
fcfg: 185 672.0 3.4162162162162164
dp: 205 692.0 10.731707317073171
fcfg: 205 692.0 5.5512195121951216
dp: 192 665.0 3.6666666666666665
fcfg: 192 665.0 3.0833333333333335
dp: 201 691.0 22.66169154228856
fcfg: 201 692.0 14.338308457711443
dp: 192 684.0 9.875
fcfg: 192 678.0 5.59375
dp: 188 663.0 2.9468085106382977
fcfg: 188 668.0 2.952127659574468
dp: 202 673.0 13.851485148514852
fcfg: 202 683.0 9.727722772277227
dp: 210 682.0 10.18095238095238
fcfg: 210 694.0 9.885714285714286
dp: 192 674.0 12.375
fcfg: 192 667.0 4.921875
dp: 201 691.0 8.766169154228855
fcfg: 201 696.0 6.895522388059701
dp: 197 706.0 15.096446700507615
fcfg: 197 708.0 11.401015228426395
dp: 205 673.0 11.395121951219512
fcfg: 205 674.0 7.482926829268293
dp: 207 685.0 6.6521739130434785
fcfg: 207 702.0 5.840579710144928
dp: 201 694.0 10.860696517412935
fcfg: 201 701.0 8.527363184079602
dp: 187 673.0 2.7058823529411766
fcfg: 187 675.0 4.390374331550802
dp: 178 656.0 3.101123595505618
fcfg: 178 656.0 2.5168539325842696
dp: 207 673.0 5.444444444444445
fcfg: 207 679.0 4.821256038647343
dp: 193 676.0 5.632124352331606
fcfg: 193 680.0 4.989637305699482
dp: 207 690.0 8.956521739130435
fcfg: 207 700.0 7.458937198067633
dp: 212 686.0 11.11320754716981
fcfg: 212 697.0 7.132075471698113
dp: 208 693.0 11.860576923076923
fcfg: 208 711.0 10.985576923076923
dp: 190 681.0 7.273684210526316
fcfg: 190 684.0 4.531578947368421
dp: 190 673.0 5.152631578947369
fcfg: 190 670.0 3.1315789473684212
dp: 180 666.0 1.738888888888889
fcfg: 180 667.0 2.35
dp: 183 664.0 4.7103825136612025
fcfg: 183 663.0 3.262295081967213
dp: 198 674.0 6.181818181818182
fcfg: 198 673.0 3.48989898989899
dp: 209 679.0 9.24401913875598
fcfg: 209 693.0 7.990430622009569
dp: 193 674.0 7.1450777202072535
fcfg: 193 676.0 5.9689119170984455
dp: 192 690.0 7.390625
fcfg: 192 690.0 7.421875
dp: 203 691.0 10.261083743842365
fcfg: 203 690.0 7.83743842364532
dp: 208 689.0 14.73076923076923
fcfg: 208 684.0 10.298076923076923
dp: 203 694.0 27.901477832512317
fcfg: 203 708.0 18.24137931034483
dp: 192 672.0 2.8385416666666665
fcfg: 192 670.0 2.8177083333333335
dp: 199 672.0 4.1457286432160805
fcfg: 199 672.0 4.0703517587939695
dp: 193 688.0 6.150259067357513
fcfg: 193 685.0 4.27979274611399
dp: 192 664.0 10.291666666666666
fcfg: 192 664.0 6.385416666666667
dp: 188 669.0 2.367021276595745
fcfg: 188 675.0 3.8882978723404253
dp: 182 662.0 2.642857142857143
fcfg: 182 664.0 2.82967032967033
dp: 192 678.0 7.770833333333333
fcfg: 192 671.0 3.375
dp: 185 670.0 2.172972972972973
fcfg: 185 671.0 3.0054054054054054
dp: 198 676.0 4.828282828282828
fcfg: 198 683.0 4.621212121212121
dp: 181 667.0 2.3756906077348066
fcfg: 181 661.0 2.3812154696132595
dp: 200 677.0 3.025
fcfg: 200 680.0 4.055
dp: 204 683.0 10.833333333333334
fcfg: 204 682.0 6.583333333333333
dp: 199 681.0 8.080402010050252
fcfg: 199 673.0 4.798994974874372
dp: 194 668.0 5.536082474226804
fcfg: 194 668.0 4.520618556701031
dp: 214 698.0 25.2196261682243
fcfg: 214 697.0 17.135514018691588
dp: 213 691.0 20.63849765258216
fcfg: 213 694.0 12.51643192488263
dp: 189 661.0 8.80952380952381
fcfg: 189 660.0 6.714285714285714
dp: 192 675.0 16.416666666666668
fcfg: 192 666.0 8.020833333333334
dp: 193 672.0 2.8186528497409324
fcfg: 193 672.0 4.331606217616581
dp: 213 700.0 19.488262910798124
fcfg: 213 718.0 15.248826291079812
dp: 180 666.0 2.4444444444444446
fcfg: 180 667.0 2.6666666666666665
dp: 187 660.0 3.513368983957219
fcfg: 187 667.0 3.946524064171123
dp: 194 688.0 15.448453608247423
fcfg: 194 681.0 9.845360824742269
dp: 180 669.0 2.2777777777777777
fcfg: 180 669.0 2.4722222222222223
dp: 219 708.0 13.32420091324201
fcfg: 219 721.0 9.767123287671232
dp: 167 654.0 4.5568862275449105
fcfg: 167 654.0 2.688622754491018
dp: 215 685.0 18.41860465116279
fcfg: 215 700.0 12.255813953488373
dp: 201 689.0 6.467661691542289
fcfg: 201 699.0 4.736318407960199
dp: 220 711.0 15.931818181818182
fcfg: 220 732.0 12.036363636363637
dp: 194 661.0 10.474226804123711
fcfg: 194 661.0 7.804123711340206
dp: 202 689.0 12.089108910891088
fcfg: 202 689.0 6.346534653465347
dp: 174 658.0 2.454022988505747
fcfg: 174 658.0 2.5919540229885056
dp: 195 679.0 12.138461538461538
fcfg: 195 666.0 6.774358974358974
dp: 204 688.0 8.647058823529411
fcfg: 204 696.0 8.720588235294118
dp: 228 710.0 38.37719298245614
fcfg: 228 727.0 26.850877192982455
dp: 226 737.0 26.42920353982301
fcfg: 226 767.0 22.07079646017699
dp: 212 684.0 16.547169811320753
fcfg: 212 700.0 11.433962264150944
dp: 200 677.0 7.215
fcfg: 200 683.0 7.09
dp: 206 679.0 10.650485436893204
fcfg: 206 676.0 6.412621359223301
dp: 199 668.0 18.723618090452263
fcfg: 199 667.0 9.693467336683417
dp: 224 703.0 24.392857142857142
fcfg: 224 723.0 17.625
dp: 198 673.0 9.712121212121213
fcfg: 198 670.0 6.6767676767676765
dp: 213 692.0 17.75586854460094
fcfg: 213 690.0 10.525821596244132
dp: 203 689.0 7.541871921182266
fcfg: 203 690.0 4.394088669950739
dp: 206 678.0 11.669902912621358
fcfg: 206 678.0 7.223300970873787
dp: 189 684.0 5.777777777777778
fcfg: 189 683.0 4.35978835978836
dp: 209 687.0 10.717703349282298
fcfg: 209 697.0 9.937799043062201
dp: 194 664.0 15.077319587628866
fcfg: 194 663.0 10.572164948453608
dp: 203 694.0 10.428571428571429
fcfg: 203 694.0 6.399014778325123
dp: 199 679.0 11.753768844221106
fcfg: 199 675.0 7.618090452261306
dp: 204 670.0 11.431372549019608
fcfg: 204 677.0 11.53921568627451
dp: 206 680.0 21.766990291262136
fcfg: 206 677.0 12.776699029126213
dp: 234 720.0 23.05128205128205
fcfg: 234 745.0 17.807692307692307
dp: 197 687.0 11.035532994923859
fcfg: 197 687.0 5.939086294416244
dp: 186 670.0 3.543010752688172
fcfg: 186 665.0 2.870967741935484
dp: 193 684.0 4.461139896373057
fcfg: 193 692.0 3.8911917098445596
dp: 216 687.0 11.74537037037037
fcfg: 216 712.0 12.347222222222221
dp: 182 665.0 3.021978021978022
fcfg: 182 670.0 3.510989010989011
dp: 216 701.0 11.38888888888889
fcfg: 216 714.0 9.652777777777779
dp: 196 677.0 7.387755102040816
fcfg: 196 680.0 5.673469387755102
dp: 208 683.0 18.365384615384617
fcfg: 208 677.0 11.216346153846153
dp: 189 665.0 10.513227513227513
fcfg: 189 665.0 6.941798941798941
dp: 220 700.0 23.463636363636365
fcfg: 220 691.0 14.627272727272727
dp: 233 719.0 32.17596566523605
fcfg: 233 750.0 24.4206008583691
dp: 174 672.0 1.8333333333333333
fcfg: 174 670.0 1.8793103448275863
dp: 195 678.0 8.841025641025642
fcfg: 195 670.0 5.605128205128205
dp: 215 694.0 25.948837209302326
fcfg: 215 712.0 18.655813953488373
dp: 211 685.0 8.563981042654028
fcfg: 211 698.0 7.597156398104265
dp: 206 692.0 5.37378640776699
fcfg: 206 689.0 6.106796116504855
dp: 197 680.0 17.121827411167512
fcfg: 197 688.0 12.304568527918782
dp: 198 682.0 11.444444444444445
fcfg: 198 683.0 7.606060606060606
dp: 207 700.0 15.227053140096618
fcfg: 207 694.0 9.33816425120773
dp: 204 678.0 10.970588235294118
fcfg: 204 671.0 6.127450980392157
dp: 174 665.0 2.4597701149425286
fcfg: 174 665.0 2.9080459770114944
dp: 209 673.0 17.818181818181817
fcfg: 209 691.0 14.4066985645933
dp: 178 679.0 3.8202247191011236
fcfg: 178 680.0 3.101123595505618
dp: 220 711.0 25.577272727272728
fcfg: 220 731.0 17.868181818181817
dp: 171 676.0 1.5204678362573099
fcfg: 171 678.0 1.1871345029239766
dp: 204 682.0 10.397058823529411
fcfg: 204 682.0 8.431372549019608
dp: 197 689.0 11.888324873096447
fcfg: 197 688.0 7.751269035532995
dp: 191 665.0 4.052356020942408
fcfg: 191 665.0 3.9528795811518322
dp: 232 734.0 25.66810344827586
fcfg: 232 742.0 17.775862068965516
dp: 191 688.0 7.4136125654450264
fcfg: 191 690.0 5.7486910994764395
dp: 187 664.0 4.561497326203209
fcfg: 187 666.0 3.823529411764706
dp: 204 713.0 9.715686274509803
fcfg: 204 715.0 7.666666666666667
dp: 210 686.0 11.519047619047619
fcfg: 210 694.0 9.057142857142857
dp: 191 678.0 5.005235602094241
fcfg: 191 677.0 4.884816753926701
dp: 199 683.0 4.2462311557788945
fcfg: 199 682.0 4.577889447236181
dp: 206 679.0 5.844660194174757
fcfg: 206 684.0 5.91747572815534
dp: 186 676.0 4.349462365591398
fcfg: 186 672.0 3.5
dp: 194 693.0 6.268041237113402
fcfg: 194 703.0 5.860824742268041
dp: 173 678.0 0.8786127167630058
fcfg: 173 682.0 1.2080924855491328
dp: 193 676.0 4.0310880829015545
fcfg: 193 679.0 3.6476683937823835
dp: 200 677.0 7.7
fcfg: 200 680.0 4.935
dp: 196 686.0 5.214285714285714
fcfg: 196 692.0 4.974489795918367
dp: 200 679.0 11.84
fcfg: 200 683.0 8.255
dp: 186 663.0 10.5
fcfg: 186 665.0 5.752688172043011
dp: 187 663.0 2.7593582887700534
fcfg: 187 666.0 3.0267379679144386
dp: 177 672.0 3.5875706214689265
fcfg: 177 675.0 2.6271186440677967
dp: 194 687.0 4.020618556701031
fcfg: 194 691.0 3.9381443298969074
dp: 210 689.0 21.50952380952381
fcfg: 210 690.0 13.095238095238095
dp: 195 687.0 5.358974358974359
fcfg: 195 690.0 4.123076923076923
dp: 194 678.0 11.515463917525773
fcfg: 194 681.0 6.469072164948454
dp: 170 670.0 2.823529411764706
fcfg: 170 671.0 2.1411764705882352
dp: 227 708.0 28.506607929515418
fcfg: 227 729.0 21.026431718061673
dp: 220 702.0 18.845454545454544
fcfg: 220 716.0 10.636363636363637
dp: 165 651.0 2.1151515151515152
fcfg: 165 650.0 1.8909090909090909
dp: 195 666.0 10.78974358974359
fcfg: 195 672.0 5.676923076923077
dp: 207 679.0 16.11111111111111
fcfg: 207 671.0 10.285024154589372
dp: 190 677.0 3.4789473684210526
fcfg: 190 676.0 2.9526315789473685
