dp: 169 694.0 11.8698224852071
fcfg: 169 760.0 25.29585798816568
dp: 166 707.0 11.36144578313253
fcfg: 166 727.0 19.259036144578314
dp: 170 672.0 11.911764705882353
fcfg: 170 725.0 31.023529411764706
dp: 182 688.0 12.956043956043956
fcfg: 182 766.0 40.40659340659341
dp: 193 686.0 23.098445595854923
fcfg: 193 819.0 59.90673575129534
dp: 164 691.0 10.408536585365853
fcfg: 164 722.0 16.926829268292682
dp: 163 672.0 9.079754601226995
fcfg: 163 714.0 20.42331288343558
dp: 176 691.0 12.346590909090908
fcfg: 176 767.0 33.73863636363637
dp: 173 686.0 12.867052023121387
fcfg: 173 728.0 27.872832369942195
dp: 191 708.0 21.81675392670157
fcfg: 191 822.0 51.56544502617801
dp: 160 664.0 8.5875
fcfg: 160 701.0 13.49375
dp: 179 703.0 13.491620111731844
fcfg: 179 751.0 20.217877094972067
dp: 154 686.0 6.084415584415584
fcfg: 154 694.0 10.025974025974026
dp: 175 689.0 11.268571428571429
fcfg: 175 749.0 28.245714285714286
dp: 174 691.0 15.804597701149426
fcfg: 174 749.0 31.816091954022987
dp: 151 670.0 6.9072847682119205
fcfg: 151 672.0 12.463576158940397
dp: 190 691.0 22.178947368421053
fcfg: 190 810.0 53.857894736842105
dp: 169 686.0 12.378698224852071
fcfg: 169 739.0 35.928994082840234
dp: 176 684.0 11.522727272727273
fcfg: 176 746.0 30.90909090909091
dp: 157 671.0 8.535031847133759
fcfg: 157 694.0 13.630573248407643
dp: 172 689.0 13.546511627906977
fcfg: 172 752.0 25.86627906976744
dp: 170 694.0 8.829411764705883
fcfg: 170 734.0 13.01764705882353
dp: 177 686.0 15.903954802259888
fcfg: 177 780.0 46.559322033898304
dp: 190 721.0 18.873684210526317
fcfg: 190 804.0 32.15263157894737
dp: 181 684.0 14.734806629834255
fcfg: 181 768.0 40.13812154696133
dp: 161 675.0 11.590062111801242
fcfg: 161 731.0 21.099378881987576
dp: 174 691.0 15.189655172413794
fcfg: 174 762.0 34.798850574712645
dp: 172 673.0 10.901162790697674
fcfg: 172 748.0 31.122093023255815
dp: 180 688.0 15.272222222222222
fcfg: 180 773.0 42.33888888888889
dp: 178 697.0 12.47191011235955
fcfg: 178 738.0 23.724719101123597
dp: 163 676.0 9.263803680981596
fcfg: 163 721.0 21.60122699386503
dp: 193 698.0 22.673575129533678
fcfg: 193 815.0 59.248704663212436
dp: 142 663.0 3.908450704225352
fcfg: 142 673.0 6.929577464788732
dp: 180 686.0 12.988888888888889
fcfg: 180 752.0 32.74444444444445
dp: 179 682.0 12.391061452513966
fcfg: 179 726.0 26.424581005586592
dp: 190 724.0 20.45263157894737
fcfg: 190 829.0 44.43157894736842
dp: 167 669.0 14.37125748502994
fcfg: 167 726.0 46.26347305389221
dp: 163 684.0 11.883435582822086
fcfg: 163 722.0 20.337423312883434
dp: 166 692.0 9.487951807228916
fcfg: 166 720.0 23.55421686746988
dp: 184 679.0 14.33695652173913
fcfg: 184 754.0 43.34239130434783
dp: 181 700.0 12.171270718232044
fcfg: 181 741.0 23.243093922651934
dp: 160 679.0 9.3625
fcfg: 160 707.0 26.36875
dp: 182 684.0 18.62087912087912
fcfg: 182 782.0 48.362637362637365
dp: 177 684.0 11.819209039548022
fcfg: 177 732.0 29.63276836158192
dp: 156 684.0 9.429487179487179
fcfg: 156 711.0 15.705128205128204
dp: 175 667.0 19.422857142857143
fcfg: 175 769.0 50.674285714285716
dp: 128 687.0 4.0703125
fcfg: 128 688.0 4.7734375
dp: 191 697.0 23.534031413612567
fcfg: 191 792.0 46.167539267015705
dp: 166 677.0 13.867469879518072
fcfg: 166 720.0 39.98795180722892
dp: 172 682.0 10.767441860465116
fcfg: 172 748.0 36.156976744186046
dp: 180 691.0 21.366666666666667
fcfg: 180 765.0 50.07222222222222
dp: 173 691.0 9.722543352601155
fcfg: 173 735.0 22.560693641618496
dp: 184 674.0 25.967391304347824
fcfg: 184 791.0 59.375
dp: 168 678.0 11.220238095238095
fcfg: 168 702.0 17.875
dp: 184 696.0 12.902173913043478
fcfg: 184 763.0 35.55978260869565
dp: 161 672.0 8.354037267080745
fcfg: 161 697.0 16.012422360248447
dp: 175 682.0 19.525714285714287
fcfg: 175 747.0 36.16571428571429
dp: 166 691.0 7.668674698795181
fcfg: 166 741.0 16.325301204819276
dp: 176 678.0 12.670454545454545
fcfg: 176 740.0 37.47159090909091
dp: 159 698.0 8.553459119496855
fcfg: 159 748.0 15.19496855345912
dp: 146 673.0 6.280821917808219
fcfg: 146 689.0 13.0
dp: 166 689.0 14.313253012048193
fcfg: 166 740.0 32.975903614457835
dp: 182 695.0 16.763736263736263
fcfg: 182 791.0 44.65384615384615
dp: 160 676.0 7.0875
fcfg: 160 715.0 24.7
dp: 180 687.0 15.411111111111111
fcfg: 180 765.0 29.744444444444444
dp: 182 678.0 13.763736263736265
fcfg: 182 779.0 38.989010989010985
dp: 167 678.0 10.706586826347305
fcfg: 167 725.0 30.095808383233532
dp: 176 692.0 10.534090909090908
fcfg: 176 742.0 24.676136363636363
dp: 169 681.0 9.402366863905325
fcfg: 169 715.0 18.23076923076923
dp: 182 682.0 13.851648351648352
fcfg: 182 789.0 50.37362637362637
dp: 174 706.0 12.764367816091953
fcfg: 174 762.0 22.597701149425287
dp: 160 656.0 7.6125
fcfg: 160 688.0 18.90625
dp: 184 708.0 18.72826086956522
fcfg: 184 805.0 43.04891304347826
dp: 162 669.0 12.222222222222221
fcfg: 162 701.0 21.104938271604937
dp: 164 690.0 7.7682926829268295
fcfg: 164 714.0 19.78048780487805
dp: 161 686.0 7.391304347826087
fcfg: 161 693.0 9.701863354037267
dp: 171 677.0 10.602339181286549
fcfg: 171 745.0 38.473684210526315
dp: 152 671.0 8.217105263157896
fcfg: 152 681.0 15.552631578947368
dp: 166 677.0 11.903614457831326
fcfg: 166 729.0 30.09036144578313
dp: 173 700.0 8.797687861271676
fcfg: 173 769.0 26.90751445086705
dp: 175 693.0 15.228571428571428
fcfg: 175 792.0 45.097142857142856
dp: 182 682.0 23.983516483516482
fcfg: 182 797.0 61.29120879120879
dp: 177 696.0 8.909604519774012
fcfg: 177 757.0 33.779661016949156
dp: 177 689.0 15.254237288135593
fcfg: 177 784.0 39.14689265536723
dp: 160 677.0 12.0125
fcfg: 160 741.0 28.45625
dp: 164 664.0 10.329268292682928
fcfg: 164 699.0 31.03048780487805
dp: 184 702.0 15.717391304347826
fcfg: 184 808.0 44.266304347826086
dp: 161 672.0 12.509316770186336
fcfg: 161 717.0 34.92546583850932
dp: 148 685.0 4.547297297297297
fcfg: 148 692.0 10.027027027027026
dp: 173 698.0 11.323699421965317
fcfg: 173 758.0 30.260115606936417
dp: 182 692.0 13.461538461538462
fcfg: 182 793.0 41.714285714285715
dp: 168 687.0 12.672619047619047
fcfg: 168 770.0 26.55952380952381
dp: 180 676.0 11.644444444444444
fcfg: 180 742.0 36.01111111111111
dp: 160 674.0 9.4875
fcfg: 160 720.0 22.73125
dp: 183 694.0 16.879781420765028
fcfg: 183 802.0 43.10382513661202
dp: 162 673.0 11.598765432098766
fcfg: 162 706.0 26.308641975308642
dp: 170 704.0 12.705882352941176
fcfg: 170 742.0 20.041176470588237
dp: 196 701.0 23.95408163265306
fcfg: 196 852.0 66.25
dp: 178 699.0 10.275280898876405
fcfg: 178 766.0 32.70224719101124
dp: 162 690.0 6.364197530864198
fcfg: 162 706.0 14.333333333333334
dp: 158 668.0 12.487341772151899
fcfg: 158 728.0 34.58860759493671
dp: 169 685.0 14.520710059171599
fcfg: 169 743.0 29.940828402366865
dp: 177 707.0 13.022598870056497
fcfg: 177 784.0 30.316384180790962
dp: 170 694.0 14.088235294117647
fcfg: 170 753.0 27.647058823529413
dp: 194 713.0 25.561855670103093
fcfg: 194 845.0 63.20103092783505
dp: 180 698.0 14.261111111111111
fcfg: 180 790.0 37.43888888888889
dp: 187 688.0 16.951871657754012
fcfg: 187 811.0 45.24064171122995
dp: 141 660.0 5.843971631205674
fcfg: 141 682.0 8.73758865248227
dp: 185 697.0 19.016216216216215
fcfg: 185 791.0 45.8054054054054
dp: 175 688.0 15.211428571428572
fcfg: 175 737.0 26.302857142857142
dp: 186 684.0 16.93548387096774
fcfg: 186 777.0 43.94086021505376
dp: 177 698.0 12.44632768361582
fcfg: 177 750.0 27.853107344632768
dp: 174 674.0 15.67816091954023
fcfg: 174 748.0 35.02873563218391
dp: 190 670.0 20.50526315789474
fcfg: 190 806.0 54.863157894736844
dp: 174 698.0 13.666666666666666
fcfg: 174 770.0 32.172413793103445
dp: 203 714.0 28.103448275862068
fcfg: 203 854.0 73.25615763546799
dp: 181 691.0 16.845303867403317
fcfg: 181 767.0 31.756906077348066
dp: 153 677.0 6.4183006535947715
fcfg: 153 698.0 8.882352941176471
dp: 181 683.0 18.23756906077348
fcfg: 181 771.0 43.469613259668506
dp: 173 680.0 13.861271676300579
fcfg: 173 744.0 27.61849710982659
dp: 182 681.0 18.543956043956044
fcfg: 182 758.0 46.28021978021978
dp: 159 670.0 8.10691823899371
fcfg: 159 694.0 16.30188679245283
dp: 165 686.0 7.9393939393939394
fcfg: 165 740.0 25.86060606060606
dp: 183 690.0 16.191256830601095
fcfg: 183 770.0 33.94535519125683
dp: 170 697.0 9.564705882352941
fcfg: 170 723.0 17.705882352941178
dp: 162 678.0 10.32716049382716
fcfg: 162 702.0 15.419753086419753
dp: 160 688.0 7.875
fcfg: 160 706.0 12.7125
dp: 154 677.0 7.3441558441558445
fcfg: 154 676.0 11.415584415584416
dp: 176 685.0 13.579545454545455
fcfg: 176 768.0 40.22727272727273
dp: 186 701.0 13.661290322580646
fcfg: 186 813.0 46.89247311827957
dp: 164 673.0 9.658536585365853
fcfg: 164 728.0 25.45731707317073
dp: 162 689.0 10.790123456790123
fcfg: 162 715.0 15.938271604938272
dp: 170 670.0 13.494117647058824
fcfg: 170 754.0 43.89411764705882
dp: 175 670.0 22.194285714285716
fcfg: 175 770.0 54.925714285714285
dp: 168 688.0 13.089285714285714
fcfg: 168 757.0 28.113095238095237
dp: 164 697.0 8.640243902439025
fcfg: 164 723.0 19.140243902439025
dp: 170 712.0 13.558823529411764
fcfg: 170 772.0 25.352941176470587
dp: 171 691.0 10.228070175438596
fcfg: 171 745.0 17.24561403508772
dp: 172 692.0 11.290697674418604
fcfg: 172 748.0 25.877906976744185
dp: 172 677.0 18.319767441860463
fcfg: 172 767.0 39.22674418604651
dp: 163 651.0 9.588957055214724
fcfg: 163 694.0 32.85889570552147
dp: 165 693.0 9.23030303030303
fcfg: 165 704.0 13.133333333333333
dp: 164 685.0 7.109756097560975
fcfg: 164 720.0 25.71951219512195
dp: 161 678.0 11.26086956521739
fcfg: 161 707.0 14.521739130434783
dp: 173 682.0 12.011560693641618
fcfg: 173 719.0 28.601156069364162
dp: 173 684.0 11.468208092485549
fcfg: 173 764.0 39.60693641618497
dp: 163 685.0 11.042944785276074
fcfg: 163 733.0 25.45398773006135
dp: 155 663.0 8.625806451612902
fcfg: 155 658.0 14.6
dp: 168 690.0 12.220238095238095
fcfg: 168 754.0 27.678571428571427
dp: 164 671.0 10.890243902439025
fcfg: 164 704.0 23.621951219512194
dp: 183 686.0 18.6448087431694
fcfg: 183 790.0 47.19125683060109
dp: 162 691.0 8.154320987654321
fcfg: 162 725.0 18.067901234567902
dp: 159 673.0 10.90566037735849
fcfg: 159 717.0 21.861635220125788
dp: 168 684.0 11.023809523809524
fcfg: 168 721.0 20.857142857142858
dp: 170 678.0 8.276470588235295
fcfg: 170 755.0 40.694117647058825
dp: 186 706.0 14.85483870967742
fcfg: 186 799.0 30.64516129032258
dp: 174 710.0 14.683908045977011
fcfg: 174 802.0 31.402298850574713
dp: 166 695.0 8.36144578313253
fcfg: 166 731.0 13.536144578313253
dp: 168 673.0 10.511904761904763
fcfg: 168 725.0 31.446428571428573
dp: 188 704.0 19.319148936170212
fcfg: 188 807.0 51.351063829787236
dp: 171 686.0 10.421052631578947
fcfg: 171 746.0 28.128654970760234
dp: 174 694.0 17.24712643678161
fcfg: 174 763.0 29.74712643678161
dp: 182 710.0 13.73076923076923
fcfg: 182 767.0 26.791208791208792
dp: 175 682.0 12.022857142857143
fcfg: 175 753.0 33.097142857142856
dp: 173 694.0 10.653179190751445
fcfg: 173 768.0 28.0
dp: 149 670.0 7.375838926174497
fcfg: 149 671.0 10.677852348993289
dp: 176 693.0 12.840909090909092
fcfg: 176 773.0 30.761363636363637
dp: 186 696.0 15.419354838709678
fcfg: 186 778.0 32.73118279569893
dp: 201 711.0 24.83084577114428
fcfg: 201 893.0 77.34328358208955
dp: 181 679.0 14.734806629834255
fcfg: 181 802.0 47.07734806629834
dp: 165 675.0 11.975757575757576
fcfg: 165 711.0 24.733333333333334
dp: 164 673.0 8.701219512195122
fcfg: 164 705.0 23.48170731707317
dp: 167 685.0 7.808383233532934
fcfg: 167 709.0 16.688622754491018
dp: 186 719.0 20.70967741935484
fcfg: 186 788.0 38.10752688172043
dp: 180 699.0 19.82777777777778
fcfg: 180 803.0 43.87222222222222
dp: 186 677.0 23.311827956989248
fcfg: 186 815.0 64.55913978494624
dp: 167 689.0 9.455089820359282
fcfg: 167 734.0 18.209580838323355
dp: 168 666.0 14.375
fcfg: 168 698.0 32.101190476190474
dp: 169 690.0 15.497041420118343
fcfg: 169 782.0 34.11834319526627
dp: 196 698.0 24.96938775510204
fcfg: 196 857.0 72.47448979591837
dp: 183 687.0 12.601092896174864
fcfg: 183 814.0 51.80327868852459
dp: 194 704.0 24.649484536082475
fcfg: 194 814.0 57.175257731958766
dp: 181 680.0 17.1878453038674
fcfg: 181 780.0 47.29834254143646
dp: 178 692.0 10.410112359550562
fcfg: 178 765.0 28.00561797752809
dp: 167 661.0 12.245508982035927
fcfg: 167 712.0 31.550898203592816
dp: 178 693.0 13.44943820224719
fcfg: 178 773.0 34.168539325842694
dp: 182 708.0 13.763736263736265
fcfg: 182 798.0 34.42857142857143
dp: 180 698.0 10.983333333333333
fcfg: 180 790.0 47.90555555555556
dp: 156 676.0 5.698717948717949
fcfg: 156 681.0 7.262820512820513
dp: 156 649.0 10.923076923076923
fcfg: 156 696.0 19.78205128205128
dp: 166 680.0 11.30722891566265
fcfg: 166 740.0 38.87951807228916
dp: 177 695.0 10.112994350282486
fcfg: 177 763.0 32.31638418079096
dp: 147 679.0 6.591836734693878
fcfg: 147 692.0 8.816326530612244
dp: 167 681.0 10.2874251497006
fcfg: 167 735.0 26.12574850299401
dp: 171 674.0 9.596491228070175
fcfg: 171 743.0 38.26315789473684
dp: 157 669.0 8.292993630573248
fcfg: 157 686.0 14.770700636942674
dp: 169 676.0 8.562130177514794
fcfg: 169 696.0 20.17751479289941
dp: 164 663.0 11.335365853658537
fcfg: 164 707.0 26.658536585365855
dp: 157 671.0 9.611464968152866
fcfg: 157 701.0 22.229299363057326
dp: 168 681.0 10.035714285714286
fcfg: 168 722.0 23.166666666666668
dp: 170 669.0 14.552941176470588
fcfg: 170 734.0 34.68235294117647
dp: 168 684.0 12.333333333333334
fcfg: 168 742.0 23.11904761904762
dp: 180 689.0 20.166666666666668
fcfg: 180 809.0 51.855555555555554
dp: 166 687.0 8.03012048192771
fcfg: 166 700.0 11.433734939759036
dp: 167 681.0 12.263473053892216
fcfg: 167 745.0 31.880239520958085
dp: 180 677.0 13.416666666666666
fcfg: 180 781.0 42.583333333333336
dp: 179 688.0 13.983240223463687
fcfg: 179 769.0 30.223463687150836
dp: 193 702.0 20.963730569948186
fcfg: 193 842.0 55.24352331606217
dp: 160 692.0 9.325
fcfg: 160 713.0 16.8
dp: 158 664.0 8.544303797468354
fcfg: 158 687.0 18.39873417721519
dp: 178 672.0 13.842696629213483
fcfg: 178 733.0 31.47752808988764
dp: 182 703.0 21.686813186813186
fcfg: 182 817.0 50.9010989010989
dp: 183 681.0 22.14207650273224
fcfg: 183 791.0 52.98907103825137
dp: 167 672.0 16.101796407185628
fcfg: 167 738.0 31.119760479041915
dp: 176 684.0 14.113636363636363
fcfg: 176 739.0 33.22727272727273
dp: 168 677.0 7.869047619047619
fcfg: 168 702.0 21.458333333333332
dp: 188 704.0 16.127659574468087
fcfg: 188 811.0 47.484042553191486
dp: 158 683.0 10.835443037974683
fcfg: 158 732.0 21.0126582278481
dp: 193 706.0 17.642487046632123
fcfg: 193 808.0 49.75647668393783
dp: 169 690.0 9.47337278106509
fcfg: 169 744.0 17.733727810650887
dp: 162 687.0 8.765432098765432
fcfg: 162 736.0 21.01851851851852
dp: 160 680.0 12.6
fcfg: 160 731.0 22.46875
dp: 176 693.0 9.863636363636363
fcfg: 176 737.0 28.647727272727273
dp: 157 675.0 5.8471337579617835
fcfg: 157 697.0 15.394904458598726
dp: 166 677.0 9.289156626506024
fcfg: 166 687.0 8.963855421686747
dp: 147 693.0 4.959183673469388
fcfg: 147 696.0 5.442176870748299
dp: 165 684.0 10.454545454545455
fcfg: 165 742.0 22.830303030303032
dp: 166 671.0 14.391566265060241
fcfg: 166 744.0 41.006024096385545
dp: 174 685.0 11.160919540229886
fcfg: 174 723.0 29.350574712643677
dp: 173 698.0 9.375722543352602
fcfg: 173 750.0 35.41618497109827
dp: 159 668.0 7.232704402515723
fcfg: 159 688.0 14.150943396226415
dp: 203 717.0 24.97536945812808
fcfg: 203 855.0 63.73891625615764
dp: 159 668.0 9.220125786163521
fcfg: 159 716.0 27.251572327044027
dp: 181 697.0 15.060773480662984
fcfg: 181 773.0 32.93370165745856
dp: 160 674.0 12.9
fcfg: 160 714.0 28.75
dp: 161 693.0 7.751552795031056
fcfg: 161 700.0 10.0
dp: 181 694.0 14.011049723756907
fcfg: 181 811.0 41.32044198895028
dp: 155 678.0 7.748387096774193
fcfg: 155 713.0 15.961290322580645
dp: 172 692.0 7.505813953488372
fcfg: 172 709.0 9.738372093023257
dp: 160 694.0 12.9875
fcfg: 160 772.0 32.725
dp: 155 677.0 9.006451612903225
fcfg: 155 700.0 16.70967741935484
dp: 160 661.0 10.325
fcfg: 160 706.0 23.88125
dp: 166 719.0 9.542168674698795
fcfg: 166 737.0 13.75301204819277
dp: 165 667.0 13.4
fcfg: 165 729.0 30.472727272727273
dp: 174 683.0 13.913793103448276
fcfg: 174 756.0 39.04597701149425
dp: 178 696.0 14.151685393258427
fcfg: 178 768.0 31.51123595505618
dp: 165 675.0 8.575757575757576
fcfg: 165 703.0 28.236363636363638
dp: 185 698.0 16.264864864864865
fcfg: 185 763.0 37.42162162162162
dp: 190 715.0 17.210526315789473
fcfg: 190 806.0 34.76842105263158
dp: 184 693.0 17.266304347826086
fcfg: 184 778.0 38.18478260869565
dp: 167 687.0 10.592814371257486
fcfg: 167 763.0 33.16766467065868
dp: 185 681.0 18.56756756756757
fcfg: 185 818.0 56.54054054054054
dp: 170 679.0 12.01764705882353
fcfg: 170 735.0 22.523529411764706
dp: 169 677.0 11.497041420118343
fcfg: 169 749.0 28.08284023668639
dp: 188 699.0 17.30851063829787
fcfg: 188 816.0 51.07446808510638
dp: 173 691.0 14.364161849710984
fcfg: 173 762.0 28.479768786127167
dp: 147 681.0 3.619047619047619
fcfg: 147 705.0 6.816326530612245
dp: 146 675.0 8.315068493150685
fcfg: 146 683.0 8.657534246575343
dp: 168 677.0 10.970238095238095
fcfg: 168 735.0 25.333333333333332
dp: 168 677.0 9.678571428571429
fcfg: 168 739.0 28.05952380952381
dp: 172 667.0 13.25
fcfg: 172 758.0 49.91860465116279
dp: 181 703.0 16.640883977900554
fcfg: 181 780.0 34.07734806629834
dp: 159 677.0 7.081761006289308
fcfg: 159 709.0 11.031446540880504
dp: 174 694.0 15.28735632183908
fcfg: 174 763.0 27.24712643678161
dp: 161 656.0 11.354037267080745
fcfg: 161 682.0 24.850931677018632
dp: 172 682.0 10.465116279069768
fcfg: 172 746.0 27.41860465116279
dp: 173 708.0 12.254335260115607
fcfg: 173 754.0 15.271676300578035
dp: 177 681.0 15.07909604519774
fcfg: 177 782.0 49.96610169491525
dp: 160 673.0 9.725
fcfg: 160 709.0 20.55
dp: 173 687.0 13.872832369942197
fcfg: 173 773.0 41.69942196531792
dp: 175 685.0 11.651428571428571
fcfg: 175 765.0 37.348571428571425
dp: 176 672.0 14.204545454545455
fcfg: 176 753.0 39.39772727272727
dp: 173 675.0 10.699421965317919
fcfg: 173 700.0 19.560693641618496
dp: 163 679.0 8.085889570552148
fcfg: 163 721.0 19.779141104294478
dp: 182 697.0 17.47252747252747
fcfg: 182 787.0 37.32967032967033
dp: 188 694.0 18.143617021276597
fcfg: 188 812.0 64.88829787234043
dp: 192 696.0 18.166666666666668
fcfg: 192 842.0 61.557291666666664
dp: 157 650.0 8.73248407643312
fcfg: 157 664.0 24.343949044585987
dp: 177 704.0 14.152542372881356
fcfg: 177 738.0 17.073446327683616
dp: 183 696.0 15.71584699453552
fcfg: 183 779.0 40.76502732240437
dp: 152 699.0 7.921052631578948
fcfg: 152 713.0 9.546052631578947
dp: 173 692.0 14.080924855491329
fcfg: 173 768.0 37.90173410404624
dp: 162 669.0 12.012345679012345
fcfg: 162 738.0 33.339506172839506
dp: 158 683.0 8.531645569620252
fcfg: 158 729.0 21.924050632911392
dp: 162 676.0 5.216049382716049
fcfg: 162 677.0 6.41358024691358
dp: 189 698.0 19.22222222222222
fcfg: 189 825.0 58.33862433862434
dp: 180 693.0 17.494444444444444
fcfg: 180 778.0 38.22222222222222
dp: 149 682.0 7.583892617449664
fcfg: 149 688.0 9.610738255033556
dp: 174 681.0 11.522988505747126
fcfg: 174 766.0 38.53448275862069
dp: 171 680.0 10.116959064327485
fcfg: 171 735.0 24.976608187134502
dp: 178 671.0 15.039325842696629
fcfg: 178 752.0 35.51123595505618
dp: 159 668.0 8.836477987421384
fcfg: 159 710.0 16.81761006289308
dp: 170 685.0 14.705882352941176
fcfg: 170 739.0 27.370588235294118
dp: 154 645.0 7.4480519480519485
fcfg: 154 685.0 21.506493506493506
dp: 170 683.0 11.241176470588234
fcfg: 170 754.0 32.747058823529414
dp: 166 677.0 8.271084337349398
fcfg: 166 715.0 18.94578313253012
dp: 176 695.0 11.738636363636363
fcfg: 176 775.0 33.05113636363637
dp: 173 694.0 11.861271676300579
fcfg: 173 728.0 24.809248554913296
dp: 186 683.0 20.161290322580644
fcfg: 186 800.0 64.70967741935483
dp: 158 676.0 8.189873417721518
fcfg: 158 721.0 19.10759493670886
dp: 162 695.0 13.549382716049383
fcfg: 162 748.0 22.555555555555557
dp: 163 685.0 8.39877300613497
fcfg: 163 718.0 28.006134969325153
dp: 186 692.0 21.268817204301076
fcfg: 186 775.0 39.83870967741935
dp: 185 693.0 15.194594594594594
fcfg: 185 811.0 48.88648648648649
dp: 154 671.0 7.012987012987013
fcfg: 154 694.0 10.53896103896104
dp: 172 689.0 10.238372093023257
fcfg: 172 730.0 18.476744186046513
dp: 174 674.0 15.632183908045977
fcfg: 174 780.0 49.0632183908046
dp: 172 688.0 8.668604651162791
fcfg: 172 728.0 17.22093023255814
dp: 159 671.0 6.679245283018868
fcfg: 159 686.0 12.616352201257861
dp: 152 684.0 8.236842105263158
fcfg: 152 705.0 10.69078947368421
dp: 173 699.0 11.040462427745664
fcfg: 173 746.0 18.15028901734104
dp: 173 691.0 11.306358381502891
fcfg: 173 759.0 30.121387283236995
dp: 174 709.0 10.74712643678161
fcfg: 174 754.0 19.666666666666668
dp: 164 674.0 8.042682926829269
fcfg: 164 703.0 26.884146341463413
dp: 162 681.0 7.574074074074074
fcfg: 162 718.0 18.993827160493826
dp: 180 686.0 14.694444444444445
fcfg: 180 763.0 40.077777777777776
dp: 177 704.0 15.627118644067796
fcfg: 177 766.0 27.180790960451976
dp: 174 703.0 11.948275862068966
fcfg: 174 783.0 30.04022988505747
dp: 189 680.0 16.58730158730159
fcfg: 189 807.0 62.18518518518518
dp: 172 683.0 16.88953488372093
fcfg: 172 741.0 32.44767441860465
dp: 188 686.0 17.3031914893617
fcfg: 188 774.0 37.101063829787236
dp: 176 689.0 9.539772727272727
fcfg: 176 732.0 19.579545454545453
dp: 178 681.0 11.280898876404494
fcfg: 178 730.0 23.185393258426966
dp: 195 693.0 20.317948717948717
fcfg: 195 800.0 53.292307692307695
dp: 189 708.0 13.687830687830688
fcfg: 189 802.0 35.7037037037037
dp: 165 669.0 11.054545454545455
fcfg: 165 716.0 24.975757575757576
dp: 166 663.0 10.620481927710843
fcfg: 166 708.0 30.349397590361445
dp: 156 678.0 7.371794871794871
fcfg: 156 685.0 9.320512820512821
dp: 170 692.0 10.647058823529411
fcfg: 170 724.0 20.876470588235293
dp: 192 718.0 23.588541666666668
fcfg: 192 841.0 64.765625
dp: 160 671.0 11.98125
fcfg: 160 732.0 34.14375
dp: 167 686.0 10.778443113772456
fcfg: 167 747.0 22.94610778443114
dp: 166 674.0 11.825301204819278
fcfg: 166 715.0 32.825301204819276
dp: 169 667.0 11.34319526627219
fcfg: 169 729.0 33.61538461538461
dp: 167 684.0 10.634730538922156
fcfg: 167 730.0 30.365269461077844
dp: 182 695.0 11.895604395604396
fcfg: 182 789.0 37.505494505494504
dp: 169 669.0 11.31360946745562
fcfg: 169 720.0 28.284023668639055
dp: 148 669.0 5.162162162162162
fcfg: 148 670.0 7.878378378378378
dp: 158 675.0 10.367088607594937
fcfg: 158 746.0 23.544303797468356
dp: 186 686.0 18.844086021505376
fcfg: 186 807.0 54.88172043010753
dp: 161 669.0 7.46583850931677
fcfg: 161 696.0 15.29192546583851
dp: 151 667.0 5.913907284768212
fcfg: 151 688.0 13.774834437086092
dp: 157 676.0 6.993630573248407
fcfg: 157 700.0 17.611464968152866
dp: 165 660.0 10.254545454545454
fcfg: 165 725.0 42.903030303030306
dp: 191 712.0 17.42408376963351
fcfg: 191 818.0 44.026178010471206
dp: 159 698.0 8.10691823899371
fcfg: 159 725.0 14.226415094339623
dp: 184 693.0 14.396739130434783
fcfg: 184 781.0 35.375
dp: 158 684.0 7.784810126582278
fcfg: 158 708.0 11.721518987341772
dp: 178 702.0 13.539325842696629
fcfg: 178 775.0 35.741573033707866
dp: 188 687.0 28.44148936170213
fcfg: 188 820.0 65.57446808510639
dp: 166 665.0 12.596385542168674
fcfg: 166 716.0 36.6566265060241
dp: 168 693.0 6.791666666666667
fcfg: 168 716.0 11.428571428571429
dp: 174 699.0 10.03448275862069
fcfg: 174 744.0 18.270114942528735
dp: 181 686.0 15.900552486187845
fcfg: 181 750.0 30.265193370165747
dp: 178 686.0 16.3876404494382
fcfg: 178 770.0 40.837078651685395
dp: 194 691.0 21.010309278350515
fcfg: 194 848.0 61.25257731958763
dp: 174 700.0 11.454022988505747
fcfg: 174 751.0 24.764367816091955
dp: 168 687.0 10.916666666666666
fcfg: 168 760.0 30.476190476190474
dp: 176 687.0 14.761363636363637
fcfg: 176 732.0 22.107954545454547
dp: 167 684.0 11.149700598802395
fcfg: 167 745.0 31.682634730538922
dp: 163 674.0 7.644171779141105
fcfg: 163 725.0 19.619631901840492
dp: 154 680.0 7.214285714285714
fcfg: 154 677.0 15.623376623376624
dp: 162 683.0 8.864197530864198
fcfg: 162 698.0 11.617283950617283
dp: 168 691.0 10.071428571428571
fcfg: 168 722.0 13.446428571428571
dp: 167 664.0 13.616766467065869
fcfg: 167 736.0 31.5748502994012
dp: 182 688.0 14.505494505494505
fcfg: 182 773.0 40.879120879120876
dp: 186 730.0 15.005376344086022
fcfg: 186 792.0 30.198924731182796
dp: 176 695.0 13.642045454545455
fcfg: 176 770.0 35.14772727272727
dp: 175 695.0 15.222857142857142
fcfg: 175 767.0 34.84
dp: 179 684.0 13.871508379888269
fcfg: 179 747.0 30.75418994413408
dp: 168 681.0 9.101190476190476
fcfg: 168 718.0 19.702380952380953
dp: 187 669.0 15.716577540106952
fcfg: 187 794.0 45.94652406417112
dp: 174 681.0 12.350574712643677
fcfg: 174 759.0 37.339080459770116
dp: 176 658.0 16.96590909090909
fcfg: 176 790.0 63.93181818181818
dp: 190 714.0 19.610526315789475
fcfg: 190 817.0 45.85263157894737
dp: 158 675.0 8.556962025316455
fcfg: 158 717.0 20.61392405063291
dp: 165 663.0 10.896969696969697
fcfg: 165 736.0 32.35151515151515
dp: 174 687.0 11.511494252873563
fcfg: 174 774.0 33.60919540229885
dp: 165 686.0 11.33939393939394
fcfg: 165 747.0 27.927272727272726
dp: 172 677.0 11.023255813953488
fcfg: 172 736.0 36.19186046511628
dp: 165 699.0 11.327272727272728
fcfg: 165 745.0 21.01212121212121
dp: 173 681.0 12.861271676300579
fcfg: 173 774.0 42.5606936416185
dp: 174 683.0 12.936781609195402
fcfg: 174 759.0 37.310344827586206
dp: 156 678.0 8.711538461538462
fcfg: 156 717.0 16.833333333333332
dp: 161 666.0 10.142857142857142
fcfg: 161 708.0 18.304347826086957
dp: 167 700.0 10.802395209580839
fcfg: 167 718.0 12.383233532934131
dp: 171 684.0 12.198830409356725
fcfg: 171 709.0 27.46783625730994
dp: 187 711.0 15.379679144385026
fcfg: 187 793.0 31.352941176470587
dp: 179 691.0 10.754189944134078
fcfg: 179 757.0 28.64245810055866
dp: 150 691.0 8.66
fcfg: 150 711.0 12.873333333333333
dp: 175 694.0 13.194285714285714
fcfg: 175 776.0 31.582857142857144
dp: 170 674.0 11.229411764705882
fcfg: 170 730.0 28.152941176470588
dp: 172 699.0 8.616279069767442
fcfg: 172 743.0 17.982558139534884
dp: 153 662.0 11.169934640522875
fcfg: 153 717.0 27.869281045751634
dp: 160 680.0 9.275
fcfg: 160 716.0 25.44375
dp: 182 682.0 14.840659340659341
fcfg: 182 778.0 50.005494505494504
dp: 184 696.0 17.157608695652176
fcfg: 184 769.0 47.983695652173914
dp: 177 659.0 16.666666666666668
fcfg: 177 755.0 52.09604519774011
dp: 155 678.0 6.470967741935484
fcfg: 155 688.0 10.890322580645162
dp: 178 677.0 16.98876404494382
fcfg: 178 786.0 58.37640449438202
dp: 189 701.0 17.243386243386244
fcfg: 189 816.0 51.29100529100529
dp: 178 688.0 12.646067415730338
fcfg: 178 754.0 24.910112359550563
dp: 180 697.0 16.08888888888889
fcfg: 180 781.0 41.71111111111111
dp: 191 709.0 15.534031413612565
fcfg: 191 807.0 45.38743455497382
dp: 178 684.0 24.03932584269663
fcfg: 178 802.0 58.241573033707866
dp: 197 703.0 27.65482233502538
fcfg: 197 847.0 68.60406091370558
dp: 184 697.0 12.690217391304348
fcfg: 184 785.0 40.266304347826086
dp: 189 700.0 15.005291005291005
fcfg: 189 816.0 45.10582010582011
dp: 176 689.0 12.664772727272727
fcfg: 176 790.0 54.02840909090909
dp: 182 678.0 17.873626373626372
fcfg: 182 768.0 43.92307692307692
dp: 172 669.0 13.156976744186046
fcfg: 172 743.0 39.924418604651166
dp: 159 671.0 9.132075471698114
fcfg: 159 731.0 28.238993710691823
dp: 177 689.0 11.689265536723164
fcfg: 177 750.0 37.21468926553672
dp: 178 666.0 14.640449438202246
fcfg: 178 730.0 38.91011235955056
dp: 169 682.0 9.781065088757396
fcfg: 169 711.0 23.16568047337278
dp: 167 669.0 12.694610778443113
fcfg: 167 728.0 29.12574850299401
dp: 167 686.0 9.640718562874252
fcfg: 167 727.0 24.4251497005988
dp: 164 671.0 7.664634146341464
fcfg: 164 696.0 19.341463414634145
dp: 184 696.0 14.076086956521738
fcfg: 184 799.0 48.608695652173914
dp: 163 669.0 13.202453987730062
fcfg: 163 734.0 26.165644171779142
dp: 152 675.0 8.230263157894736
fcfg: 152 706.0 16.05263157894737
dp: 176 684.0 14.698863636363637
fcfg: 176 773.0 37.41477272727273
dp: 190 694.0 25.326315789473686
fcfg: 190 812.0 64.4578947368421
dp: 169 676.0 11.14792899408284
fcfg: 169 721.0 20.088757396449704
dp: 176 672.0 12.977272727272727
fcfg: 176 720.0 30.193181818181817
dp: 175 697.0 16.457142857142856
fcfg: 175 782.0 33.457142857142856
dp: 171 681.0 11.742690058479532
fcfg: 171 730.0 29.748538011695906
dp: 180 685.0 12.583333333333334
fcfg: 180 781.0 39.93888888888889
dp: 162 679.0 7.006172839506172
fcfg: 162 706.0 14.17283950617284
dp: 167 687.0 9.946107784431138
fcfg: 167 708.0 17.952095808383234
dp: 173 691.0 11.601156069364162
fcfg: 173 740.0 32.346820809248555
dp: 176 706.0 12.659090909090908
fcfg: 176 776.0 30.397727272727273
dp: 176 705.0 10.698863636363637
fcfg: 176 753.0 24.693181818181817
dp: 179 683.0 13.938547486033519
fcfg: 179 793.0 49.8268156424581
dp: 152 688.0 8.111842105263158
fcfg: 152 699.0 9.756578947368421
dp: 161 673.0 9.46583850931677
fcfg: 161 681.0 17.366459627329192
dp: 166 680.0 10.759036144578314
fcfg: 166 705.0 23.19277108433735
dp: 185 701.0 16.71891891891892
fcfg: 185 841.0 56.502702702702706
dp: 187 705.0 15.86096256684492
fcfg: 187 816.0 41.83422459893048
dp: 184 695.0 18.657608695652176
fcfg: 184 785.0 43.69565217391305
dp: 184 676.0 18.32608695652174
fcfg: 184 800.0 50.58152173913044
dp: 190 676.0 24.189473684210526
fcfg: 190 786.0 49.04736842105263
dp: 172 689.0 9.645348837209303
fcfg: 172 708.0 16.03488372093023
dp: 165 667.0 11.375757575757575
fcfg: 165 713.0 31.242424242424242
dp: 179 687.0 13.279329608938548
fcfg: 179 783.0 33.737430167597765
dp: 165 698.0 9.66060606060606
fcfg: 165 752.0 21.842424242424244
dp: 181 691.0 19.917127071823206
fcfg: 181 787.0 38.19889502762431
dp: 163 675.0 9.50920245398773
fcfg: 163 714.0 21.975460122699385
dp: 156 668.0 10.0
fcfg: 156 720.0 19.557692307692307
dp: 178 683.0 12.730337078651685
fcfg: 178 755.0 34.741573033707866
dp: 161 685.0 7.6521739130434785
fcfg: 161 718.0 13.173913043478262
dp: 173 682.0 19.722543352601157
fcfg: 173 760.0 43.8150289017341
dp: 164 676.0 10.371951219512194
fcfg: 164 706.0 19.036585365853657
dp: 155 674.0 8.67741935483871
fcfg: 155 690.0 18.883870967741935
dp: 164 673.0 11.048780487804878
fcfg: 164 709.0 26.25609756097561
dp: 170 677.0 14.66470588235294
fcfg: 170 783.0 48.64705882352941
dp: 160 691.0 8.04375
fcfg: 160 732.0 12.7875
dp: 160 689.0 7.61875
fcfg: 160 708.0 10.15
dp: 174 696.0 10.666666666666666
fcfg: 174 742.0 25.977011494252874
dp: 175 703.0 11.571428571428571
fcfg: 175 761.0 27.697142857142858
dp: 158 677.0 5.506329113924051
fcfg: 158 694.0 7.025316455696203
dp: 155 682.0 6.296774193548387
fcfg: 155 708.0 14.419354838709678
dp: 182 683.0 17.357142857142858
fcfg: 182 794.0 47.395604395604394
dp: 187 693.0 19.06951871657754
fcfg: 187 795.0 48.67379679144385
dp: 186 712.0 14.424731182795698
fcfg: 186 788.0 33.575268817204304
dp: 172 680.0 22.058139534883722
fcfg: 172 716.0 31.959302325581394
dp: 178 699.0 17.44943820224719
fcfg: 178 800.0 38.76966292134831
dp: 167 681.0 13.251497005988025
fcfg: 167 728.0 28.25748502994012
dp: 154 680.0 6.5
fcfg: 154 710.0 19.27922077922078
dp: 167 697.0 9.592814371257486
fcfg: 167 736.0 20.02994011976048
dp: 159 683.0 8.566037735849056
fcfg: 159 723.0 14.754716981132075
dp: 176 687.0 15.835227272727273
fcfg: 176 756.0 30.880681818181817
dp: 169 675.0 10.50887573964497
fcfg: 169 754.0 37.59763313609467
dp: 153 675.0 8.882352941176471
fcfg: 153 675.0 16.77124183006536
dp: 156 681.0 6.769230769230769
fcfg: 156 711.0 13.544871794871796
dp: 178 712.0 14.662921348314606
fcfg: 178 773.0 25.6123595505618
dp: 181 697.0 14.049723756906078
fcfg: 181 753.0 23.132596685082873
dp: 166 686.0 10.674698795180722
fcfg: 166 723.0 21.30722891566265
dp: 194 710.0 20.15463917525773
fcfg: 194 794.0 55.0
dp: 164 702.0 10.841463414634147
fcfg: 164 755.0 18.853658536585368
dp: 182 703.0 13.225274725274724
fcfg: 182 767.0 30.48901098901099
dp: 176 687.0 12.221590909090908
fcfg: 176 763.0 45.86363636363637
dp: 183 699.0 14.26775956284153
fcfg: 183 803.0 35.20765027322405
dp: 175 683.0 13.525714285714285
fcfg: 175 749.0 37.23428571428571
dp: 189 691.0 20.005291005291006
fcfg: 189 795.0 40.23809523809524
dp: 165 703.0 11.539393939393939
fcfg: 165 763.0 26.975757575757576
dp: 184 701.0 18.820652173913043
fcfg: 184 785.0 48.54891304347826
dp: 168 678.0 11.93452380952381
fcfg: 168 770.0 34.779761904761905
dp: 170 691.0 10.376470588235295
fcfg: 170 707.0 14.535294117647059
dp: 176 716.0 13.3125
fcfg: 176 788.0 23.0
dp: 175 715.0 13.302857142857142
fcfg: 175 795.0 31.445714285714285
dp: 204 718.0 25.03921568627451
fcfg: 204 863.0 60.75
dp: 161 678.0 7.850931677018633
fcfg: 161 690.0 11.732919254658386
dp: 148 679.0 9.202702702702704
fcfg: 148 719.0 19.222972972972972
dp: 178 702.0 15.808988764044944
fcfg: 178 802.0 36.00561797752809
dp: 187 716.0 15.433155080213904
fcfg: 187 815.0 39.98395721925134
dp: 186 728.0 27.20967741935484
fcfg: 186 811.0 48.22043010752688
dp: 172 706.0 12.081395348837209
fcfg: 172 736.0 18.162790697674417
dp: 163 699.0 8.36196319018405
fcfg: 163 707.0 9.0920245398773
dp: 159 680.0 11.345911949685535
fcfg: 159 711.0 21.9874213836478
dp: 163 687.0 8.914110429447852
fcfg: 163 731.0 26.32515337423313
dp: 170 683.0 14.088235294117647
fcfg: 170 760.0 32.95882352941177
dp: 152 669.0 5.756578947368421
fcfg: 152 677.0 15.828947368421053
dp: 175 692.0 8.76
fcfg: 175 737.0 21.445714285714285
dp: 175 695.0 12.142857142857142
fcfg: 175 771.0 32.38857142857143
dp: 168 688.0 11.5
fcfg: 168 723.0 24.285714285714285
dp: 170 677.0 12.123529411764705
fcfg: 170 739.0 24.152941176470588
dp: 191 703.0 18.50785340314136
fcfg: 191 793.0 47.41361256544503
dp: 171 701.0 10.75438596491228
fcfg: 171 745.0 24.88888888888889
dp: 191 677.0 18.554973821989527
fcfg: 191 820.0 63.010471204188484
dp: 163 681.0 8.975460122699387
fcfg: 163 704.0 13.748466257668712
dp: 177 694.0 12.175141242937853
fcfg: 177 767.0 35.11864406779661
dp: 178 680.0 14.646067415730338
fcfg: 178 757.0 40.71910112359551
dp: 181 698.0 13.751381215469614
fcfg: 181 777.0 34.12707182320442
dp: 169 660.0 11.976331360946746
fcfg: 169 728.0 32.94082840236686
dp: 168 689.0 12.267857142857142
fcfg: 168 746.0 20.18452380952381
dp: 175 703.0 12.834285714285715
fcfg: 175 753.0 19.965714285714284
dp: 159 676.0 8.025157232704403
fcfg: 159 699.0 15.333333333333334
dp: 190 702.0 24.310526315789474
fcfg: 190 807.0 53.10526315789474
dp: 174 688.0 12.936781609195402
fcfg: 174 746.0 36.94252873563219
dp: 177 703.0 11.350282485875706
fcfg: 177 748.0 17.90960451977401
dp: 155 677.0 5.348387096774194
fcfg: 155 700.0 8.580645161290322
dp: 162 667.0 7.716049382716049
fcfg: 162 698.0 18.709876543209877
dp: 163 689.0 9.723926380368098
fcfg: 163 730.0 21.312883435582823
dp: 166 681.0 7.957831325301205
fcfg: 166 710.0 16.951807228915662
dp: 197 725.0 24.34010152284264
fcfg: 197 859.0 58.98984771573604
dp: 152 660.0 7.644736842105263
fcfg: 152 688.0 14.822368421052632
dp: 187 705.0 22.41711229946524
fcfg: 187 798.0 47.9572192513369
dp: 190 691.0 14.163157894736843
fcfg: 190 796.0 39.02105263157895
dp: 170 679.0 10.952941176470588
fcfg: 170 755.0 34.88823529411765
dp: 173 686.0 14.15606936416185
fcfg: 173 784.0 41.02312138728324
dp: 176 662.0 16.34090909090909
fcfg: 176 759.0 45.75
dp: 168 681.0 12.107142857142858
fcfg: 168 766.0 36.029761904761905
dp: 184 691.0 13.472826086956522
fcfg: 184 790.0 41.59239130434783
dp: 177 694.0 14.768361581920903
fcfg: 177 765.0 34.005649717514125
dp: 187 708.0 17.93582887700535
fcfg: 187 807.0 48.898395721925134
dp: 176 664.0 16.72159090909091
fcfg: 176 741.0 35.92613636363637
dp: 181 708.0 12.69060773480663
fcfg: 181 755.0 20.624309392265193
dp: 186 699.0 16.155913978494624
fcfg: 186 831.0 50.13978494623656
dp: 192 713.0 15.588541666666666
fcfg: 192 778.0 37.640625
dp: 177 693.0 15.451977401129943
fcfg: 177 804.0 41.005649717514125
dp: 189 705.0 14.894179894179894
fcfg: 189 778.0 41.12169312169312
dp: 167 685.0 9.467065868263473
fcfg: 167 722.0 15.616766467065869
dp: 160 668.0 7.55625
fcfg: 160 686.0 14.14375
dp: 163 675.0 8.190184049079754
fcfg: 163 702.0 20.220858895705522
dp: 158 683.0 8.873417721518987
fcfg: 158 726.0 14.968354430379748
dp: 159 668.0 12.679245283018869
fcfg: 159 703.0 16.60377358490566
dp: 175 703.0 11.017142857142858
fcfg: 175 754.0 21.8
dp: 185 697.0 18.654054054054054
fcfg: 185 775.0 35.616216216216216
dp: 168 686.0 13.255952380952381
fcfg: 168 744.0 26.089285714285715
dp: 175 686.0 13.28
fcfg: 175 739.0 26.81142857142857
dp: 166 696.0 8.933734939759036
fcfg: 166 753.0 19.234939759036145
dp: 150 681.0 6.213333333333333
fcfg: 150 703.0 10.413333333333334
dp: 164 688.0 9.237804878048781
fcfg: 164 731.0 24.20731707317073
dp: 151 664.0 8.350993377483444
fcfg: 151 691.0 19.655629139072847
dp: 178 681.0 14.162921348314606
fcfg: 178 741.0 30.865168539325843
dp: 176 699.0 16.380681818181817
fcfg: 176 757.0 23.289772727272727
dp: 181 684.0 17.751381215469614
fcfg: 181 779.0 43.20441988950276
dp: 197 724.0 22.751269035532996
fcfg: 197 871.0 50.90862944162436
dp: 194 702.0 14.530927835051546
fcfg: 194 812.0 43.80927835051546
dp: 165 662.0 12.666666666666666
fcfg: 165 722.0 33.551515151515154
dp: 181 689.0 17.215469613259668
fcfg: 181 799.0 45.09944751381215
dp: 174 661.0 13.011494252873563
fcfg: 174 724.0 45.752873563218394
dp: 153 674.0 6.888888888888889
fcfg: 153 705.0 12.973856209150327
dp: 149 674.0 5.308724832214765
fcfg: 149 698.0 9.778523489932885
dp: 152 691.0 7.2368421052631575
fcfg: 152 710.0 9.618421052631579
dp: 162 679.0 7.45679012345679
fcfg: 162 693.0 10.91358024691358
dp: 169 671.0 10.751479289940828
fcfg: 169 711.0 26.284023668639055
dp: 166 704.0 11.55421686746988
fcfg: 166 731.0 23.22289156626506
dp: 161 667.0 8.472049689440993
fcfg: 161 706.0 29.757763975155278
dp: 159 662.0 11.679245283018869
fcfg: 159 684.0 30.572327044025158
dp: 160 677.0 8.0
fcfg: 160 706.0 17.60625
dp: 195 698.0 24.8
fcfg: 195 815.0 59.13846153846154
dp: 186 683.0 15.456989247311828
fcfg: 186 804.0 45.19892473118279
dp: 180 706.0 13.605555555555556
fcfg: 180 777.0 28.36111111111111
dp: 170 677.0 11.770588235294118
fcfg: 170 737.0 20.041176470588237
dp: 172 690.0 12.13953488372093
fcfg: 172 772.0 30.337209302325583
dp: 155 671.0 6.361290322580645
fcfg: 155 725.0 24.6
dp: 184 700.0 15.755434782608695
fcfg: 184 800.0 33.41304347826087
dp: 184 688.0 18.38586956521739
fcfg: 184 785.0 49.32065217391305
dp: 167 677.0 10.005988023952096
fcfg: 167 750.0 28.550898203592816
dp: 163 682.0 8.042944785276074
fcfg: 163 711.0 22.300613496932517
dp: 180 702.0 13.4
fcfg: 180 758.0 27.377777777777776
dp: 177 691.0 15.966101694915254
fcfg: 177 733.0 22.926553672316384
dp: 170 683.0 14.405882352941177
fcfg: 170 754.0 31.03529411764706
dp: 182 684.0 15.04945054945055
fcfg: 182 826.0 55.92857142857143
dp: 166 665.0 12.939759036144578
fcfg: 166 716.0 33.15060240963855
dp: 166 707.0 10.41566265060241
fcfg: 166 756.0 18.740963855421686
dp: 153 677.0 5.7973856209150325
fcfg: 153 678.0 7.764705882352941
dp: 166 684.0 10.548192771084338
fcfg: 166 729.0 21.819277108433734
dp: 173 681.0 13.057803468208093
fcfg: 173 742.0 28.32369942196532
dp: 165 679.0 8.284848484848485
fcfg: 165 703.0 19.951515151515153
dp: 183 713.0 14.01639344262295
fcfg: 183 798.0 33.27322404371585
dp: 160 679.0 6.25
fcfg: 160 705.0 11.61875
dp: 162 688.0 8.339506172839506
fcfg: 162 701.0 12.895061728395062
dp: 174 686.0 12.867816091954023
fcfg: 174 751.0 29.833333333333332
dp: 181 674.0 18.917127071823206
fcfg: 181 774.0 57.33701657458563
dp: 156 681.0 7.051282051282051
fcfg: 156 692.0 8.448717948717949
dp: 170 681.0 11.117647058823529
fcfg: 170 731.0 27.352941176470587
dp: 156 663.0 14.044871794871796
fcfg: 156 697.0 38.19871794871795
dp: 173 688.0 9.606936416184972
fcfg: 173 758.0 32.34104046242775
dp: 175 694.0 13.502857142857144
fcfg: 175 760.0 27.588571428571427
dp: 151 675.0 6.139072847682119
fcfg: 151 682.0 9.6158940397351
dp: 169 678.0 12.65680473372781
fcfg: 169 731.0 21.976331360946745
dp: 167 698.0 11.81437125748503
fcfg: 167 748.0 23.856287425149702
dp: 199 709.0 27.20603015075377
fcfg: 199 749.0 53.381909547738694
dp: 204 716.0 25.54901960784314
fcfg: 204 834.0 58.61764705882353
dp: 185 701.0 12.864864864864865
fcfg: 185 783.0 36.96756756756757
dp: 177 701.0 13.056497175141242
fcfg: 177 788.0 33.49717514124294
dp: 155 669.0 9.961290322580645
fcfg: 155 728.0 19.55483870967742
dp: 179 681.0 15.240223463687151
fcfg: 179 773.0 46.85474860335196
dp: 180 684.0 19.405555555555555
fcfg: 180 779.0 44.68888888888889
dp: 172 686.0 12.186046511627907
fcfg: 172 757.0 26.86627906976744
dp: 164 669.0 13.24390243902439
fcfg: 164 724.0 43.19512195121951
dp: 178 688.0 14.612359550561798
fcfg: 178 767.0 44.07865168539326
dp: 173 691.0 13.531791907514451
fcfg: 173 764.0 34.5606936416185
dp: 183 702.0 14.289617486338798
fcfg: 183 814.0 40.55191256830601
dp: 176 678.0 14.960227272727273
fcfg: 176 780.0 50.28977272727273
dp: 163 675.0 10.386503067484663
fcfg: 163 721.0 26.104294478527606
dp: 172 667.0 11.732558139534884
fcfg: 172 769.0 46.47093023255814
dp: 159 662.0 7.044025157232705
fcfg: 159 694.0 33.861635220125784
dp: 181 666.0 16.099447513812155
fcfg: 181 743.0 41.34254143646409
dp: 165 678.0 8.818181818181818
fcfg: 165 735.0 22.084848484848486
dp: 173 680.0 14.710982658959537
fcfg: 173 748.0 34.08092485549133
dp: 162 682.0 6.703703703703703
fcfg: 162 714.0 16.364197530864196
dp: 158 677.0 7.1075949367088604
fcfg: 158 696.0 21.09493670886076
dp: 157 691.0 10.222929936305732
fcfg: 157 723.0 17.012738853503183
dp: 173 685.0 12.45664739884393
fcfg: 173 764.0 35.040462427745666
dp: 171 687.0 11.046783625730994
fcfg: 171 742.0 33.59649122807018
dp: 165 682.0 9.745454545454546
fcfg: 165 733.0 30.266666666666666
dp: 174 682.0 11.810344827586206
fcfg: 174 738.0 27.373563218390803
dp: 171 695.0 8.678362573099415
fcfg: 171 725.0 15.982456140350877
dp: 176 694.0 10.659090909090908
fcfg: 176 745.0 21.431818181818183
dp: 191 731.0 21.963350785340314
fcfg: 191 812.0 43.52879581151832
dp: 165 668.0 11.054545454545455
fcfg: 165 693.0 27.8
dp: 185 694.0 13.58918918918919
fcfg: 185 782.0 32.0
dp: 176 677.0 13.210227272727273
fcfg: 176 767.0 50.75
dp: 182 674.0 19.96153846153846
fcfg: 182 807.0 58.80769230769231
dp: 189 706.0 16.33862433862434
fcfg: 189 812.0 41.94708994708995
dp: 192 698.0 18.916666666666668
fcfg: 192 828.0 53.442708333333336
dp: 178 705.0 11.606741573033707
fcfg: 178 771.0 30.303370786516854
dp: 170 691.0 13.194117647058823
fcfg: 170 734.0 23.158823529411766
dp: 153 665.0 6.470588235294118
fcfg: 153 672.0 9.81045751633987
dp: 170 704.0 14.147058823529411
fcfg: 170 755.0 25.823529411764707
dp: 178 696.0 15.9438202247191
fcfg: 178 792.0 47.86516853932584
dp: 193 696.0 25.476683937823836
fcfg: 193 868.0 70.34715025906736
dp: 166 690.0 9.289156626506024
fcfg: 166 744.0 17.96987951807229
dp: 178 719.0 18.89887640449438
fcfg: 178 778.0 28.90449438202247
dp: 158 673.0 8.19620253164557
fcfg: 158 684.0 11.468354430379748
dp: 172 681.0 14.354651162790697
fcfg: 172 764.0 33.08720930232558
dp: 168 675.0 11.880952380952381
fcfg: 168 716.0 28.446428571428573
dp: 156 655.0 7.788461538461538
fcfg: 156 681.0 32.1474358974359
dp: 186 691.0 15.833333333333334
fcfg: 186 804.0 52.68817204301075
dp: 173 694.0 11.427745664739884
fcfg: 173 748.0 25.046242774566473
dp: 189 698.0 17.185185185185187
fcfg: 189 840.0 53.111111111111114
dp: 155 680.0 7.341935483870968
fcfg: 155 702.0 12.638709677419355
dp: 187 690.0 13.304812834224599
fcfg: 187 781.0 33.967914438502675
dp: 172 679.0 10.61046511627907
fcfg: 172 751.0 35.56976744186046
dp: 196 715.0 17.607142857142858
fcfg: 196 850.0 39.57142857142857
dp: 172 694.0 11.511627906976743
fcfg: 172 734.0 22.087209302325583
dp: 174 688.0 12.862068965517242
fcfg: 174 766.0 29.53448275862069
dp: 161 668.0 8.372670807453416
fcfg: 161 698.0 16.47826086956522
dp: 144 666.0 5.548611111111111
fcfg: 144 677.0 9.083333333333334
dp: 181 698.0 14.585635359116022
fcfg: 181 779.0 31.276243093922652
dp: 163 681.0 9.325153374233128
fcfg: 163 726.0 20.41717791411043
dp: 196 716.0 21.959183673469386
fcfg: 196 818.0 48.91326530612245
dp: 164 688.0 11.579268292682928
fcfg: 164 747.0 24.823170731707318
dp: 165 692.0 10.684848484848485
fcfg: 165 731.0 16.993939393939392
dp: 172 692.0 12.883720930232558
fcfg: 172 729.0 21.00581395348837
dp: 164 685.0 11.292682926829269
fcfg: 164 727.0 23.585365853658537
dp: 178 698.0 13.370786516853933
fcfg: 178 793.0 34.831460674157306
dp: 163 683.0 7.52760736196319
fcfg: 163 709.0 10.576687116564417
dp: 173 688.0 10.38728323699422
fcfg: 173 738.0 30.658959537572255
dp: 188 719.0 17.22340425531915
fcfg: 188 834.0 49.8031914893617
dp: 181 695.0 17.29281767955801
fcfg: 181 782.0 39.773480662983424
dp: 149 666.0 6.302013422818792
fcfg: 149 686.0 15.268456375838927
dp: 182 723.0 14.313186813186814
fcfg: 182 798.0 28.681318681318682
dp: 153 663.0 7.398692810457517
fcfg: 153 682.0 16.54901960784314
dp: 187 717.0 16.727272727272727
fcfg: 187 812.0 45.06417112299465
dp: 174 691.0 15.229885057471265
fcfg: 174 794.0 42.32183908045977
dp: 189 692.0 21.04232804232804
fcfg: 189 815.0 58.629629629629626
dp: 173 710.0 11.514450867052023
fcfg: 173 792.0 28.283236994219653
dp: 164 682.0 8.164634146341463
fcfg: 164 714.0 17.073170731707318
dp: 160 680.0 7.7
fcfg: 160 696.0 14.025
dp: 167 685.0 11.233532934131736
fcfg: 167 755.0 28.652694610778443
dp: 172 687.0 14.017441860465116
fcfg: 172 738.0 32.93023255813954
dp: 192 707.0 19.119791666666668
fcfg: 192 834.0 52.578125
dp: 160 683.0 7.825
fcfg: 160 687.0 11.225
dp: 170 669.0 12.070588235294117
fcfg: 170 741.0 36.923529411764704
dp: 170 699.0 9.470588235294118
fcfg: 170 741.0 19.17058823529412
dp: 180 701.0 18.755555555555556
fcfg: 180 786.0 39.65
dp: 189 711.0 17.650793650793652
fcfg: 189 840.0 55.02116402116402
dp: 174 704.0 13.241379310344827
fcfg: 174 736.0 18.913793103448278
dp: 174 697.0 11.241379310344827
fcfg: 174 754.0 22.810344827586206
dp: 157 669.0 8.038216560509554
fcfg: 157 667.0 17.038216560509554
dp: 188 706.0 15.037234042553191
fcfg: 188 817.0 48.48936170212766
dp: 178 700.0 20.15730337078652
fcfg: 178 790.0 44.69662921348315
dp: 162 695.0 7.574074074074074
fcfg: 162 701.0 8.796296296296296
dp: 166 707.0 12.560240963855422
fcfg: 166 772.0 23.216867469879517
dp: 149 686.0 5.946308724832215
fcfg: 149 691.0 4.1879194630872485
dp: 173 686.0 15.653179190751445
fcfg: 173 752.0 35.76300578034682
dp: 180 700.0 11.261111111111111
fcfg: 180 789.0 37.977777777777774
dp: 192 717.0 17.4375
fcfg: 192 820.0 47.588541666666664
dp: 174 682.0 13.89655172413793
fcfg: 174 746.0 36.99425287356322
dp: 177 691.0 10.932203389830509
fcfg: 177 733.0 18.610169491525422
dp: 144 662.0 4.861111111111111
fcfg: 144 662.0 5.916666666666667
dp: 176 679.0 12.477272727272727
fcfg: 176 792.0 48.3125
dp: 182 708.0 17.835164835164836
fcfg: 182 804.0 35.5989010989011
dp: 160 676.0 9.0
fcfg: 160 704.0 15.29375
dp: 153 668.0 7.921568627450981
fcfg: 153 673.0 9.4640522875817
dp: 183 693.0 17.371584699453553
fcfg: 183 810.0 49.98907103825137
dp: 169 679.0 15.14792899408284
fcfg: 169 749.0 35.93491124260355
dp: 164 699.0 9.847560975609756
fcfg: 164 729.0 14.78048780487805
dp: 188 721.0 21.861702127659573
fcfg: 188 824.0 40.3031914893617
dp: 187 700.0 16.101604278074866
fcfg: 187 841.0 58.18716577540107
dp: 161 678.0 9.590062111801242
fcfg: 161 721.0 16.490683229813666
dp: 179 674.0 14.307262569832401
fcfg: 179 797.0 54.24022346368715
dp: 168 675.0 10.523809523809524
fcfg: 168 737.0 23.178571428571427
dp: 142 685.0 4.73943661971831
fcfg: 142 687.0 5.007042253521127
dp: 192 705.0 18.895833333333332
fcfg: 192 847.0 63.494791666666664
dp: 182 689.0 13.351648351648352
fcfg: 182 781.0 37.81318681318681
dp: 162 682.0 11.864197530864198
fcfg: 162 726.0 23.895061728395063
dp: 182 710.0 14.543956043956044
fcfg: 182 792.0 33.527472527472526
dp: 186 692.0 19.93010752688172
fcfg: 186 812.0 57.424731182795696
dp: 155 669.0 6.090322580645161
fcfg: 155 681.0 8.87741935483871
dp: 180 693.0 13.683333333333334
fcfg: 180 770.0 32.733333333333334
dp: 170 689.0 10.541176470588235
fcfg: 170 723.0 16.152941176470588
dp: 158 665.0 6.8354430379746836
fcfg: 158 665.0 8.449367088607595
dp: 163 656.0 11.613496932515337
fcfg: 163 716.0 35.52760736196319
dp: 140 675.0 5.2214285714285715
fcfg: 140 675.0 6.285714285714286
dp: 175 704.0 11.977142857142857
fcfg: 175 763.0 27.485714285714284
dp: 173 683.0 11.052023121387283
fcfg: 173 757.0 37.138728323699425
dp: 173 686.0 11.84393063583815
fcfg: 173 702.0 19.641618497109828
dp: 154 680.0 10.253246753246753
fcfg: 154 681.0 18.694805194805195
dp: 162 677.0 10.493827160493828
fcfg: 162 705.0 18.75925925925926
dp: 168 671.0 9.279761904761905
fcfg: 168 731.0 27.142857142857142
dp: 183 681.0 17.311475409836067
fcfg: 183 797.0 57.89617486338798
dp: 138 674.0 6.311594202898551
fcfg: 138 674.0 6.050724637681159
dp: 166 683.0 8.22289156626506
fcfg: 166 708.0 22.16867469879518
dp: 176 700.0 15.477272727272727
fcfg: 176 768.0 32.03409090909091
dp: 186 692.0 15.919354838709678
fcfg: 186 776.0 40.026881720430104
dp: 159 674.0 7.748427672955975
fcfg: 159 685.0 10.761006289308176
dp: 166 682.0 9.144578313253012
fcfg: 166 718.0 23.234939759036145
dp: 185 696.0 14.58918918918919
fcfg: 185 783.0 37.67027027027027
dp: 159 677.0 13.270440251572326
fcfg: 159 731.0 32.490566037735846
dp: 176 684.0 12.795454545454545
fcfg: 176 732.0 23.170454545454547
dp: 151 691.0 4.860927152317881
fcfg: 151 689.0 6.0198675496688745
dp: 198 717.0 21.550505050505052
fcfg: 198 834.0 59.42929292929293
dp: 175 669.0 14.725714285714286
fcfg: 175 734.0 38.074285714285715
dp: 194 691.0 21.237113402061855
fcfg: 194 829.0 67.95360824742268
dp: 170 684.0 13.470588235294118
fcfg: 170 740.0 30.288235294117648
dp: 176 674.0 14.602272727272727
fcfg: 176 760.0 43.58522727272727
dp: 179 676.0 17.033519553072626
fcfg: 179 755.0 42.76536312849162
dp: 182 672.0 19.126373626373628
fcfg: 182 764.0 49.2032967032967
dp: 169 701.0 16.42603550295858
fcfg: 169 785.0 31.763313609467456
dp: 157 669.0 8.031847133757962
fcfg: 157 692.0 14.980891719745223
dp: 170 687.0 10.176470588235293
fcfg: 170 753.0 29.31764705882353
dp: 174 663.0 13.810344827586206
fcfg: 174 754.0 44.689655172413794
dp: 190 698.0 19.905263157894737
fcfg: 190 812.0 43.97894736842105
dp: 176 701.0 13.886363636363637
fcfg: 176 788.0 39.38068181818182
dp: 172 686.0 11.36046511627907
fcfg: 172 730.0 28.848837209302324
dp: 165 668.0 11.55151515151515
fcfg: 165 763.0 41.4
dp: 180 704.0 16.333333333333332
fcfg: 180 753.0 27.666666666666668
dp: 153 654.0 7.745098039215686
fcfg: 153 681.0 22.823529411764707
dp: 174 677.0 13.620689655172415
fcfg: 174 756.0 38.833333333333336
dp: 197 705.0 32.01015228426396
fcfg: 197 860.0 79.15736040609137
dp: 163 681.0 10.325153374233128
fcfg: 163 717.0 21.84049079754601
dp: 177 712.0 11.994350282485875
fcfg: 177 769.0 32.655367231638415
dp: 182 681.0 18.686813186813186
fcfg: 182 768.0 39.247252747252745
dp: 158 688.0 8.759493670886076
fcfg: 158 724.0 23.126582278481013
dp: 167 695.0 9.74251497005988
fcfg: 167 743.0 21.473053892215567
dp: 145 685.0 7.0
fcfg: 145 707.0 8.53103448275862
dp: 169 677.0 10.591715976331361
fcfg: 169 716.0 17.952662721893493
dp: 165 677.0 10.024242424242424
fcfg: 165 705.0 24.266666666666666
dp: 174 682.0 17.764367816091955
fcfg: 174 762.0 42.339080459770116
dp: 170 701.0 11.18235294117647
fcfg: 170 723.0 12.547058823529412
dp: 161 682.0 7.490683229813665
fcfg: 161 698.0 10.627329192546584
dp: 180 694.0 14.477777777777778
fcfg: 180 754.0 37.7
dp: 184 708.0 14.396739130434783
fcfg: 184 761.0 28.320652173913043
dp: 191 690.0 24.219895287958114
fcfg: 191 841.0 64.98429319371728
dp: 173 694.0 9.416184971098266
fcfg: 173 738.0 28.67630057803468
dp: 197 709.0 22.512690355329948
fcfg: 197 838.0 57.28934010152284
dp: 165 696.0 11.303030303030303
fcfg: 165 732.0 22.345454545454544
dp: 203 703.0 27.970443349753694
fcfg: 203 858.0 67.63054187192118
dp: 180 688.0 13.516666666666667
fcfg: 180 748.0 28.211111111111112
dp: 168 693.0 13.791666666666666
fcfg: 168 749.0 30.761904761904763
dp: 170 690.0 15.782352941176471
fcfg: 170 732.0 22.370588235294118
dp: 180 685.0 13.28888888888889
fcfg: 180 795.0 42.43333333333333
dp: 181 684.0 12.331491712707182
fcfg: 181 769.0 41.353591160220994
dp: 181 674.0 17.723756906077348
fcfg: 181 797.0 52.71270718232044
dp: 167 687.0 9.550898203592814
fcfg: 167 740.0 29.54491017964072
dp: 156 660.0 8.762820512820513
fcfg: 156 699.0 19.5
dp: 174 682.0 12.994252873563218
fcfg: 174 761.0 37.44827586206897
dp: 160 685.0 10.35625
fcfg: 160 736.0 18.28125
dp: 188 695.0 18.872340425531913
fcfg: 188 799.0 53.47872340425532
dp: 157 672.0 8.993630573248408
fcfg: 157 692.0 13.757961783439491
dp: 165 693.0 8.212121212121213
fcfg: 165 700.0 16.8
dp: 159 682.0 10.849056603773585
fcfg: 159 690.0 13.540880503144654
dp: 174 692.0 10.540229885057471
fcfg: 174 760.0 37.28735632183908
dp: 162 696.0 9.271604938271604
fcfg: 162 750.0 24.32716049382716
dp: 166 670.0 12.198795180722891
fcfg: 166 742.0 31.53614457831325
dp: 156 676.0 9.807692307692308
fcfg: 156 700.0 19.596153846153847
dp: 163 678.0 10.177914110429448
fcfg: 163 746.0 27.411042944785276
dp: 140 664.0 5.2
fcfg: 140 674.0 8.242857142857142
dp: 170 674.0 10.047058823529412
fcfg: 170 754.0 40.33529411764706
dp: 171 684.0 14.912280701754385
fcfg: 171 790.0 41.14035087719298
dp: 195 709.0 21.005128205128205
fcfg: 195 833.0 48.333333333333336
dp: 174 689.0 10.35632183908046
fcfg: 174 748.0 27.96551724137931
dp: 186 697.0 15.63978494623656
fcfg: 186 761.0 28.870967741935484
dp: 151 706.0 6.357615894039735
fcfg: 151 702.0 5.529801324503311
dp: 165 691.0 8.290909090909091
fcfg: 165 705.0 18.8
dp: 172 707.0 12.906976744186046
fcfg: 172 752.0 22.959302325581394
dp: 155 678.0 7.425806451612903
fcfg: 155 716.0 12.987096774193548
dp: 167 665.0 13.62874251497006
fcfg: 167 726.0 34.08982035928144
dp: 171 681.0 9.777777777777779
fcfg: 171 728.0 24.5906432748538
dp: 188 685.0 20.72340425531915
fcfg: 188 804.0 58.037234042553195
dp: 181 688.0 28.80110497237569
fcfg: 181 794.0 58.966850828729285
dp: 182 702.0 18.197802197802197
fcfg: 182 813.0 45.79120879120879
dp: 166 679.0 10.409638554216867
fcfg: 166 708.0 15.903614457831326
dp: 174 685.0 11.850574712643677
fcfg: 174 767.0 39.45402298850575
dp: 147 684.0 6.503401360544218
fcfg: 147 714.0 11.326530612244898
dp: 171 672.0 12.713450292397662
fcfg: 171 775.0 43.824561403508774
dp: 161 685.0 5.037267080745342
fcfg: 161 684.0 6.962732919254658
dp: 163 668.0 10.717791411042946
fcfg: 163 708.0 26.73006134969325
dp: 153 674.0 6.947712418300654
fcfg: 153 684.0 12.830065359477125
dp: 179 681.0 15.525139664804469
fcfg: 179 794.0 55.96648044692738
dp: 150 678.0 6.46
fcfg: 150 681.0 6.573333333333333
dp: 171 683.0 11.43859649122807
fcfg: 171 747.0 36.01754385964912
dp: 172 686.0 10.418604651162791
fcfg: 172 743.0 21.86627906976744
dp: 175 678.0 14.822857142857142
fcfg: 175 749.0 34.80571428571429
dp: 174 703.0 9.10344827586207
fcfg: 174 743.0 24.557471264367816
dp: 172 707.0 14.598837209302326
fcfg: 172 774.0 25.296511627906977
dp: 171 688.0 8.426900584795321
fcfg: 171 723.0 21.333333333333332
dp: 150 684.0 7.6066666666666665
fcfg: 150 694.0 9.42
dp: 166 689.0 9.728915662650602
fcfg: 166 688.0 12.240963855421686
dp: 178 680.0 20.320224719101123
fcfg: 178 766.0 45.69101123595506
dp: 163 665.0 8.447852760736197
fcfg: 163 702.0 24.392638036809817
dp: 202 698.0 28.435643564356436
fcfg: 202 850.0 78.86633663366337
dp: 171 683.0 14.549707602339181
fcfg: 171 734.0 32.058479532163744
dp: 175 688.0 14.074285714285715
fcfg: 175 718.0 22.714285714285715
dp: 190 680.0 23.773684210526316
fcfg: 190 839.0 82.26842105263158
dp: 174 700.0 20.07471264367816
fcfg: 174 782.0 37.60919540229885
dp: 184 685.0 22.14673913043478
fcfg: 184 791.0 40.77717391304348
dp: 172 681.0 12.825581395348838
fcfg: 172 728.0 33.343023255813954
dp: 185 697.0 17.075675675675676
fcfg: 185 821.0 51.351351351351354
dp: 176 683.0 14.784090909090908
fcfg: 176 773.0 40.9375
dp: 184 685.0 19.597826086956523
fcfg: 184 779.0 49.90760869565217
dp: 178 688.0 11.52808988764045
fcfg: 178 761.0 36.89887640449438
dp: 161 697.0 9.527950310559007
fcfg: 161 726.0 12.813664596273291
dp: 169 682.0 13.266272189349113
fcfg: 169 752.0 26.059171597633135
dp: 161 672.0 9.254658385093167
fcfg: 161 712.0 24.11801242236025
dp: 164 664.0 9.695121951219512
fcfg: 164 693.0 21.76219512195122
dp: 160 679.0 9.68125
fcfg: 160 718.0 18.2875
dp: 189 718.0 19.613756613756614
fcfg: 189 829.0 54.46031746031746
dp: 179 680.0 15.558659217877095
fcfg: 179 744.0 37.90502793296089
dp: 169 677.0 14.112426035502958
fcfg: 169 762.0 40.92307692307692
dp: 149 663.0 7.060402684563758
fcfg: 149 679.0 10.718120805369127
dp: 179 705.0 14.502793296089385
fcfg: 179 770.0 26.11731843575419
dp: 189 732.0 26.35978835978836
fcfg: 189 863.0 57.44973544973545
dp: 181 707.0 19.29281767955801
fcfg: 181 772.0 36.0828729281768
dp: 159 677.0 11.30188679245283
fcfg: 159 722.0 24.38993710691824
dp: 171 679.0 11.08187134502924
fcfg: 171 753.0 28.871345029239766
dp: 159 695.0 11.157232704402515
fcfg: 159 747.0 23.11320754716981
dp: 178 679.0 14.269662921348315
fcfg: 178 770.0 33.39887640449438
dp: 151 688.0 7.119205298013245
fcfg: 151 722.0 12.264900662251655
dp: 172 698.0 13.645348837209303
fcfg: 172 762.0 24.686046511627907
dp: 183 678.0 12.420765027322405
fcfg: 183 780.0 46.797814207650276
dp: 152 679.0 5.217105263157895
fcfg: 152 683.0 13.967105263157896
dp: 164 654.0 12.115853658536585
fcfg: 164 684.0 25.097560975609756
dp: 159 673.0 8.38993710691824
fcfg: 159 714.0 22.58490566037736
dp: 179 687.0 15.614525139664805
fcfg: 179 753.0 40.64804469273743
dp: 184 683.0 19.358695652173914
fcfg: 184 772.0 40.04347826086956
dp: 171 685.0 11.35672514619883
fcfg: 171 733.0 19.292397660818715
dp: 161 683.0 8.546583850931677
fcfg: 161 721.0 24.70807453416149
dp: 184 720.0 17.619565217391305
fcfg: 184 828.0 42.02717391304348
dp: 177 689.0 11.248587570621469
fcfg: 177 757.0 27.966101694915253
dp: 158 670.0 10.487341772151899
fcfg: 158 696.0 16.379746835443036
dp: 150 672.0 5.786666666666667
fcfg: 150 671.0 13.326666666666666
dp: 168 684.0 11.297619047619047
fcfg: 168 739.0 22.571428571428573
dp: 166 686.0 10.650602409638553
fcfg: 166 721.0 24.710843373493976
dp: 175 701.0 8.82857142857143
fcfg: 175 775.0 34.02285714285714
dp: 177 687.0 11.192090395480227
fcfg: 177 749.0 21.954802259887007
dp: 165 675.0 11.606060606060606
fcfg: 165 725.0 36.69090909090909
dp: 188 695.0 20.21276595744681
fcfg: 188 801.0 46.308510638297875
dp: 180 688.0 13.516666666666667
fcfg: 180 789.0 33.74444444444445
dp: 156 671.0 6.75
fcfg: 156 679.0 13.371794871794872
dp: 173 697.0 15.809248554913294
fcfg: 173 788.0 34.84971098265896
dp: 154 678.0 5.5519480519480515
fcfg: 154 704.0 9.045454545454545
dp: 183 693.0 16.360655737704917
fcfg: 183 790.0 38.77049180327869
dp: 181 681.0 18.11049723756906
fcfg: 181 775.0 44.392265193370164
dp: 181 704.0 12.392265193370166
fcfg: 181 761.0 26.723756906077348
dp: 167 692.0 9.161676646706587
fcfg: 167 712.0 16.49700598802395
dp: 163 679.0 7.171779141104294
fcfg: 163 710.0 12.39877300613497
dp: 190 702.0 18.71578947368421
fcfg: 190 839.0 66.26315789473684
dp: 188 718.0 20.430851063829788
fcfg: 188 794.0 35.93617021276596
dp: 166 670.0 10.024096385542169
fcfg: 166 718.0 28.102409638554217
dp: 154 662.0 7.662337662337662
fcfg: 154 680.0 15.74025974025974
dp: 176 683.0 14.289772727272727
fcfg: 176 775.0 52.34090909090909
dp: 194 723.0 23.443298969072163
fcfg: 194 834.0 49.57216494845361
dp: 175 695.0 10.148571428571428
fcfg: 175 748.0 24.62857142857143
dp: 158 699.0 8.00632911392405
fcfg: 158 716.0 11.227848101265822
dp: 185 700.0 15.432432432432432
fcfg: 185 801.0 46.23243243243243
dp: 177 690.0 14.67231638418079
fcfg: 177 784.0 41.932203389830505
dp: 167 680.0 11.059880239520957
fcfg: 167 712.0 23.4251497005988
dp: 166 676.0 15.349397590361447
fcfg: 166 759.0 30.728915662650603
dp: 170 662.0 13.805882352941177
fcfg: 170 729.0 36.65294117647059
dp: 165 676.0 12.284848484848485
fcfg: 165 740.0 31.163636363636364
dp: 182 703.0 15.005494505494505
fcfg: 182 765.0 23.52747252747253
dp: 166 673.0 10.771084337349398
fcfg: 166 721.0 21.240963855421686
dp: 168 670.0 10.220238095238095
fcfg: 168 699.0 16.773809523809526
dp: 173 684.0 8.601156069364162
fcfg: 173 735.0 28.277456647398843
dp: 173 681.0 11.901734104046243
fcfg: 173 740.0 28.15606936416185
dp: 146 684.0 6.178082191780822
fcfg: 146 715.0 9.917808219178083
dp: 172 686.0 15.790697674418604
fcfg: 172 746.0 27.517441860465116
dp: 173 689.0 13.063583815028903
fcfg: 173 762.0 31.751445086705203
dp: 174 683.0 10.080459770114942
fcfg: 174 710.0 17.35632183908046
dp: 188 712.0 12.542553191489361
fcfg: 188 792.0 30.48404255319149
dp: 194 708.0 32.77319587628866
fcfg: 194 813.0 60.27319587628866
dp: 159 695.0 10.0
fcfg: 159 752.0 18.937106918238992
dp: 175 682.0 14.925714285714285
fcfg: 175 751.0 35.12
dp: 190 707.0 17.83684210526316
fcfg: 190 804.0 43.32105263157895
dp: 182 705.0 19.47252747252747
fcfg: 182 786.0 33.08791208791209
dp: 163 674.0 10.668711656441717
fcfg: 163 723.0 33.45398773006135
dp: 177 697.0 12.44632768361582
fcfg: 177 766.0 28.943502824858758
dp: 174 691.0 18.50574712643678
fcfg: 174 782.0 32.701149425287355
dp: 177 678.0 15.423728813559322
fcfg: 177 797.0 57.24293785310734
dp: 191 692.0 20.89005235602094
fcfg: 191 831.0 65.64921465968587
dp: 180 712.0 13.3
fcfg: 180 774.0 35.90555555555556
dp: 158 679.0 8.481012658227849
fcfg: 158 717.0 12.00632911392405
dp: 157 680.0 9.477707006369426
fcfg: 157 704.0 13.719745222929935
dp: 162 671.0 10.197530864197532
fcfg: 162 707.0 25.858024691358025
dp: 185 694.0 18.643243243243244
fcfg: 185 791.0 43.57297297297297
dp: 161 678.0 10.453416149068323
fcfg: 161 725.0 22.099378881987576
dp: 160 676.0 7.225
fcfg: 160 728.0 17.275
dp: 169 683.0 8.55621301775148
fcfg: 169 743.0 21.88757396449704
dp: 172 703.0 16.825581395348838
fcfg: 172 788.0 31.372093023255815
dp: 159 682.0 7.660377358490566
fcfg: 159 724.0 21.9874213836478
dp: 179 679.0 13.078212290502794
fcfg: 179 773.0 40.100558659217874
dp: 155 677.0 5.058064516129032
fcfg: 155 689.0 10.825806451612904
dp: 170 715.0 14.288235294117648
fcfg: 170 825.0 41.92941176470588
dp: 167 695.0 12.149700598802395
fcfg: 167 754.0 23.75449101796407
dp: 169 692.0 10.076923076923077
fcfg: 169 736.0 22.207100591715978
dp: 196 715.0 25.168367346938776
fcfg: 196 826.0 57.66836734693877
dp: 155 683.0 7.987096774193549
fcfg: 155 717.0 17.193548387096776
dp: 177 705.0 15.344632768361581
fcfg: 177 769.0 28.728813559322035
dp: 158 670.0 6.310126582278481
fcfg: 158 696.0 14.841772151898734
dp: 179 699.0 11.994413407821229
fcfg: 179 769.0 29.05586592178771
dp: 156 677.0 7.480769230769231
fcfg: 156 691.0 13.91025641025641
dp: 162 665.0 10.876543209876543
fcfg: 162 740.0 31.24074074074074
dp: 174 685.0 11.166666666666666
fcfg: 174 737.0 32.96551724137931
dp: 181 708.0 10.712707182320441
fcfg: 181 764.0 17.5414364640884
dp: 159 658.0 7.509433962264151
fcfg: 159 694.0 21.18238993710692
dp: 176 706.0 10.261363636363637
fcfg: 176 759.0 20.704545454545453
dp: 157 678.0 9.21656050955414
fcfg: 157 721.0 28.611464968152866
dp: 186 701.0 23.827956989247312
fcfg: 186 787.0 47.903225806451616
dp: 175 682.0 11.468571428571428
fcfg: 175 771.0 35.27428571428572
dp: 169 685.0 11.479289940828401
fcfg: 169 731.0 28.17751479289941
dp: 162 672.0 8.851851851851851
fcfg: 162 729.0 25.333333333333332
dp: 174 658.0 18.373563218390803
fcfg: 174 745.0 44.98275862068966
dp: 149 684.0 6.416107382550336
fcfg: 149 695.0 6.241610738255034
dp: 165 686.0 7.709090909090909
fcfg: 165 705.0 17.224242424242423
dp: 188 715.0 17.8031914893617
fcfg: 188 832.0 46.765957446808514
dp: 155 680.0 5.812903225806451
fcfg: 155 691.0 9.509677419354839
dp: 165 693.0 8.624242424242425
fcfg: 165 717.0 18.78787878787879
dp: 153 674.0 9.856209150326798
fcfg: 153 681.0 18.66013071895425
dp: 176 706.0 10.897727272727273
fcfg: 176 769.0 24.47159090909091
dp: 191 704.0 15.089005235602095
fcfg: 191 779.0 51.23560209424084
dp: 166 680.0 10.048192771084338
fcfg: 166 733.0 24.933734939759034
dp: 167 695.0 13.598802395209582
fcfg: 167 760.0 27.239520958083833
dp: 155 693.0 7.47741935483871
fcfg: 155 724.0 13.348387096774193
dp: 170 691.0 8.805882352941177
fcfg: 170 721.0 16.36470588235294
dp: 160 661.0 9.99375
fcfg: 160 721.0 24.6375
dp: 171 677.0 13.52046783625731
fcfg: 171 757.0 35.760233918128655
dp: 169 684.0 13.159763313609467
fcfg: 169 746.0 33.739644970414204
dp: 174 684.0 13.994252873563218
fcfg: 174 765.0 35.91379310344828
dp: 170 693.0 9.9
fcfg: 170 751.0 20.38235294117647
dp: 182 692.0 12.868131868131869
fcfg: 182 755.0 28.021978021978022
dp: 177 681.0 13.694915254237289
fcfg: 177 745.0 31.096045197740114
dp: 177 679.0 13.299435028248588
fcfg: 177 777.0 44.38418079096045
dp: 185 684.0 19.62162162162162
fcfg: 185 782.0 52.383783783783784
dp: 179 696.0 10.189944134078212
fcfg: 179 731.0 21.575418994413408
dp: 171 682.0 9.777777777777779
fcfg: 171 749.0 32.53216374269006
dp: 162 679.0 10.938271604938272
fcfg: 162 737.0 27.67283950617284
dp: 174 686.0 12.350574712643677
fcfg: 174 767.0 37.770114942528735
dp: 199 682.0 24.92964824120603
fcfg: 199 798.0 54.92462311557789
dp: 173 695.0 10.306358381502891
fcfg: 173 752.0 34.6242774566474
dp: 143 667.0 7.146853146853147
fcfg: 143 668.0 9.734265734265735
dp: 179 667.0 21.06145251396648
fcfg: 179 786.0 58.977653631284916
dp: 177 690.0 11.158192090395481
fcfg: 177 768.0 38.44632768361582
dp: 166 673.0 10.512048192771084
fcfg: 166 719.0 24.620481927710845
dp: 161 681.0 9.633540372670808
fcfg: 161 716.0 25.782608695652176
dp: 181 706.0 14.38121546961326
fcfg: 181 809.0 39.69613259668508
dp: 165 677.0 11.175757575757576
fcfg: 165 728.0 19.52121212121212
dp: 163 683.0 8.496932515337424
fcfg: 163 722.0 22.834355828220858
dp: 166 684.0 8.602409638554217
fcfg: 166 721.0 17.012048192771083
dp: 188 706.0 18.170212765957448
fcfg: 188 832.0 50.202127659574465
dp: 161 681.0 8.29192546583851
fcfg: 161 711.0 17.049689440993788
dp: 188 678.0 22.97872340425532
fcfg: 188 808.0 59.5531914893617
dp: 176 686.0 13.642045454545455
fcfg: 176 791.0 50.375
dp: 174 680.0 12.14367816091954
fcfg: 174 731.0 37.1551724137931
