dp: 17 134.0 0.9411764705882353
fafg: 17 134.0 1.3529411764705883
dp: 10 139.0 0.0
fafg: 10 139.0 0.0
dp: 12 130.0 0.08333333333333333
fafg: 12 130.0 0.08333333333333333
dp: 11 131.0 0.0
fafg: 11 131.0 0.0
dp: 16 148.0 3.4375
fafg: 16 150.0 4.4375
dp: 14 142.0 0.8571428571428571
fafg: 14 142.0 0.9285714285714286
dp: 12 131.0 0.16666666666666666
fafg: 12 131.0 0.16666666666666666
dp: 17 142.0 1.588235294117647
fafg: 17 142.0 1.8235294117647058
dp: 16 142.0 3.125
fafg: 16 142.0 3.375
dp: 13 128.0 0.38461538461538464
fafg: 13 131.0 1.2307692307692308
dp: 8 133.0 0.0
fafg: 8 133.0 0.0
dp: 13 137.0 0.5384615384615384
fafg: 13 138.0 0.6923076923076923
dp: 9 127.0 0.0
fafg: 9 127.0 0.0
dp: 2 115.0 0.0
fafg: 2 115.0 0.0
dp: 12 121.0 0.0
fafg: 12 121.0 0.0
dp: 19 142.0 2.3157894736842106
fafg: 19 142.0 2.3157894736842106
dp: 14 121.0 1.3571428571428572
fafg: 14 125.0 1.5714285714285714
dp: 8 135.0 0.0
fafg: 8 135.0 0.0
dp: 14 137.0 4.357142857142857
fafg: 14 137.0 4.357142857142857
dp: 12 137.0 1.0
fafg: 12 139.0 1.5833333333333333
dp: 19 139.0 3.9473684210526314
fafg: 19 141.0 5.2631578947368425
dp: 17 142.0 1.7647058823529411
fafg: 17 142.0 2.764705882352941
dp: 10 135.0 0.0
fafg: 10 135.0 0.0
dp: 13 123.0 0.15384615384615385
fafg: 13 123.0 0.15384615384615385
dp: 7 120.0 0.0
fafg: 7 120.0 0.0
dp: 13 129.0 1.1538461538461537
fafg: 13 129.0 1.1538461538461537
dp: 19 140.0 3.4210526315789473
fafg: 19 140.0 3.4210526315789473
dp: 17 143.0 2.2941176470588234
fafg: 17 143.0 3.0
dp: 16 133.0 1.375
fafg: 16 133.0 1.375
dp: 10 134.0 0.0
fafg: 10 134.0 0.0
dp: 15 128.0 0.0
fafg: 15 128.0 0.0
dp: 15 149.0 7.866666666666666
fafg: 15 149.0 7.866666666666666
dp: 14 129.0 0.0
fafg: 14 129.0 0.0
dp: 13 145.0 0.7692307692307693
fafg: 13 145.0 0.7692307692307693
dp: 14 129.0 0.07142857142857142
fafg: 14 129.0 0.07142857142857142
dp: 15 143.0 6.066666666666666
fafg: 15 128.0 1.4
dp: 13 137.0 1.1538461538461537
fafg: 13 141.0 2.0
dp: 14 133.0 5.357142857142857
fafg: 14 133.0 5.357142857142857
dp: 16 134.0 0.0625
fafg: 16 134.0 0.0625
dp: 15 124.0 1.9333333333333333
fafg: 15 132.0 2.1333333333333333
dp: 15 133.0 0.4666666666666667
fafg: 15 133.0 0.4666666666666667
dp: 13 132.0 1.3846153846153846
fafg: 13 132.0 1.5384615384615385
dp: 17 138.0 1.0
fafg: 17 137.0 2.411764705882353
dp: 9 131.0 0.0
fafg: 9 131.0 0.0
dp: 11 134.0 0.0
fafg: 11 134.0 0.0
dp: 14 119.0 0.14285714285714285
fafg: 14 122.0 0.14285714285714285
dp: 12 127.0 0.5
fafg: 12 127.0 0.5
dp: 10 134.0 0.3
fafg: 10 134.0 0.3
dp: 9 128.0 0.3333333333333333
fafg: 9 128.0 0.3333333333333333
dp: 10 134.0 0.0
fafg: 10 134.0 0.0
dp: 12 124.0 0.0
fafg: 12 124.0 0.0
dp: 14 138.0 2.0714285714285716
fafg: 14 138.0 2.2142857142857144
dp: 14 131.0 0.42857142857142855
fafg: 14 131.0 0.42857142857142855
dp: 4 108.0 0.0
fafg: 4 108.0 0.0
dp: 13 134.0 0.6153846153846154
fafg: 13 135.0 0.6923076923076923
dp: 12 126.0 0.16666666666666666
fafg: 12 126.0 0.25
dp: 16 137.0 3.625
fafg: 16 132.0 2.0
dp: 14 133.0 1.2142857142857142
fafg: 14 133.0 1.2142857142857142
dp: 11 117.0 0.09090909090909091
fafg: 11 117.0 0.09090909090909091
dp: 14 137.0 1.3571428571428572
fafg: 14 138.0 1.8571428571428572
dp: 11 136.0 0.2727272727272727
fafg: 11 136.0 0.2727272727272727
dp: 15 140.0 2.466666666666667
fafg: 15 140.0 2.466666666666667
dp: 10 122.0 0.0
fafg: 10 122.0 0.0
dp: 12 116.0 0.16666666666666666
fafg: 12 118.0 0.5
dp: 16 129.0 1.5
fafg: 16 129.0 1.5
dp: 12 126.0 0.8333333333333334
fafg: 12 125.0 0.6666666666666666
dp: 14 134.0 2.857142857142857
fafg: 14 134.0 2.857142857142857
dp: 14 135.0 1.2857142857142858
fafg: 14 135.0 1.2857142857142858
dp: 8 128.0 0.0
fafg: 8 128.0 0.0
dp: 14 132.0 0.5714285714285714
fafg: 14 132.0 0.5714285714285714
dp: 17 138.0 3.1176470588235294
fafg: 17 138.0 3.1176470588235294
dp: 10 136.0 0.0
fafg: 10 136.0 0.0
dp: 8 121.0 0.0
fafg: 8 121.0 0.0
dp: 17 142.0 1.7647058823529411
fafg: 17 142.0 1.8235294117647058
dp: 11 138.0 0.0
fafg: 11 138.0 0.0
dp: 16 134.0 3.375
fafg: 16 134.0 4.1875
dp: 9 131.0 0.0
fafg: 9 131.0 0.0
dp: 12 128.0 0.16666666666666666
fafg: 12 128.0 0.16666666666666666
dp: 7 113.0 0.0
fafg: 7 113.0 0.0
dp: 12 130.0 1.0833333333333333
fafg: 12 130.0 1.5833333333333333
dp: 12 125.0 0.5
fafg: 12 126.0 0.5
dp: 15 133.0 0.2
fafg: 15 133.0 0.26666666666666666
dp: 12 126.0 0.25
fafg: 12 127.0 0.3333333333333333
dp: 10 139.0 0.2
fafg: 10 139.0 0.4
dp: 19 144.0 4.157894736842105
fafg: 19 147.0 6.526315789473684
dp: 6 137.0 0.0
fafg: 6 137.0 0.0
dp: 8 133.0 0.125
fafg: 8 133.0 0.125
dp: 17 145.0 5.294117647058823
fafg: 17 145.0 5.294117647058823
dp: 15 136.0 2.066666666666667
fafg: 15 140.0 2.8666666666666667
dp: 7 134.0 0.0
fafg: 7 134.0 0.0
dp: 12 131.0 0.3333333333333333
fafg: 12 128.0 0.6666666666666666
dp: 14 131.0 1.5714285714285714
fafg: 14 131.0 1.5714285714285714
dp: 16 146.0 6.375
fafg: 16 146.0 6.375
dp: 14 127.0 0.6428571428571429
fafg: 14 127.0 0.6428571428571429
dp: 19 142.0 4.894736842105263
fafg: 19 142.0 4.894736842105263
dp: 14 141.0 0.5714285714285714
fafg: 14 143.0 1.8571428571428572
dp: 15 127.0 0.26666666666666666
fafg: 15 127.0 0.4
dp: 6 134.0 0.0
fafg: 6 134.0 0.0
dp: 11 129.0 0.0
fafg: 11 129.0 0.2727272727272727
dp: 9 129.0 0.0
fafg: 9 129.0 0.0
dp: 8 134.0 0.0
fafg: 8 134.0 0.0
dp: 15 133.0 0.8
fafg: 15 133.0 0.8
dp: 15 133.0 1.8666666666666667
fafg: 15 133.0 1.8666666666666667
dp: 6 138.0 0.0
fafg: 6 138.0 0.0
dp: 12 127.0 0.5
fafg: 12 128.0 0.6666666666666666
dp: 18 144.0 4.222222222222222
fafg: 18 144.0 4.222222222222222
dp: 8 134.0 0.125
fafg: 8 134.0 0.125
dp: 13 123.0 0.46153846153846156
fafg: 13 123.0 0.46153846153846156
dp: 11 124.0 0.18181818181818182
fafg: 11 124.0 0.18181818181818182
dp: 10 133.0 0.0
fafg: 10 133.0 0.0
dp: 11 126.0 0.0
fafg: 11 126.0 0.0
dp: 11 126.0 0.9090909090909091
fafg: 11 129.0 0.9090909090909091
dp: 9 128.0 0.0
fafg: 9 128.0 0.0
dp: 13 134.0 0.5384615384615384
fafg: 13 134.0 0.5384615384615384
dp: 17 134.0 0.23529411764705882
fafg: 17 134.0 0.23529411764705882
dp: 13 139.0 0.5384615384615384
fafg: 13 139.0 0.5384615384615384
dp: 8 132.0 0.0
fafg: 8 132.0 0.0
dp: 6 136.0 0.0
fafg: 6 136.0 0.0
dp: 11 129.0 1.0
fafg: 11 129.0 1.1818181818181819
dp: 8 135.0 0.0
fafg: 8 135.0 0.0
dp: 13 121.0 0.0
fafg: 13 121.0 0.0
dp: 19 148.0 7.894736842105263
fafg: 19 148.0 7.894736842105263
dp: 13 131.0 0.8461538461538461
fafg: 13 131.0 0.8461538461538461
dp: 16 134.0 2.9375
fafg: 16 134.0 2.9375
dp: 16 137.0 2.8125
fafg: 16 137.0 2.8125
dp: 11 137.0 0.0
fafg: 11 137.0 0.0
dp: 11 134.0 0.0
fafg: 11 134.0 0.0
dp: 11 142.0 0.7272727272727273
fafg: 11 142.0 0.7272727272727273
dp: 14 128.0 0.0
fafg: 14 128.0 0.0
dp: 13 128.0 0.46153846153846156
fafg: 13 128.0 0.46153846153846156
dp: 9 133.0 0.0
fafg: 9 133.0 0.0
dp: 11 121.0 0.0
fafg: 11 121.0 0.0
dp: 16 131.0 1.6875
fafg: 16 131.0 1.6875
dp: 13 129.0 0.23076923076923078
fafg: 13 129.0 0.23076923076923078
dp: 14 132.0 1.2142857142857142
fafg: 14 132.0 1.2142857142857142
dp: 17 142.0 1.8823529411764706
fafg: 17 145.0 1.8823529411764706
dp: 11 135.0 0.09090909090909091
fafg: 11 135.0 0.09090909090909091
dp: 14 136.0 2.5714285714285716
fafg: 14 136.0 2.5714285714285716
dp: 15 128.0 2.8666666666666667
fafg: 15 128.0 2.8666666666666667
dp: 10 134.0 0.0
fafg: 10 134.0 0.0
dp: 15 134.0 1.2
fafg: 15 134.0 1.2
dp: 11 130.0 0.0
fafg: 11 130.0 0.0
dp: 18 142.0 2.8333333333333335
fafg: 18 142.0 2.8333333333333335
dp: 9 128.0 0.0
fafg: 9 128.0 0.0
dp: 12 123.0 0.08333333333333333
fafg: 12 123.0 0.08333333333333333
dp: 15 149.0 3.8
fafg: 15 149.0 3.8
dp: 12 134.0 0.0
fafg: 12 134.0 0.0
dp: 16 139.0 1.4375
fafg: 16 139.0 1.4375
dp: 13 138.0 1.2307692307692308
fafg: 13 138.0 1.2307692307692308
dp: 13 119.0 0.3076923076923077
fafg: 13 119.0 0.3076923076923077
dp: 11 130.0 0.0
fafg: 11 130.0 0.0
dp: 14 124.0 1.5
fafg: 14 132.0 2.2857142857142856
dp: 19 143.0 2.3157894736842106
fafg: 19 144.0 2.4210526315789473
dp: 9 119.0 0.0
fafg: 9 119.0 0.0
dp: 13 123.0 0.46153846153846156
fafg: 13 123.0 0.46153846153846156
dp: 13 125.0 0.15384615384615385
fafg: 13 125.0 0.15384615384615385
dp: 11 129.0 0.0
fafg: 11 129.0 0.0
dp: 13 136.0 0.6923076923076923
fafg: 13 136.0 0.6923076923076923
dp: 10 135.0 2.4
fafg: 10 135.0 0.6
dp: 14 125.0 0.0
fafg: 14 125.0 0.0
dp: 16 132.0 0.0
fafg: 16 132.0 0.0
dp: 14 133.0 1.2857142857142858
fafg: 14 134.0 1.5714285714285714
dp: 14 125.0 0.0
fafg: 14 125.0 0.0
dp: 12 126.0 0.75
fafg: 12 126.0 0.75
dp: 13 130.0 0.3076923076923077
fafg: 13 132.0 0.46153846153846156
dp: 11 140.0 0.36363636363636365
fafg: 11 140.0 0.7272727272727273
dp: 8 117.0 0.0
fafg: 8 117.0 0.0
dp: 6 137.0 0.0
fafg: 6 137.0 0.0
dp: 15 124.0 0.13333333333333333
fafg: 15 124.0 0.13333333333333333
dp: 15 133.0 0.5333333333333333
fafg: 15 140.0 1.6666666666666667
dp: 11 134.0 0.0
fafg: 11 134.0 0.0
dp: 10 132.0 0.1
fafg: 10 132.0 0.1
dp: 14 127.0 1.7142857142857142
fafg: 14 127.0 1.7142857142857142
dp: 16 134.0 1.0
fafg: 16 134.0 1.0
dp: 13 138.0 0.46153846153846156
fafg: 13 138.0 0.46153846153846156
dp: 9 132.0 0.0
fafg: 9 132.0 0.0
dp: 15 124.0 0.0
fafg: 15 124.0 0.0
dp: 13 136.0 0.07692307692307693
fafg: 13 136.0 0.07692307692307693
dp: 15 122.0 0.06666666666666667
fafg: 15 122.0 0.06666666666666667
dp: 9 127.0 0.0
fafg: 9 127.0 0.0
dp: 16 147.0 4.125
fafg: 16 147.0 4.125
dp: 11 133.0 0.2727272727272727
fafg: 11 133.0 0.2727272727272727
dp: 14 127.0 1.4285714285714286
fafg: 14 127.0 1.4285714285714286
dp: 16 128.0 1.0
fafg: 16 128.0 1.0625
dp: 17 136.0 1.2941176470588236
fafg: 17 138.0 2.1176470588235294
dp: 14 135.0 1.7857142857142858
fafg: 14 135.0 1.7857142857142858
dp: 14 132.0 1.2142857142857142
fafg: 14 137.0 1.8571428571428572
dp: 8 133.0 0.0
fafg: 8 133.0 0.0
dp: 12 142.0 0.5
fafg: 12 143.0 0.6666666666666666
dp: 9 132.0 0.0
fafg: 9 132.0 0.0
dp: 6 140.0 0.0
fafg: 6 140.0 0.0
dp: 15 136.0 3.0
fafg: 15 136.0 3.0
dp: 15 138.0 1.8666666666666667
fafg: 15 138.0 1.8666666666666667
dp: 11 133.0 0.09090909090909091
fafg: 11 133.0 0.09090909090909091
dp: 16 138.0 1.5
fafg: 16 143.0 2.1875
dp: 17 133.0 0.47058823529411764
fafg: 17 133.0 0.47058823529411764
dp: 16 131.0 0.1875
fafg: 16 131.0 0.1875
dp: 11 125.0 0.0
fafg: 11 125.0 0.0
dp: 15 142.0 4.4
fafg: 15 142.0 5.0
dp: 14 142.0 0.2857142857142857
fafg: 14 142.0 0.2857142857142857
dp: 8 133.0 0.0
fafg: 8 133.0 0.0
dp: 11 136.0 0.36363636363636365
fafg: 11 136.0 0.36363636363636365
dp: 10 116.0 0.5
fafg: 10 116.0 0.5
dp: 11 139.0 0.18181818181818182
fafg: 11 139.0 0.45454545454545453
dp: 20 144.0 5.75
fafg: 20 147.0 5.35
dp: 14 138.0 2.0
fafg: 14 138.0 2.0
dp: 10 131.0 0.0
fafg: 10 131.0 0.0
dp: 11 124.0 0.0
fafg: 11 124.0 0.0
dp: 10 138.0 0.0
fafg: 10 138.0 0.0
dp: 11 129.0 0.18181818181818182
fafg: 11 130.0 0.2727272727272727
dp: 14 132.0 0.9285714285714286
fafg: 14 132.0 0.9285714285714286
dp: 12 136.0 2.6666666666666665
fafg: 12 136.0 2.6666666666666665
dp: 19 135.0 5.947368421052632
fafg: 19 135.0 5.947368421052632
dp: 18 146.0 3.4444444444444446
fafg: 18 146.0 3.5555555555555554
dp: 14 135.0 1.7142857142857142
fafg: 14 137.0 2.642857142857143
dp: 13 120.0 0.0
fafg: 13 120.0 0.0
dp: 9 134.0 0.0
fafg: 9 134.0 0.0
dp: 10 133.0 0.0
fafg: 10 133.0 0.0
dp: 12 125.0 1.0
fafg: 12 123.0 0.5833333333333334
dp: 16 138.0 1.125
fafg: 16 138.0 1.125
dp: 20 151.0 7.85
fafg: 20 152.0 7.95
dp: 13 120.0 0.0
fafg: 13 120.0 0.0
dp: 14 133.0 1.1428571428571428
fafg: 14 133.0 1.1428571428571428
dp: 11 128.0 0.09090909090909091
fafg: 11 128.0 0.09090909090909091
dp: 19 141.0 3.473684210526316
fafg: 19 141.0 4.315789473684211
dp: 13 137.0 3.6153846153846154
fafg: 13 137.0 3.5384615384615383
dp: 12 137.0 0.0
fafg: 12 137.0 0.0
dp: 9 132.0 0.0
fafg: 9 132.0 0.0
dp: 13 136.0 0.38461538461538464
fafg: 13 137.0 0.6923076923076923
dp: 15 137.0 0.26666666666666666
fafg: 15 137.0 0.26666666666666666
dp: 12 135.0 0.6666666666666666
fafg: 12 132.0 0.6666666666666666
dp: 5 118.0 0.0
fafg: 5 118.0 0.0
dp: 14 130.0 1.0714285714285714
fafg: 14 130.0 1.0714285714285714
dp: 6 138.0 0.0
fafg: 6 138.0 0.0
dp: 15 135.0 2.8666666666666667
fafg: 15 136.0 2.8
dp: 14 136.0 2.5
fafg: 14 136.0 2.5
dp: 11 134.0 0.0
fafg: 11 134.0 0.0
dp: 13 139.0 0.9230769230769231
fafg: 13 139.0 0.9230769230769231
dp: 11 130.0 0.0
fafg: 11 130.0 0.0
dp: 5 93.0 0.0
fafg: 5 93.0 0.0
dp: 14 139.0 1.7857142857142858
fafg: 14 138.0 1.8571428571428572
dp: 10 132.0 0.0
fafg: 10 132.0 0.0
dp: 11 138.0 0.09090909090909091
fafg: 11 138.0 0.09090909090909091
dp: 13 130.0 0.7692307692307693
fafg: 13 130.0 0.9230769230769231
dp: 14 130.0 0.07142857142857142
fafg: 14 130.0 0.07142857142857142
dp: 14 136.0 1.5714285714285714
fafg: 14 136.0 1.5714285714285714
dp: 11 137.0 0.7272727272727273
fafg: 11 137.0 0.7272727272727273
dp: 11 127.0 4.0
fafg: 11 127.0 4.0
dp: 6 136.0 0.0
fafg: 6 136.0 0.0
dp: 19 145.0 5.052631578947368
fafg: 19 145.0 5.052631578947368
dp: 12 128.0 0.0
fafg: 12 128.0 0.0
dp: 9 134.0 0.0
fafg: 9 134.0 0.0
dp: 11 140.0 0.0
fafg: 11 140.0 0.0
dp: 9 123.0 0.1111111111111111
fafg: 9 123.0 0.5555555555555556
dp: 17 143.0 3.0
fafg: 17 143.0 3.0
dp: 16 133.0 1.0
fafg: 16 133.0 1.0
dp: 14 134.0 1.5
fafg: 14 144.0 3.5
dp: 13 126.0 0.15384615384615385
fafg: 13 126.0 0.15384615384615385
dp: 12 134.0 0.0
fafg: 12 134.0 0.0
dp: 8 122.0 0.0
fafg: 8 122.0 0.0
dp: 15 127.0 0.0
fafg: 15 127.0 0.0
dp: 12 140.0 3.8333333333333335
fafg: 12 140.0 3.8333333333333335
dp: 10 134.0 0.0
fafg: 10 134.0 0.0
dp: 13 127.0 0.0
fafg: 13 127.0 0.0
dp: 11 124.0 0.18181818181818182
fafg: 11 138.0 1.6363636363636365
dp: 11 123.0 2.090909090909091
fafg: 11 121.0 1.1818181818181819
dp: 18 144.0 5.277777777777778
fafg: 18 144.0 5.277777777777778
dp: 11 132.0 0.0
fafg: 11 132.0 0.0
dp: 8 129.0 0.125
fafg: 8 129.0 0.125
dp: 14 135.0 0.8571428571428571
fafg: 14 132.0 0.7142857142857143
dp: 10 143.0 0.2
fafg: 10 143.0 0.5
dp: 8 129.0 0.0
fafg: 8 129.0 0.0
dp: 14 125.0 0.0
fafg: 14 125.0 0.0
dp: 9 127.0 0.0
fafg: 9 127.0 0.0
dp: 14 131.0 1.0
fafg: 14 135.0 1.2142857142857142
dp: 12 136.0 0.0
fafg: 12 136.0 0.0
dp: 12 131.0 0.08333333333333333
fafg: 12 131.0 0.08333333333333333
dp: 10 141.0 0.4
fafg: 10 141.0 0.4
dp: 11 131.0 0.0
fafg: 11 131.0 0.0
dp: 13 142.0 1.0769230769230769
fafg: 13 142.0 1.0
dp: 12 131.0 0.0
fafg: 12 131.0 0.0
dp: 8 133.0 0.0
fafg: 8 133.0 0.0
dp: 15 134.0 0.8
fafg: 15 134.0 1.2666666666666666
dp: 11 135.0 0.0
fafg: 11 135.0 0.0
dp: 13 130.0 1.1538461538461537
fafg: 13 130.0 0.23076923076923078
dp: 11 126.0 0.0
fafg: 11 126.0 0.0
dp: 12 133.0 0.0
fafg: 12 133.0 0.0
dp: 16 139.0 2.0
fafg: 16 139.0 2.0
dp: 15 136.0 2.066666666666667
fafg: 15 138.0 2.2
dp: 9 132.0 0.0
fafg: 9 132.0 0.0
dp: 18 136.0 2.0
fafg: 18 136.0 2.0
dp: 11 127.0 0.0
fafg: 11 127.0 0.0
dp: 23 146.0 5.434782608695652
fafg: 23 151.0 12.08695652173913
dp: 12 132.0 0.08333333333333333
fafg: 12 132.0 0.08333333333333333
dp: 12 136.0 0.08333333333333333
fafg: 12 136.0 0.08333333333333333
dp: 11 120.0 0.09090909090909091
fafg: 11 120.0 0.09090909090909091
dp: 9 131.0 0.0
fafg: 9 131.0 0.0
dp: 13 131.0 1.0769230769230769
fafg: 13 129.0 1.0
dp: 10 128.0 0.0
fafg: 10 128.0 0.0
dp: 16 133.0 0.0
fafg: 16 133.0 0.0
dp: 10 134.0 0.4
fafg: 10 134.0 0.4
dp: 15 136.0 0.7333333333333333
fafg: 15 136.0 0.8
dp: 19 141.0 4.157894736842105
fafg: 19 147.0 5.842105263157895
dp: 13 134.0 0.0
fafg: 13 134.0 0.0
dp: 7 129.0 0.0
fafg: 7 129.0 0.0
dp: 12 120.0 0.0
fafg: 12 120.0 0.0
dp: 16 133.0 0.5625
fafg: 16 133.0 0.5625
dp: 14 136.0 3.5714285714285716
fafg: 14 136.0 3.5714285714285716
dp: 15 132.0 1.3333333333333333
fafg: 15 132.0 1.3333333333333333
dp: 12 135.0 0.08333333333333333
fafg: 12 135.0 0.08333333333333333
dp: 10 133.0 0.2
fafg: 10 133.0 0.2
dp: 18 146.0 5.611111111111111
fafg: 18 146.0 5.611111111111111
dp: 16 140.0 2.0
fafg: 16 140.0 2.0
dp: 15 139.0 3.3333333333333335
fafg: 15 139.0 3.3333333333333335
dp: 14 129.0 0.0
fafg: 14 129.0 0.0
dp: 11 121.0 0.0
fafg: 11 121.0 0.0
dp: 13 131.0 0.07692307692307693
fafg: 13 131.0 0.07692307692307693
dp: 9 130.0 0.0
fafg: 9 130.0 0.0
dp: 13 137.0 0.9230769230769231
fafg: 13 137.0 0.9230769230769231
dp: 11 130.0 0.0
fafg: 11 130.0 0.0
dp: 16 128.0 0.0
fafg: 16 128.0 0.0
dp: 5 105.0 0.0
fafg: 5 105.0 0.0
dp: 16 146.0 4.375
fafg: 16 146.0 4.375
dp: 8 117.0 0.0
fafg: 8 117.0 0.0
dp: 11 119.0 0.6363636363636364
fafg: 11 119.0 0.6363636363636364
dp: 10 126.0 0.0
fafg: 10 126.0 0.0
dp: 17 139.0 2.1176470588235294
fafg: 17 139.0 2.235294117647059
dp: 14 127.0 0.35714285714285715
fafg: 14 127.0 0.35714285714285715
dp: 7 123.0 0.14285714285714285
fafg: 7 123.0 0.14285714285714285
dp: 10 133.0 0.0
fafg: 10 133.0 0.0
dp: 13 121.0 0.0
fafg: 13 121.0 0.0
dp: 12 131.0 0.4166666666666667
fafg: 12 131.0 0.4166666666666667
dp: 15 126.0 0.06666666666666667
fafg: 15 126.0 0.06666666666666667
dp: 12 138.0 0.6666666666666666
fafg: 12 138.0 1.0
dp: 8 130.0 2.375
fafg: 8 130.0 0.5
dp: 18 140.0 0.3888888888888889
fafg: 18 143.0 0.7222222222222222
dp: 14 129.0 0.2857142857142857
fafg: 14 129.0 0.2857142857142857
dp: 16 134.0 0.875
fafg: 16 134.0 0.875
dp: 13 134.0 0.0
fafg: 13 134.0 0.0
dp: 13 138.0 3.3076923076923075
fafg: 13 138.0 3.3076923076923075
dp: 11 130.0 0.0
fafg: 11 130.0 0.0
dp: 19 145.0 5.105263157894737
fafg: 19 145.0 5.105263157894737
dp: 13 137.0 3.1538461538461537
fafg: 13 137.0 3.1538461538461537
dp: 15 138.0 2.7333333333333334
fafg: 15 138.0 2.7333333333333334
dp: 14 127.0 0.0
fafg: 14 127.0 0.0
dp: 18 150.0 4.277777777777778
fafg: 18 150.0 4.277777777777778
dp: 6 133.0 0.0
fafg: 6 133.0 0.0
dp: 13 132.0 0.38461538461538464
fafg: 13 132.0 0.38461538461538464
dp: 23 148.0 4.478260869565218
fafg: 23 148.0 4.478260869565218
dp: 20 131.0 2.55
fafg: 20 131.0 2.55
dp: 10 139.0 0.0
fafg: 10 139.0 0.0
dp: 10 133.0 0.8
fafg: 10 133.0 0.8
dp: 16 125.0 1.5625
fafg: 16 125.0 1.5625
dp: 7 129.0 0.0
fafg: 7 129.0 0.0
dp: 12 131.0 0.8333333333333334
fafg: 12 131.0 0.8333333333333334
dp: 13 125.0 0.07692307692307693
fafg: 13 125.0 0.07692307692307693
dp: 10 136.0 0.3
fafg: 10 137.0 0.4
dp: 8 127.0 0.0
fafg: 8 127.0 0.0
dp: 10 136.0 0.0
fafg: 10 136.0 0.0
dp: 14 132.0 1.2857142857142858
fafg: 14 132.0 1.2857142857142858
dp: 9 134.0 0.1111111111111111
fafg: 9 134.0 0.1111111111111111
dp: 10 130.0 0.2
fafg: 10 130.0 0.2
dp: 10 125.0 0.0
fafg: 10 125.0 0.0
dp: 21 146.0 8.619047619047619
fafg: 21 146.0 8.619047619047619
dp: 16 135.0 0.0625
fafg: 16 135.0 0.0625
dp: 11 130.0 0.0
fafg: 11 130.0 0.0
dp: 12 133.0 0.16666666666666666
fafg: 12 133.0 0.25
dp: 7 133.0 0.0
fafg: 7 133.0 0.0
dp: 12 125.0 0.08333333333333333
fafg: 12 125.0 0.08333333333333333
dp: 11 125.0 0.0
fafg: 11 125.0 0.0
dp: 12 127.0 0.0
fafg: 12 127.0 0.0
dp: 7 124.0 0.0
fafg: 7 124.0 0.0
dp: 8 129.0 0.0
fafg: 8 129.0 0.0
dp: 15 125.0 0.8
fafg: 15 125.0 0.8
dp: 11 133.0 0.0
fafg: 11 133.0 0.0
dp: 12 134.0 0.0
fafg: 12 134.0 0.0
dp: 9 130.0 1.0
fafg: 9 130.0 2.111111111111111
dp: 14 133.0 5.071428571428571
fafg: 14 133.0 5.071428571428571
dp: 20 148.0 8.95
fafg: 20 147.0 5.95
dp: 14 119.0 0.0
fafg: 14 119.0 0.0
dp: 14 123.0 6.142857142857143
fafg: 14 123.0 6.142857142857143
dp: 19 137.0 3.210526315789474
fafg: 19 137.0 3.210526315789474
dp: 7 119.0 0.2857142857142857
fafg: 7 119.0 0.42857142857142855
dp: 14 133.0 0.7857142857142857
fafg: 14 133.0 0.8571428571428571
dp: 16 130.0 0.1875
fafg: 16 130.0 0.1875
dp: 13 116.0 0.0
fafg: 13 116.0 0.0
dp: 7 109.0 0.0
fafg: 7 109.0 0.0
dp: 17 142.0 3.5294117647058822
fafg: 17 145.0 2.9411764705882355
dp: 15 131.0 2.2
fafg: 15 131.0 2.2
dp: 10 135.0 0.0
fafg: 10 135.0 0.0
dp: 10 127.0 0.0
fafg: 10 127.0 0.0
dp: 12 124.0 0.6666666666666666
fafg: 12 124.0 0.6666666666666666
dp: 17 143.0 1.7058823529411764
fafg: 17 144.0 4.705882352941177
dp: 19 141.0 5.7368421052631575
fafg: 19 141.0 5.578947368421052
dp: 14 130.0 0.5
fafg: 14 130.0 0.5
dp: 10 130.0 0.7
fafg: 10 131.0 0.8
dp: 15 129.0 1.7333333333333334
fafg: 15 129.0 1.7333333333333334
dp: 11 125.0 0.2727272727272727
fafg: 11 125.0 0.45454545454545453
dp: 18 140.0 3.1666666666666665
fafg: 18 140.0 3.1666666666666665
dp: 14 136.0 2.0714285714285716
fafg: 14 136.0 2.0714285714285716
dp: 9 131.0 0.0
fafg: 9 131.0 0.0
dp: 12 124.0 1.1666666666666667
fafg: 12 124.0 1.1666666666666667
dp: 11 126.0 0.0
fafg: 11 126.0 0.0
dp: 14 135.0 0.6428571428571429
fafg: 14 135.0 0.6428571428571429
dp: 13 129.0 0.07692307692307693
fafg: 13 129.0 0.07692307692307693
dp: 9 140.0 0.0
fafg: 9 140.0 0.0
dp: 13 122.0 0.8461538461538461
fafg: 13 122.0 0.8461538461538461
dp: 12 123.0 0.0
fafg: 12 123.0 0.0
dp: 10 133.0 0.0
fafg: 10 133.0 0.0
dp: 17 134.0 0.5882352941176471
fafg: 17 134.0 0.5882352941176471
dp: 10 127.0 0.0
fafg: 10 127.0 0.0
dp: 10 139.0 0.4
fafg: 10 139.0 0.4
dp: 11 124.0 0.0
fafg: 11 124.0 0.0
dp: 18 145.0 9.61111111111111
fafg: 18 143.0 7.277777777777778
dp: 8 132.0 0.25
fafg: 8 132.0 0.25
dp: 12 130.0 0.0
fafg: 12 130.0 0.0
dp: 12 136.0 0.08333333333333333
fafg: 12 136.0 0.08333333333333333
dp: 11 129.0 0.0
fafg: 11 129.0 0.0
dp: 17 143.0 7.764705882352941
fafg: 17 143.0 7.764705882352941
dp: 14 128.0 0.0
fafg: 14 128.0 0.0
dp: 16 130.0 0.25
fafg: 16 130.0 0.25
dp: 9 128.0 0.0
fafg: 9 128.0 0.0
dp: 14 135.0 0.2857142857142857
fafg: 14 135.0 0.35714285714285715
dp: 11 132.0 0.0
fafg: 11 132.0 0.0
dp: 11 135.0 0.0
fafg: 11 135.0 0.0
dp: 8 122.0 0.125
fafg: 8 122.0 0.125
dp: 13 144.0 1.1538461538461537
fafg: 13 145.0 1.2307692307692308
dp: 12 135.0 0.0
fafg: 12 135.0 0.0
dp: 19 145.0 0.5789473684210527
fafg: 19 145.0 0.5789473684210527
dp: 22 138.0 2.590909090909091
fafg: 22 138.0 2.590909090909091
dp: 15 132.0 2.533333333333333
fafg: 15 132.0 2.533333333333333
dp: 16 134.0 0.3125
fafg: 16 140.0 1.0
dp: 9 117.0 0.0
fafg: 9 117.0 0.0
dp: 16 123.0 3.8125
fafg: 16 123.0 3.8125
dp: 22 148.0 9.590909090909092
fafg: 22 148.0 9.590909090909092
dp: 15 132.0 2.1333333333333333
fafg: 15 132.0 2.1333333333333333
dp: 13 136.0 1.4615384615384615
fafg: 13 136.0 1.4615384615384615
dp: 20 139.0 3.7
fafg: 20 139.0 3.7
dp: 8 130.0 0.0
fafg: 8 130.0 0.0
dp: 18 146.0 4.666666666666667
fafg: 18 146.0 4.666666666666667
dp: 14 126.0 0.21428571428571427
fafg: 14 126.0 0.2857142857142857
dp: 11 139.0 1.3636363636363635
fafg: 11 140.0 1.3636363636363635
dp: 12 138.0 1.1666666666666667
fafg: 12 137.0 0.8333333333333334
dp: 14 139.0 2.357142857142857
fafg: 14 132.0 1.7142857142857142
dp: 10 125.0 0.0
fafg: 10 125.0 0.0
dp: 17 137.0 1.8823529411764706
fafg: 17 138.0 1.588235294117647
dp: 6 123.0 0.0
fafg: 6 123.0 0.0
dp: 18 147.0 3.9444444444444446
fafg: 18 147.0 3.9444444444444446
dp: 12 121.0 0.16666666666666666
fafg: 12 119.0 0.16666666666666666
dp: 12 127.0 0.0
fafg: 12 127.0 0.0
dp: 20 139.0 0.5
fafg: 20 139.0 0.5
dp: 13 137.0 1.2307692307692308
fafg: 13 134.0 1.7692307692307692
dp: 12 128.0 1.6666666666666667
fafg: 12 128.0 1.6666666666666667
dp: 12 132.0 0.16666666666666666
fafg: 12 132.0 0.16666666666666666
dp: 14 137.0 1.0
fafg: 14 130.0 0.7142857142857143
dp: 9 129.0 0.0
fafg: 9 129.0 0.0
dp: 9 132.0 0.0
fafg: 9 132.0 0.0
dp: 12 131.0 0.0
fafg: 12 131.0 0.0
dp: 14 115.0 0.6428571428571429
fafg: 14 115.0 0.6428571428571429
dp: 11 132.0 0.2727272727272727
fafg: 11 132.0 0.2727272727272727
dp: 14 129.0 0.35714285714285715
fafg: 14 129.0 0.6428571428571429
dp: 19 130.0 1.0
fafg: 19 130.0 1.0
dp: 11 123.0 0.0
fafg: 11 123.0 0.0
dp: 13 136.0 0.5384615384615384
fafg: 13 136.0 0.5384615384615384
dp: 12 129.0 0.3333333333333333
fafg: 12 126.0 0.5833333333333334
dp: 15 135.0 3.2
fafg: 15 135.0 3.2
dp: 16 129.0 0.6875
fafg: 16 134.0 1.4375
dp: 11 137.0 0.0
fafg: 11 137.0 0.0
dp: 12 132.0 0.0
fafg: 12 132.0 0.0
dp: 10 134.0 0.0
fafg: 10 134.0 0.0
dp: 7 130.0 0.0
fafg: 7 130.0 0.0
dp: 14 123.0 0.0
fafg: 14 123.0 0.0
dp: 12 131.0 0.25
fafg: 12 132.0 0.3333333333333333
dp: 12 125.0 0.16666666666666666
fafg: 12 125.0 0.25
dp: 16 135.0 0.625
fafg: 16 135.0 0.75
dp: 10 125.0 0.0
fafg: 10 125.0 0.0
dp: 12 136.0 0.08333333333333333
fafg: 12 136.0 0.08333333333333333
dp: 14 120.0 0.0
fafg: 14 120.0 0.0
dp: 13 139.0 0.5384615384615384
fafg: 13 137.0 0.9230769230769231
dp: 17 152.0 12.588235294117647
fafg: 17 152.0 12.588235294117647
dp: 14 120.0 0.0
fafg: 14 120.0 0.0
dp: 11 131.0 0.09090909090909091
fafg: 11 131.0 0.09090909090909091
dp: 18 148.0 4.166666666666667
fafg: 18 148.0 4.222222222222222
dp: 12 126.0 0.08333333333333333
fafg: 12 126.0 0.08333333333333333
dp: 13 132.0 1.3076923076923077
fafg: 13 135.0 1.3846153846153846
dp: 11 129.0 0.0
fafg: 11 129.0 0.0
dp: 14 130.0 1.0
fafg: 14 132.0 1.2857142857142858
dp: 14 127.0 0.0
fafg: 14 127.0 0.0
dp: 14 125.0 0.5
fafg: 14 125.0 0.7142857142857143
dp: 9 136.0 0.0
fafg: 9 136.0 0.0
dp: 20 142.0 6.75
fafg: 20 142.0 6.75
dp: 11 134.0 0.09090909090909091
fafg: 11 134.0 0.09090909090909091
dp: 12 136.0 0.3333333333333333
fafg: 12 136.0 0.3333333333333333
dp: 12 122.0 0.5
fafg: 12 122.0 0.5
dp: 11 127.0 0.09090909090909091
fafg: 11 127.0 0.09090909090909091
dp: 8 130.0 0.0
fafg: 8 130.0 0.0
dp: 10 138.0 0.0
fafg: 10 138.0 0.0
dp: 15 137.0 0.0
fafg: 15 137.0 0.0
dp: 16 133.0 1.4375
fafg: 16 137.0 1.5625
dp: 10 133.0 0.0
fafg: 10 133.0 0.0
dp: 6 138.0 0.0
fafg: 6 138.0 0.0
dp: 9 131.0 0.0
fafg: 9 131.0 0.0
dp: 10 135.0 0.0
fafg: 10 135.0 0.0
dp: 6 137.0 0.0
fafg: 6 137.0 0.0
dp: 11 129.0 0.0
fafg: 11 129.0 0.0
dp: 12 123.0 0.0
fafg: 12 123.0 0.0
dp: 11 131.0 0.0
fafg: 11 131.0 0.0
dp: 12 125.0 2.75
fafg: 12 125.0 2.75
dp: 7 113.0 0.0
fafg: 7 113.0 0.0
dp: 16 141.0 2.375
fafg: 16 141.0 2.375
dp: 15 136.0 0.9333333333333333
fafg: 15 136.0 0.9333333333333333
dp: 14 128.0 0.8571428571428571
fafg: 14 128.0 0.8571428571428571
dp: 14 133.0 0.07142857142857142
fafg: 14 133.0 0.07142857142857142
dp: 13 128.0 0.0
fafg: 13 128.0 0.0
dp: 11 130.0 0.2727272727272727
fafg: 11 137.0 0.36363636363636365
dp: 15 121.0 0.0
fafg: 15 121.0 0.0
dp: 11 127.0 0.0
fafg: 11 127.0 0.0
dp: 12 129.0 0.4166666666666667
fafg: 12 129.0 0.4166666666666667
dp: 14 124.0 0.5
fafg: 14 130.0 1.4285714285714286
dp: 15 137.0 3.4
fafg: 15 137.0 3.4
dp: 10 133.0 0.0
fafg: 10 133.0 0.0
dp: 13 118.0 0.0
fafg: 13 118.0 0.0
dp: 11 129.0 0.8181818181818182
fafg: 11 129.0 0.09090909090909091
dp: 13 127.0 0.46153846153846156
fafg: 13 127.0 0.46153846153846156
dp: 12 132.0 0.8333333333333334
fafg: 12 132.0 0.3333333333333333
dp: 11 131.0 0.0
fafg: 11 131.0 0.0
dp: 7 130.0 0.0
fafg: 7 130.0 0.0
dp: 15 130.0 1.8666666666666667
fafg: 15 130.0 1.8666666666666667
dp: 14 135.0 0.0
fafg: 14 135.0 0.0
dp: 10 131.0 0.3
fafg: 10 131.0 0.3
dp: 22 148.0 4.909090909090909
fafg: 22 148.0 4.909090909090909
dp: 12 138.0 0.75
fafg: 12 138.0 0.75
dp: 14 139.0 3.0
fafg: 14 139.0 3.0
dp: 13 144.0 0.9230769230769231
fafg: 13 145.0 1.1538461538461537
dp: 9 131.0 0.0
fafg: 9 131.0 0.0
dp: 17 135.0 3.411764705882353
fafg: 17 135.0 3.411764705882353
dp: 9 127.0 0.0
fafg: 9 127.0 0.0
dp: 12 126.0 0.0
fafg: 12 126.0 0.0
dp: 12 127.0 0.0
fafg: 12 127.0 0.0
dp: 15 130.0 2.1333333333333333
fafg: 15 130.0 2.2666666666666666
dp: 14 122.0 0.7142857142857143
fafg: 14 122.0 0.7142857142857143
dp: 13 130.0 0.23076923076923078
fafg: 13 135.0 0.6923076923076923
dp: 11 138.0 0.7272727272727273
fafg: 11 139.0 0.9090909090909091
dp: 13 114.0 0.0
fafg: 13 114.0 0.0
dp: 7 131.0 0.0
fafg: 7 131.0 0.0
dp: 17 135.0 1.1764705882352942
fafg: 17 135.0 1.1764705882352942
dp: 11 134.0 0.09090909090909091
fafg: 11 134.0 0.09090909090909091
dp: 10 131.0 0.5
fafg: 10 131.0 0.5
dp: 9 135.0 0.1111111111111111
fafg: 9 135.0 0.1111111111111111
dp: 10 124.0 0.4
fafg: 10 124.0 0.4
dp: 13 132.0 1.0769230769230769
fafg: 13 132.0 1.0769230769230769
dp: 12 134.0 0.9166666666666666
fafg: 12 134.0 0.9166666666666666
dp: 13 132.0 0.0
fafg: 13 132.0 0.0
dp: 10 134.0 0.0
fafg: 10 134.0 0.0
dp: 11 123.0 0.0
fafg: 11 123.0 0.0
dp: 10 132.0 0.0
fafg: 10 132.0 0.0
dp: 14 134.0 2.142857142857143
fafg: 14 134.0 2.142857142857143
dp: 9 127.0 0.0
fafg: 9 127.0 0.0
dp: 11 136.0 0.0
fafg: 11 136.0 0.0
dp: 11 115.0 2.727272727272727
fafg: 11 115.0 2.727272727272727
dp: 14 130.0 1.9285714285714286
fafg: 14 130.0 1.9285714285714286
dp: 7 139.0 0.0
fafg: 7 139.0 0.0
dp: 11 132.0 0.7272727272727273
fafg: 11 132.0 0.7272727272727273
dp: 12 135.0 0.9166666666666666
fafg: 12 137.0 1.1666666666666667
dp: 8 118.0 0.0
fafg: 8 118.0 0.0
dp: 15 126.0 0.0
fafg: 15 126.0 0.0
dp: 11 128.0 1.7272727272727273
fafg: 11 128.0 1.7272727272727273
dp: 12 130.0 0.0
fafg: 12 130.0 0.0
dp: 12 129.0 0.0
fafg: 12 129.0 0.0
dp: 6 136.0 0.0
fafg: 6 136.0 0.0
dp: 13 130.0 0.0
fafg: 13 130.0 0.0
dp: 13 119.0 0.3076923076923077
fafg: 13 119.0 0.3076923076923077
dp: 12 115.0 0.08333333333333333
fafg: 12 115.0 0.08333333333333333
dp: 13 135.0 0.46153846153846156
fafg: 13 137.0 0.7692307692307693
dp: 13 130.0 0.0
fafg: 13 130.0 0.0
dp: 8 112.0 0.125
fafg: 8 112.0 0.125
dp: 15 128.0 0.0
fafg: 15 128.0 0.0
dp: 17 145.0 2.176470588235294
fafg: 17 143.0 6.352941176470588
dp: 5 131.0 0.0
fafg: 5 131.0 0.0
dp: 14 115.0 0.9285714285714286
fafg: 14 115.0 0.6428571428571429
dp: 10 128.0 0.0
fafg: 10 128.0 0.0
dp: 15 141.0 6.533333333333333
fafg: 15 141.0 6.533333333333333
dp: 13 128.0 0.6923076923076923
fafg: 13 128.0 0.6923076923076923
dp: 9 118.0 0.0
fafg: 9 118.0 0.0
dp: 7 107.0 0.0
fafg: 7 107.0 0.0
dp: 7 115.0 0.0
fafg: 7 115.0 0.0
dp: 13 137.0 0.46153846153846156
fafg: 13 134.0 0.9230769230769231
dp: 14 130.0 0.7857142857142857
fafg: 14 130.0 0.7857142857142857
dp: 13 125.0 0.07692307692307693
fafg: 13 127.0 0.23076923076923078
dp: 11 138.0 0.09090909090909091
fafg: 11 138.0 0.09090909090909091
dp: 11 126.0 0.09090909090909091
fafg: 11 126.0 0.09090909090909091
dp: 11 133.0 0.0
fafg: 11 133.0 0.0
dp: 14 134.0 1.8571428571428572
fafg: 14 133.0 1.7142857142857142
dp: 14 136.0 1.2857142857142858
fafg: 14 139.0 1.2857142857142858
dp: 17 135.0 1.3529411764705883
fafg: 17 135.0 1.3529411764705883
dp: 9 126.0 0.0
fafg: 9 126.0 0.0
dp: 13 126.0 0.0
fafg: 13 126.0 0.0
dp: 18 138.0 5.833333333333333
fafg: 18 138.0 5.833333333333333
dp: 11 124.0 0.0
fafg: 11 124.0 0.0
dp: 14 136.0 0.6428571428571429
fafg: 14 140.0 1.1428571428571428
dp: 14 129.0 0.2857142857142857
fafg: 14 130.0 0.35714285714285715
dp: 15 131.0 0.3333333333333333
fafg: 15 131.0 0.3333333333333333
dp: 16 140.0 2.3125
fafg: 16 145.0 3.0625
dp: 14 132.0 4.571428571428571
fafg: 14 132.0 4.571428571428571
dp: 18 148.0 4.611111111111111
fafg: 18 148.0 4.611111111111111
dp: 7 129.0 0.0
fafg: 7 129.0 0.0
dp: 16 128.0 3.3125
fafg: 16 127.0 2.625
dp: 10 122.0 0.0
fafg: 10 122.0 0.0
dp: 10 134.0 0.0
fafg: 10 134.0 0.0
dp: 10 134.0 0.0
fafg: 10 134.0 0.0
dp: 5 108.0 0.0
fafg: 5 108.0 0.0
dp: 12 146.0 1.5833333333333333
fafg: 12 146.0 1.75
dp: 7 133.0 0.0
fafg: 7 133.0 0.0
dp: 16 133.0 1.0
fafg: 16 133.0 1.0
dp: 13 128.0 0.5384615384615384
fafg: 13 128.0 0.5384615384615384
dp: 14 132.0 1.4285714285714286
fafg: 14 132.0 1.5
dp: 9 126.0 0.0
fafg: 9 126.0 0.0
dp: 15 129.0 5.666666666666667
fafg: 15 129.0 5.666666666666667
dp: 13 142.0 0.3076923076923077
fafg: 13 142.0 0.3076923076923077
dp: 9 125.0 0.0
fafg: 9 125.0 0.0
dp: 6 117.0 0.0
fafg: 6 117.0 0.0
dp: 16 132.0 0.0625
fafg: 16 133.0 0.125
dp: 15 139.0 2.4
fafg: 15 139.0 2.4
dp: 19 140.0 4.105263157894737
fafg: 19 141.0 5.631578947368421
dp: 13 136.0 1.3076923076923077
fafg: 13 136.0 1.4615384615384615
dp: 12 135.0 1.1666666666666667
fafg: 12 136.0 1.5
dp: 14 132.0 1.4285714285714286
fafg: 14 132.0 1.4285714285714286
dp: 11 126.0 0.09090909090909091
fafg: 11 126.0 0.09090909090909091
dp: 13 123.0 0.15384615384615385
fafg: 13 130.0 1.0769230769230769
dp: 12 129.0 0.0
fafg: 12 129.0 0.0
dp: 9 120.0 0.1111111111111111
fafg: 9 120.0 0.1111111111111111
dp: 10 129.0 0.1
fafg: 10 129.0 0.1
dp: 9 133.0 0.0
fafg: 9 133.0 0.0
dp: 8 122.0 0.25
fafg: 8 122.0 0.25
dp: 15 135.0 0.5333333333333333
fafg: 15 135.0 0.5333333333333333
dp: 11 127.0 0.0
fafg: 11 127.0 0.0
dp: 7 134.0 0.0
fafg: 7 134.0 0.0
dp: 12 131.0 0.5833333333333334
fafg: 12 131.0 0.5833333333333334
dp: 8 134.0 0.0
fafg: 8 134.0 0.0
dp: 10 125.0 0.2
fafg: 10 125.0 0.2
dp: 8 129.0 0.0
fafg: 8 129.0 0.0
dp: 16 129.0 1.25
fafg: 16 129.0 1.25
dp: 11 136.0 0.2727272727272727
fafg: 11 136.0 0.2727272727272727
dp: 12 134.0 1.0
fafg: 12 139.0 2.4166666666666665
dp: 14 134.0 0.21428571428571427
fafg: 14 134.0 0.21428571428571427
dp: 8 134.0 0.0
fafg: 8 134.0 0.0
dp: 8 124.0 0.0
fafg: 8 124.0 0.0
dp: 18 135.0 5.555555555555555
fafg: 18 135.0 5.555555555555555
dp: 16 137.0 1.625
fafg: 16 137.0 1.75
dp: 7 129.0 0.0
fafg: 7 129.0 0.0
dp: 14 116.0 0.8571428571428571
fafg: 14 116.0 0.8571428571428571
dp: 14 125.0 0.5714285714285714
fafg: 14 123.0 0.9285714285714286
dp: 10 133.0 0.0
fafg: 10 133.0 0.0
dp: 17 140.0 1.3529411764705883
fafg: 17 140.0 1.3529411764705883
dp: 10 138.0 0.0
fafg: 10 138.0 0.0
dp: 11 126.0 0.0
fafg: 11 126.0 0.0
dp: 13 120.0 0.38461538461538464
fafg: 13 120.0 0.38461538461538464
dp: 12 144.0 6.0
fafg: 12 144.0 6.0
dp: 15 125.0 6.533333333333333
fafg: 15 125.0 6.533333333333333
dp: 16 137.0 5.1875
fafg: 16 137.0 5.1875
dp: 9 126.0 0.0
fafg: 9 126.0 0.0
dp: 8 128.0 0.0
fafg: 8 128.0 0.0
dp: 13 134.0 0.9230769230769231
fafg: 13 137.0 1.0
dp: 20 136.0 2.35
fafg: 20 136.0 2.55
dp: 6 139.0 0.0
fafg: 6 139.0 0.0
dp: 15 140.0 3.0
fafg: 15 140.0 3.066666666666667
dp: 9 126.0 0.0
fafg: 9 126.0 0.0
dp: 18 132.0 1.9444444444444444
fafg: 18 132.0 1.9444444444444444
dp: 8 133.0 0.0
fafg: 8 133.0 0.0
dp: 17 134.0 2.176470588235294
fafg: 17 134.0 2.176470588235294
dp: 11 141.0 0.36363636363636365
fafg: 11 141.0 0.36363636363636365
dp: 7 119.0 0.0
fafg: 7 119.0 0.0
dp: 17 136.0 2.9411764705882355
fafg: 17 136.0 2.9411764705882355
dp: 12 130.0 0.0
fafg: 12 130.0 0.0
dp: 12 132.0 0.0
fafg: 12 132.0 0.0
dp: 15 125.0 0.26666666666666666
fafg: 15 125.0 0.26666666666666666
dp: 10 114.0 0.0
fafg: 10 114.0 0.0
dp: 9 122.0 0.0
fafg: 9 122.0 0.0
dp: 6 119.0 0.0
fafg: 6 119.0 0.0
dp: 13 129.0 1.3076923076923077
fafg: 13 129.0 1.3076923076923077
dp: 12 123.0 0.0
fafg: 12 123.0 0.0
dp: 19 145.0 2.6842105263157894
fafg: 19 145.0 2.789473684210526
dp: 7 133.0 0.0
fafg: 7 133.0 0.0
dp: 10 131.0 0.1
fafg: 10 131.0 0.1
dp: 12 124.0 0.08333333333333333
fafg: 12 124.0 0.08333333333333333
dp: 11 127.0 0.09090909090909091
fafg: 11 127.0 0.09090909090909091
dp: 17 138.0 2.764705882352941
fafg: 17 137.0 2.0
dp: 15 140.0 2.0
fafg: 15 142.0 2.066666666666667
dp: 13 116.0 0.15384615384615385
fafg: 13 116.0 0.15384615384615385
dp: 13 132.0 1.3846153846153846
fafg: 13 129.0 1.1538461538461537
dp: 10 131.0 0.0
fafg: 10 131.0 0.0
dp: 13 139.0 4.923076923076923
fafg: 13 139.0 4.923076923076923
dp: 12 119.0 0.0
fafg: 12 119.0 0.0
dp: 13 132.0 0.9230769230769231
fafg: 13 132.0 1.0
dp: 11 128.0 0.0
fafg: 11 128.0 0.0
dp: 12 132.0 0.75
fafg: 12 131.0 0.8333333333333334
dp: 11 121.0 0.2727272727272727
fafg: 11 121.0 0.36363636363636365
dp: 12 142.0 0.9166666666666666
fafg: 12 143.0 1.0833333333333333
dp: 14 142.0 1.5714285714285714
fafg: 14 142.0 1.5714285714285714
dp: 9 121.0 0.1111111111111111
fafg: 9 121.0 0.1111111111111111
dp: 15 129.0 0.6
fafg: 15 129.0 0.6
dp: 11 125.0 2.3636363636363638
fafg: 11 125.0 2.3636363636363638
dp: 11 136.0 0.0
fafg: 11 136.0 0.0
dp: 8 126.0 0.0
fafg: 8 126.0 0.0
dp: 8 131.0 0.0
fafg: 8 131.0 0.0
dp: 10 136.0 0.0
fafg: 10 136.0 0.0
dp: 16 137.0 5.5625
fafg: 16 137.0 5.5
dp: 11 123.0 0.0
fafg: 11 123.0 0.0
dp: 8 130.0 0.0
fafg: 8 130.0 0.0
dp: 14 128.0 1.4285714285714286
fafg: 14 129.0 1.9285714285714286
dp: 13 124.0 0.0
fafg: 13 124.0 0.0
dp: 8 123.0 0.0
fafg: 8 123.0 0.0
dp: 12 133.0 0.0
fafg: 12 133.0 0.0
dp: 14 118.0 0.14285714285714285
fafg: 14 125.0 1.2142857142857142
dp: 16 132.0 0.3125
fafg: 16 132.0 0.3125
dp: 15 128.0 0.6
fafg: 15 128.0 0.6
dp: 9 135.0 0.0
fafg: 9 135.0 0.0
dp: 10 135.0 0.2
fafg: 10 135.0 0.4
dp: 14 132.0 1.0714285714285714
fafg: 14 134.0 1.1428571428571428
dp: 9 134.0 0.0
fafg: 9 134.0 0.0
dp: 12 132.0 0.16666666666666666
fafg: 12 132.0 0.8333333333333334
dp: 10 130.0 0.0
fafg: 10 130.0 0.0
dp: 7 138.0 0.2857142857142857
fafg: 7 138.0 0.2857142857142857
dp: 11 125.0 0.6363636363636364
fafg: 11 125.0 0.6363636363636364
dp: 11 123.0 0.0
fafg: 11 123.0 0.0
dp: 12 132.0 0.0
fafg: 12 132.0 0.0
dp: 15 131.0 1.6666666666666667
fafg: 15 136.0 2.6666666666666665
dp: 17 143.0 4.411764705882353
fafg: 17 143.0 4.529411764705882
dp: 16 134.0 1.5625
fafg: 16 134.0 1.5625
dp: 18 137.0 0.1111111111111111
fafg: 18 137.0 0.1111111111111111
dp: 19 146.0 3.789473684210526
fafg: 19 148.0 5.315789473684211
dp: 10 134.0 0.0
fafg: 10 134.0 0.0
dp: 14 125.0 0.5
fafg: 14 125.0 0.5
dp: 19 150.0 7.473684210526316
fafg: 19 150.0 7.578947368421052
dp: 15 125.0 0.06666666666666667
fafg: 15 125.0 0.06666666666666667
dp: 16 132.0 0.4375
fafg: 16 132.0 0.4375
dp: 13 116.0 0.07692307692307693
fafg: 13 116.0 0.07692307692307693
dp: 17 150.0 4.352941176470588
fafg: 17 151.0 4.470588235294118
dp: 16 130.0 0.375
fafg: 16 130.0 0.375
dp: 13 128.0 0.0
fafg: 13 128.0 0.0
dp: 13 128.0 0.5384615384615384
fafg: 13 128.0 0.5384615384615384
dp: 20 137.0 4.4
fafg: 20 137.0 4.4
dp: 13 128.0 0.07692307692307693
fafg: 13 128.0 0.07692307692307693
dp: 15 127.0 0.8666666666666667
fafg: 15 125.0 1.1333333333333333
dp: 10 126.0 0.0
fafg: 10 126.0 0.0
dp: 12 116.0 0.08333333333333333
fafg: 12 116.0 0.08333333333333333
dp: 11 141.0 0.45454545454545453
fafg: 11 141.0 0.45454545454545453
dp: 11 118.0 1.0
fafg: 11 118.0 1.2727272727272727
dp: 15 138.0 3.466666666666667
fafg: 15 138.0 3.466666666666667
dp: 11 126.0 0.0
fafg: 11 126.0 0.0
dp: 17 130.0 0.17647058823529413
fafg: 17 130.0 0.058823529411764705
dp: 10 133.0 0.0
fafg: 10 133.0 0.0
dp: 10 134.0 0.0
fafg: 10 134.0 0.0
dp: 11 135.0 0.18181818181818182
fafg: 11 135.0 0.18181818181818182
dp: 8 131.0 0.0
fafg: 8 131.0 0.0
dp: 14 132.0 0.8571428571428571
fafg: 14 137.0 2.142857142857143
dp: 14 122.0 0.2857142857142857
fafg: 14 122.0 0.2857142857142857
dp: 14 123.0 0.0
fafg: 14 123.0 0.0
dp: 9 124.0 1.8888888888888888
fafg: 9 124.0 1.8888888888888888
dp: 4 119.0 0.0
fafg: 4 119.0 0.0
dp: 8 131.0 0.125
fafg: 8 131.0 0.125
dp: 19 143.0 2.5789473684210527
fafg: 19 143.0 2.5789473684210527
dp: 14 132.0 1.0
fafg: 14 132.0 1.0
dp: 9 130.0 0.0
fafg: 9 130.0 0.0
dp: 9 132.0 0.0
fafg: 9 132.0 0.0
dp: 10 129.0 0.0
fafg: 10 129.0 0.0
dp: 13 132.0 0.6923076923076923
fafg: 13 132.0 1.0
dp: 7 127.0 0.0
fafg: 7 127.0 0.0
dp: 7 131.0 0.0
fafg: 7 131.0 0.0
dp: 24 142.0 3.2083333333333335
fafg: 24 142.0 3.2083333333333335
dp: 17 128.0 1.0588235294117647
fafg: 17 128.0 1.0588235294117647
dp: 10 128.0 0.4
fafg: 10 128.0 0.4
dp: 9 132.0 0.0
fafg: 9 132.0 0.0
dp: 17 142.0 3.6470588235294117
fafg: 17 142.0 3.6470588235294117
dp: 9 130.0 0.0
fafg: 9 130.0 0.0
dp: 11 133.0 0.0
fafg: 11 133.0 0.0
dp: 8 130.0 0.0
fafg: 8 130.0 0.0
dp: 13 126.0 0.0
fafg: 13 126.0 0.0
dp: 13 139.0 1.1538461538461537
fafg: 13 136.0 0.6153846153846154
dp: 10 136.0 0.0
fafg: 10 136.0 0.0
dp: 11 132.0 0.45454545454545453
fafg: 11 132.0 0.45454545454545453
dp: 7 131.0 0.0
fafg: 7 131.0 0.0
dp: 14 146.0 3.2142857142857144
fafg: 14 146.0 3.2142857142857144
dp: 15 139.0 0.6
fafg: 15 139.0 0.6
dp: 11 133.0 0.0
fafg: 11 133.0 0.0
dp: 10 139.0 0.0
fafg: 10 139.0 0.0
dp: 14 127.0 0.07142857142857142
fafg: 14 127.0 0.07142857142857142
dp: 12 133.0 0.5
fafg: 12 133.0 0.5
dp: 14 139.0 3.357142857142857
fafg: 14 139.0 3.357142857142857
dp: 21 138.0 2.3333333333333335
fafg: 21 138.0 2.3333333333333335
dp: 10 132.0 0.0
fafg: 10 132.0 0.0
dp: 6 135.0 0.0
fafg: 6 135.0 0.0
dp: 17 140.0 3.823529411764706
fafg: 17 140.0 3.823529411764706
dp: 13 130.0 0.3076923076923077
fafg: 13 130.0 0.7692307692307693
dp: 11 137.0 0.45454545454545453
fafg: 11 137.0 0.45454545454545453
dp: 11 136.0 0.18181818181818182
fafg: 11 136.0 0.18181818181818182
dp: 11 121.0 0.18181818181818182
fafg: 11 121.0 0.18181818181818182
dp: 7 134.0 0.0
fafg: 7 134.0 0.0
dp: 10 140.0 0.1
fafg: 10 140.0 0.1
dp: 14 137.0 4.0
fafg: 14 137.0 4.0
dp: 8 129.0 0.0
fafg: 8 129.0 0.0
dp: 14 127.0 0.14285714285714285
fafg: 14 127.0 0.14285714285714285
dp: 13 123.0 0.0
fafg: 13 123.0 0.0
dp: 9 124.0 0.0
fafg: 9 124.0 0.0
dp: 14 140.0 2.2857142857142856
fafg: 14 140.0 2.2857142857142856
dp: 13 132.0 1.4615384615384615
fafg: 13 132.0 1.4615384615384615
dp: 14 126.0 0.07142857142857142
fafg: 14 126.0 0.14285714285714285
dp: 12 130.0 0.0
fafg: 12 130.0 0.0
dp: 13 137.0 1.2307692307692308
fafg: 13 137.0 1.2307692307692308
dp: 13 122.0 0.0
fafg: 13 122.0 0.0
dp: 14 130.0 2.7857142857142856
fafg: 14 130.0 2.857142857142857
dp: 15 127.0 0.2
fafg: 15 125.0 0.2
dp: 10 139.0 0.1
fafg: 10 139.0 0.1
dp: 6 134.0 0.3333333333333333
fafg: 6 134.0 0.6666666666666666
dp: 11 122.0 0.36363636363636365
fafg: 11 122.0 0.36363636363636365
dp: 8 133.0 0.0
fafg: 8 133.0 0.0
dp: 14 122.0 0.14285714285714285
fafg: 14 122.0 0.5
dp: 16 141.0 1.625
fafg: 16 141.0 1.625
dp: 13 137.0 1.1538461538461537
fafg: 13 137.0 1.1538461538461537
dp: 8 133.0 0.0
fafg: 8 133.0 0.0
dp: 13 125.0 0.0
fafg: 13 125.0 0.0
dp: 17 138.0 0.4117647058823529
fafg: 17 138.0 0.4117647058823529
dp: 20 138.0 1.9
fafg: 20 138.0 1.9
dp: 11 125.0 0.2727272727272727
fafg: 11 126.0 0.36363636363636365
dp: 11 130.0 0.45454545454545453
fafg: 11 130.0 0.45454545454545453
dp: 18 142.0 2.5555555555555554
fafg: 18 142.0 2.5555555555555554
dp: 8 126.0 0.0
fafg: 8 126.0 0.0
dp: 10 125.0 0.0
fafg: 10 125.0 0.0
dp: 11 118.0 2.8181818181818183
fafg: 11 119.0 1.4545454545454546
dp: 5 110.0 0.0
fafg: 5 110.0 0.0
dp: 12 122.0 0.08333333333333333
fafg: 12 122.0 0.08333333333333333
dp: 11 128.0 0.2727272727272727
fafg: 11 128.0 0.36363636363636365
dp: 9 131.0 0.0
fafg: 9 131.0 0.0
dp: 13 135.0 1.3076923076923077
fafg: 13 135.0 1.3076923076923077
dp: 13 129.0 0.5384615384615384
fafg: 13 129.0 0.5384615384615384
dp: 12 124.0 1.0833333333333333
fafg: 12 118.0 1.0
dp: 9 130.0 0.4444444444444444
fafg: 9 133.0 0.8888888888888888
dp: 11 134.0 0.18181818181818182
fafg: 11 134.0 0.18181818181818182
dp: 4 117.0 0.0
fafg: 4 117.0 0.0
dp: 12 136.0 0.4166666666666667
fafg: 12 136.0 0.4166666666666667
dp: 14 137.0 1.5
fafg: 14 137.0 1.5
dp: 20 129.0 6.8
fafg: 20 129.0 6.8
dp: 11 136.0 0.2727272727272727
fafg: 11 136.0 0.36363636363636365
dp: 6 120.0 0.0
fafg: 6 120.0 0.0
dp: 15 127.0 1.4666666666666666
fafg: 15 131.0 2.0
dp: 16 146.0 4.25
fafg: 16 146.0 4.25
dp: 9 133.0 0.0
fafg: 9 133.0 0.0
dp: 8 126.0 0.25
fafg: 8 126.0 0.25
dp: 18 140.0 5.5
fafg: 18 140.0 5.666666666666667
dp: 15 139.0 7.933333333333334
fafg: 15 139.0 7.933333333333334
dp: 9 135.0 0.2222222222222222
fafg: 9 135.0 0.7777777777777778
dp: 8 126.0 0.0
fafg: 8 126.0 0.0
dp: 18 138.0 1.1111111111111112
fafg: 18 140.0 2.0
dp: 11 131.0 0.0
fafg: 11 131.0 0.0
dp: 8 134.0 0.0
fafg: 8 134.0 0.0
dp: 6 137.0 0.0
fafg: 6 137.0 0.0
dp: 11 133.0 0.2727272727272727
fafg: 11 133.0 0.2727272727272727
dp: 16 124.0 2.0625
fafg: 16 125.0 2.75
dp: 13 136.0 6.615384615384615
fafg: 13 136.0 6.615384615384615
dp: 12 124.0 0.0
fafg: 12 124.0 0.0
dp: 10 137.0 0.0
fafg: 10 137.0 0.0
dp: 13 122.0 0.15384615384615385
fafg: 13 122.0 0.46153846153846156
dp: 14 138.0 1.5
fafg: 14 138.0 1.5
dp: 13 127.0 0.07692307692307693
fafg: 13 127.0 0.07692307692307693
dp: 13 125.0 0.6923076923076923
fafg: 13 127.0 0.5384615384615384
dp: 10 133.0 0.0
fafg: 10 133.0 0.0
dp: 4 109.0 0.0
fafg: 4 109.0 0.0
dp: 16 131.0 0.0
fafg: 16 131.0 0.0
dp: 8 130.0 0.0
fafg: 8 130.0 0.0
dp: 11 133.0 0.0
fafg: 11 133.0 0.0
dp: 18 134.0 1.1111111111111112
fafg: 18 134.0 1.2222222222222223
dp: 10 133.0 0.0
fafg: 10 133.0 0.0
dp: 10 121.0 0.0
fafg: 10 121.0 0.0
dp: 18 138.0 1.5
fafg: 18 138.0 0.8333333333333334
dp: 10 129.0 0.0
fafg: 10 129.0 0.0
dp: 11 135.0 0.09090909090909091
fafg: 11 135.0 0.09090909090909091
dp: 14 134.0 2.4285714285714284
fafg: 14 134.0 2.4285714285714284
dp: 9 129.0 0.0
fafg: 9 129.0 0.0
dp: 15 128.0 0.4666666666666667
fafg: 15 128.0 0.4666666666666667
dp: 20 141.0 3.8
fafg: 20 141.0 3.8
dp: 14 134.0 0.42857142857142855
fafg: 14 134.0 0.42857142857142855
dp: 15 135.0 1.5333333333333334
fafg: 15 135.0 1.5333333333333334
dp: 15 133.0 2.8
fafg: 15 133.0 2.8
dp: 13 132.0 0.15384615384615385
fafg: 13 132.0 0.15384615384615385
dp: 13 133.0 0.0
fafg: 13 133.0 0.0
dp: 4 96.0 0.0
fafg: 4 96.0 0.0
dp: 14 136.0 0.42857142857142855
fafg: 14 136.0 0.42857142857142855
dp: 18 133.0 1.4444444444444444
fafg: 18 133.0 1.4444444444444444
dp: 10 139.0 0.0
fafg: 10 139.0 0.0
dp: 13 118.0 0.0
fafg: 13 118.0 0.0
dp: 9 133.0 0.0
fafg: 9 133.0 0.0
dp: 17 137.0 0.5294117647058824
fafg: 17 137.0 0.7647058823529411
dp: 9 118.0 0.0
fafg: 9 118.0 0.0
dp: 9 127.0 0.0
fafg: 9 127.0 0.0
dp: 13 136.0 0.0
fafg: 13 136.0 0.0
dp: 14 130.0 1.0
fafg: 14 130.0 1.0
dp: 10 133.0 0.0
fafg: 10 133.0 0.0
dp: 17 145.0 3.411764705882353
fafg: 17 145.0 3.411764705882353
dp: 13 120.0 0.0
fafg: 13 120.0 0.0
dp: 11 125.0 0.0
fafg: 11 125.0 0.0
dp: 7 124.0 0.0
fafg: 7 124.0 0.0
dp: 7 114.0 0.0
fafg: 7 114.0 0.0
dp: 10 128.0 0.4
fafg: 10 128.0 0.4
dp: 10 138.0 0.0
fafg: 10 138.0 0.0
dp: 15 133.0 3.1333333333333333
fafg: 15 133.0 3.1333333333333333
dp: 16 132.0 0.9375
fafg: 16 132.0 0.9375
dp: 12 134.0 1.0833333333333333
fafg: 12 134.0 1.0833333333333333
dp: 9 129.0 0.0
fafg: 9 129.0 0.0
dp: 10 134.0 0.0
fafg: 10 134.0 0.0
dp: 6 140.0 0.0
fafg: 6 140.0 0.0
dp: 18 134.0 0.3333333333333333
fafg: 18 134.0 0.4444444444444444
dp: 11 131.0 0.0
fafg: 11 131.0 0.0
dp: 15 132.0 0.2
fafg: 15 132.0 0.2
dp: 11 138.0 1.1818181818181819
fafg: 11 135.0 1.2727272727272727
dp: 17 142.0 2.6470588235294117
fafg: 17 142.0 2.5294117647058822
dp: 10 126.0 0.0
fafg: 10 126.0 0.0
dp: 14 132.0 1.3571428571428572
fafg: 14 139.0 3.2857142857142856
dp: 13 120.0 0.6923076923076923
fafg: 13 123.0 1.3846153846153846
dp: 18 145.0 1.1111111111111112
fafg: 18 145.0 1.1111111111111112
dp: 10 130.0 0.6
fafg: 10 130.0 0.6
dp: 13 143.0 1.1538461538461537
fafg: 13 143.0 1.1538461538461537
dp: 14 125.0 0.5
fafg: 14 125.0 0.5
dp: 13 135.0 0.6153846153846154
fafg: 13 135.0 0.6153846153846154
dp: 10 131.0 0.0
fafg: 10 131.0 0.0
dp: 11 132.0 0.09090909090909091
fafg: 11 132.0 0.09090909090909091
dp: 13 132.0 1.1538461538461537
fafg: 13 132.0 1.1538461538461537
dp: 8 128.0 0.0
fafg: 8 128.0 0.0
dp: 10 137.0 0.0
fafg: 10 137.0 0.0
dp: 10 129.0 0.0
fafg: 10 129.0 0.0
dp: 10 141.0 0.0
fafg: 10 141.0 0.0
dp: 11 136.0 0.0
fafg: 11 136.0 0.0
dp: 13 135.0 0.6153846153846154
fafg: 13 136.0 1.4615384615384615
dp: 16 138.0 6.375
fafg: 16 138.0 6.375
dp: 13 131.0 0.23076923076923078
fafg: 13 131.0 0.23076923076923078
dp: 11 126.0 0.09090909090909091
fafg: 11 126.0 0.09090909090909091
dp: 12 133.0 0.0
fafg: 12 133.0 0.0
dp: 13 133.0 2.3846153846153846
fafg: 13 133.0 2.3846153846153846
dp: 10 136.0 0.1
fafg: 10 136.0 0.1
dp: 5 117.0 0.0
fafg: 5 117.0 0.0
dp: 14 130.0 0.14285714285714285
fafg: 14 130.0 0.14285714285714285
dp: 16 132.0 0.8125
fafg: 16 132.0 0.8125
dp: 11 136.0 0.0
fafg: 11 136.0 0.0
dp: 11 127.0 0.5454545454545454
fafg: 11 127.0 0.5454545454545454
dp: 10 138.0 0.0
fafg: 10 138.0 0.0
dp: 11 135.0 0.0
fafg: 11 135.0 0.0
dp: 16 131.0 0.25
fafg: 16 139.0 5.1875
dp: 14 125.0 0.21428571428571427
fafg: 14 129.0 0.5714285714285714
dp: 11 142.0 0.6363636363636364
fafg: 11 142.0 0.6363636363636364
dp: 19 135.0 1.5263157894736843
fafg: 19 135.0 1.4210526315789473
dp: 11 138.0 0.7272727272727273
fafg: 11 138.0 0.7272727272727273
dp: 11 127.0 0.0
fafg: 11 127.0 0.0
dp: 10 135.0 1.6
fafg: 10 135.0 1.6
dp: 7 123.0 0.0
fafg: 7 123.0 0.0
dp: 13 136.0 1.0
fafg: 13 137.0 2.230769230769231
dp: 13 132.0 1.3076923076923077
fafg: 13 132.0 1.3076923076923077
dp: 16 145.0 3.5
fafg: 16 145.0 3.5
dp: 16 123.0 1.125
fafg: 16 123.0 1.125
dp: 11 128.0 0.0
fafg: 11 128.0 0.0
dp: 14 139.0 2.2857142857142856
fafg: 14 139.0 2.2857142857142856
dp: 8 122.0 0.0
fafg: 8 122.0 0.0
dp: 11 126.0 0.0
fafg: 11 126.0 0.0
dp: 9 128.0 0.0
fafg: 9 128.0 0.0
dp: 14 127.0 1.1428571428571428
fafg: 14 127.0 1.1428571428571428
dp: 11 132.0 0.0
fafg: 11 132.0 0.0
dp: 14 128.0 0.9285714285714286
fafg: 14 128.0 0.9285714285714286
dp: 11 124.0 0.0
fafg: 11 124.0 0.0
dp: 17 132.0 0.7647058823529411
fafg: 17 132.0 0.7647058823529411
dp: 18 135.0 1.6111111111111112
fafg: 18 135.0 2.1666666666666665
dp: 11 116.0 0.0
fafg: 11 116.0 0.0
dp: 12 124.0 2.4166666666666665
fafg: 12 122.0 0.6666666666666666
dp: 8 127.0 0.0
fafg: 8 127.0 0.0
dp: 15 122.0 0.6
fafg: 15 132.0 1.5333333333333334
dp: 14 122.0 0.9285714285714286
fafg: 14 122.0 0.9285714285714286
dp: 11 139.0 0.0
fafg: 11 139.0 0.0
dp: 15 134.0 3.1333333333333333
fafg: 15 138.0 3.466666666666667
dp: 14 128.0 1.5
fafg: 14 126.0 1.4285714285714286
dp: 9 128.0 0.0
fafg: 9 128.0 0.0
dp: 17 145.0 4.588235294117647
fafg: 17 145.0 4.588235294117647
dp: 13 142.0 0.3076923076923077
fafg: 13 142.0 0.3076923076923077
dp: 11 142.0 0.8181818181818182
fafg: 11 144.0 1.4545454545454546
dp: 17 132.0 1.3529411764705883
fafg: 17 132.0 1.411764705882353
dp: 15 133.0 1.3333333333333333
fafg: 15 133.0 1.3333333333333333
dp: 16 138.0 4.5625
fafg: 16 135.0 4.625
dp: 16 135.0 2.625
fafg: 16 135.0 2.625
dp: 18 132.0 3.7222222222222223
fafg: 18 132.0 3.7222222222222223
dp: 16 137.0 0.0
fafg: 16 137.0 0.0
dp: 13 129.0 0.0
fafg: 13 129.0 0.0
dp: 14 127.0 0.2857142857142857
fafg: 14 127.0 1.4285714285714286
dp: 19 137.0 2.210526315789474
fafg: 19 137.0 2.210526315789474
dp: 9 141.0 0.1111111111111111
fafg: 9 141.0 0.1111111111111111
dp: 11 131.0 0.6363636363636364
fafg: 11 131.0 0.5454545454545454
dp: 14 140.0 10.928571428571429
fafg: 14 123.0 4.214285714285714
dp: 13 138.0 0.0
fafg: 13 138.0 0.0
dp: 23 151.0 13.478260869565217
fafg: 23 155.0 12.91304347826087
dp: 13 134.0 5.230769230769231
fafg: 13 134.0 5.230769230769231
dp: 16 132.0 1.875
fafg: 16 138.0 2.25
dp: 13 129.0 1.6923076923076923
fafg: 13 129.0 0.6923076923076923
dp: 10 117.0 0.6
fafg: 10 117.0 0.6
dp: 16 137.0 4.75
fafg: 16 143.0 5.0625
dp: 12 114.0 1.0833333333333333
fafg: 12 114.0 1.4166666666666667
