dp: 333 1106.0 19.195195195195197
fcfg: 333 1192.0 44.21921921921922
dp: 354 1100.0 24.652542372881356
fcfg: 354 1189.0 59.951977401129945
dp: 338 1090.0 22.30473372781065
fcfg: 338 1216.0 58.34023668639053
dp: 329 1070.0 20.924012158054712
fcfg: 329 1199.0 60.11550151975684
dp: 382 1142.0 28.04973821989529
fcfg: 382 1236.0 67.03141361256544
dp: 336 1101.0 21.074404761904763
fcfg: 336 1211.0 49.75297619047619
dp: 347 1101.0 23.144092219020173
fcfg: 347 1132.0 68.03746397694525
dp: 292 1096.0 13.386986301369863
fcfg: 292 1095.0 12.527397260273972
dp: 327 1112.0 19.238532110091743
fcfg: 327 1194.0 36.65137614678899
dp: 344 1108.0 18.90988372093023
fcfg: 344 1243.0 44.56976744186046
dp: 352 1107.0 22.47159090909091
fcfg: 352 1173.0 52.69318181818182
dp: 352 1122.0 23.00284090909091
fcfg: 352 1183.0 58.92897727272727
dp: 330 1093.0 18.827272727272728
fcfg: 330 1235.0 43.09090909090909
dp: 329 1111.0 16.911854103343465
fcfg: 329 1170.0 33.77203647416413
dp: 331 1083.0 19.102719033232628
fcfg: 331 1178.0 35.483383685800604
dp: 323 1100.0 17.854489164086687
fcfg: 323 1200.0 46.73065015479876
dp: 354 1107.0 20.915254237288135
fcfg: 354 1239.0 50.1271186440678
dp: 326 1100.0 21.48159509202454
fcfg: 326 1187.0 41.84049079754601
dp: 323 1089.0 20.507739938080494
fcfg: 323 1206.0 51.1578947368421
dp: 331 1097.0 18.23262839879154
fcfg: 331 1220.0 40.492447129909365
dp: 346 1090.0 24.13872832369942
fcfg: 346 1150.0 50.179190751445084
dp: 336 1106.0 20.157738095238095
fcfg: 336 1215.0 39.020833333333336
dp: 326 1107.0 17.29754601226994
fcfg: 326 1188.0 36.26687116564417
dp: 317 1103.0 17.13564668769716
fcfg: 317 1136.0 22.914826498422713
dp: 308 1088.0 12.909090909090908
fcfg: 308 1127.0 18.51298701298701
dp: 304 1117.0 15.345394736842104
fcfg: 304 1153.0 15.12171052631579
dp: 342 1100.0 19.695906432748536
fcfg: 342 1234.0 48.08771929824562
dp: 316 1097.0 14.5
fcfg: 316 1158.0 24.338607594936708
dp: 345 1134.0 19.87536231884058
fcfg: 345 1227.0 43.095652173913045
dp: 330 1097.0 18.984848484848484
fcfg: 330 1187.0 50.14545454545455
dp: 347 1083.0 21.694524495677232
fcfg: 347 1169.0 59.82420749279539
dp: 296 1100.0 7.043918918918919
fcfg: 296 1109.0 5.614864864864865
dp: 326 1096.0 21.079754601226995
fcfg: 326 1200.0 42.20552147239264
dp: 367 1104.0 26.547683923705723
fcfg: 367 1196.0 60.217983651226156
dp: 349 1099.0 20.79656160458453
fcfg: 349 1246.0 53.29226361031519
dp: 354 1097.0 23.23446327683616
fcfg: 354 1171.0 71.25988700564972
dp: 336 1100.0 20.964285714285715
fcfg: 336 1198.0 45.726190476190474
dp: 318 1098.0 19.38050314465409
fcfg: 318 1179.0 30.657232704402517
dp: 347 1101.0 22.59077809798271
fcfg: 347 1164.0 54.18731988472622
dp: 350 1136.0 24.605714285714285
fcfg: 350 1170.0 39.565714285714286
dp: 339 1100.0 20.970501474926255
fcfg: 339 1170.0 50.86725663716814
dp: 306 1104.0 10.990196078431373
fcfg: 306 1124.0 16.333333333333332
dp: 329 1097.0 17.340425531914892
fcfg: 329 1167.0 29.805471124620063
dp: 346 1108.0 20.141618497109828
fcfg: 346 1231.0 60.13294797687861
dp: 317 1095.0 14.091482649842272
fcfg: 317 1150.0 30.47634069400631
dp: 358 1093.0 24.223463687150836
fcfg: 358 1169.0 57.600558659217874
dp: 348 1111.0 20.867816091954023
fcfg: 348 1152.0 40.752873563218394
dp: 343 1104.0 20.67930029154519
fcfg: 343 1250.0 57.10787172011662
dp: 334 1093.0 22.005988023952096
fcfg: 334 1239.0 52.535928143712574
dp: 321 1075.0 18.925233644859812
fcfg: 321 1171.0 44.361370716510905
dp: 319 1094.0 17.015673981191224
fcfg: 319 1134.0 27.238244514106583
dp: 310 1100.0 16.019354838709678
fcfg: 310 1126.0 25.293548387096774
dp: 351 1084.0 23.60683760683761
fcfg: 351 1157.0 62.86894586894587
dp: 346 1102.0 20.046242774566473
fcfg: 346 1130.0 55.82658959537572
dp: 342 1112.0 19.0
fcfg: 342 1247.0 50.21345029239766
dp: 337 1095.0 18.928783382789316
fcfg: 337 1183.0 29.851632047477747
dp: 343 1085.0 22.370262390670554
fcfg: 343 1228.0 52.005830903790084
dp: 330 1100.0 21.17878787878788
fcfg: 330 1199.0 44.21212121212121
dp: 319 1086.0 16.905956112852664
fcfg: 319 1176.0 38.32601880877743
dp: 325 1094.0 19.326153846153847
fcfg: 325 1197.0 42.96
dp: 351 1084.0 26.427350427350426
fcfg: 351 1159.0 51.97435897435897
dp: 344 1089.0 21.209302325581394
fcfg: 344 1232.0 53.991279069767444
dp: 331 1117.0 19.259818731117825
fcfg: 331 1244.0 50.090634441087616
dp: 315 1101.0 19.085714285714285
fcfg: 315 1155.0 27.60952380952381
dp: 336 1117.0 18.050595238095237
fcfg: 336 1232.0 45.711309523809526
dp: 355 1131.0 21.92676056338028
fcfg: 355 1203.0 64.38591549295775
dp: 334 1103.0 20.718562874251496
fcfg: 334 1230.0 59.93712574850299
dp: 374 1108.0 27.59625668449198
fcfg: 374 1237.0 68.05080213903743
dp: 326 1096.0 13.895705521472392
fcfg: 326 1184.0 36.622699386503065
dp: 323 1099.0 17.29721362229102
fcfg: 323 1166.0 40.1609907120743
dp: 336 1098.0 18.99404761904762
fcfg: 336 1145.0 38.410714285714285
dp: 343 1105.0 20.367346938775512
fcfg: 343 1220.0 38.518950437317784
dp: 320 1085.0 16.903125
fcfg: 320 1149.0 27.415625
dp: 356 1126.0 23.39887640449438
fcfg: 356 1198.0 52.51966292134831
dp: 303 1087.0 15.554455445544555
fcfg: 303 1107.0 26.0
dp: 328 1082.0 19.20731707317073
fcfg: 328 1167.0 36.420731707317074
dp: 351 1105.0 21.113960113960115
fcfg: 351 1272.0 56.903133903133906
dp: 293 1087.0 9.61433447098976
fcfg: 293 1102.0 11.897610921501707
dp: 328 1101.0 19.621951219512194
fcfg: 328 1175.0 41.4359756097561
dp: 344 1089.0 23.087209302325583
fcfg: 344 1229.0 64.32267441860465
dp: 343 1108.0 19.20408163265306
fcfg: 343 1229.0 42.119533527696795
dp: 364 1099.0 23.357142857142858
fcfg: 364 1131.0 52.1510989010989
dp: 353 1125.0 21.980169971671387
fcfg: 353 1251.0 60.447592067988666
dp: 297 1098.0 10.175084175084175
fcfg: 297 1127.0 10.73063973063973
dp: 316 1097.0 19.35126582278481
fcfg: 316 1181.0 35.78481012658228
dp: 302 1105.0 13.367549668874172
fcfg: 302 1108.0 23.334437086092716
dp: 347 1100.0 22.59942363112392
fcfg: 347 1216.0 43.90201729106628
dp: 318 1091.0 18.00314465408805
fcfg: 318 1128.0 20.38364779874214
dp: 351 1109.0 21.28205128205128
fcfg: 351 1168.0 53.58404558404558
dp: 336 1114.0 21.479166666666668
fcfg: 336 1218.0 33.523809523809526
dp: 346 1110.0 23.708092485549134
fcfg: 346 1166.0 50.11849710982659
dp: 318 1110.0 18.861635220125788
fcfg: 318 1135.0 25.556603773584907
dp: 333 1109.0 19.07807807807808
fcfg: 333 1195.0 45.993993993993996
dp: 341 1104.0 19.24633431085044
fcfg: 341 1227.0 46.50146627565982
dp: 352 1121.0 20.579545454545453
fcfg: 352 1245.0 55.99147727272727
dp: 330 1095.0 21.024242424242424
fcfg: 330 1175.0 51.03939393939394
dp: 343 1094.0 23.043731778425656
fcfg: 343 1205.0 37.63848396501458
dp: 342 1116.0 20.915204678362574
fcfg: 342 1218.0 50.97076023391813
dp: 344 1124.0 20.691860465116278
fcfg: 344 1175.0 47.241279069767444
dp: 350 1101.0 20.242857142857144
fcfg: 350 1266.0 56.348571428571425
dp: 343 1128.0 35.7201166180758
fcfg: 343 1259.0 67.62390670553935
dp: 345 1133.0 29.6463768115942
fcfg: 345 1229.0 47.61159420289855
dp: 327 1121.0 28.770642201834864
fcfg: 327 1209.0 44.993883792048926
dp: 317 1131.0 21.810725552050474
fcfg: 317 1149.0 28.34384858044164
dp: 309 1094.0 20.831715210355988
fcfg: 309 1149.0 33.0
dp: 337 1132.0 29.673590504451038
fcfg: 337 1202.0 41.56379821958457
dp: 306 1118.0 19.38888888888889
fcfg: 306 1118.0 11.558823529411764
dp: 319 1116.0 19.877742946708462
fcfg: 319 1144.0 22.38244514106583
dp: 371 1163.0 53.28032345013477
fcfg: 371 1170.0 63.328840970350406
dp: 309 1104.0 19.957928802588995
fcfg: 309 1137.0 27.171521035598705
dp: 320 1123.0 21.034375
fcfg: 320 1161.0 29.428125
dp: 298 1097.0 18.959731543624162
fcfg: 298 1116.0 20.58053691275168
dp: 314 1120.0 21.85031847133758
fcfg: 314 1175.0 33.789808917197455
dp: 317 1096.0 27.08832807570978
fcfg: 317 1138.0 31.041009463722396
dp: 347 1107.0 35.210374639769455
fcfg: 347 1154.0 46.01729106628242
dp: 332 1115.0 31.704819277108435
fcfg: 332 1220.0 54.1144578313253
dp: 333 1145.0 28.774774774774773
fcfg: 333 1206.0 38.825825825825824
dp: 327 1135.0 23.34862385321101
fcfg: 327 1188.0 36.27522935779817
dp: 352 1164.0 33.33522727272727
fcfg: 352 1264.0 54.79829545454545
dp: 321 1139.0 25.473520249221185
fcfg: 321 1213.0 32.69781931464174
dp: 346 1134.0 36.176300578034684
fcfg: 346 1230.0 48.63294797687861
dp: 372 1184.0 37.405913978494624
fcfg: 372 1207.0 71.61827956989248
