dp: 259 1107.0 9.065637065637066
fcfg: 259 1135.0 17.864864864864863
dp: 251 1075.0 5.756972111553785
fcfg: 251 1081.0 7.075697211155378
dp: 229 1067.0 3.5807860262008733
fcfg: 229 1072.0 4.720524017467249
dp: 241 1078.0 7.236514522821577
fcfg: 241 1074.0 13.058091286307054
dp: 271 1070.0 9.804428044280442
fcfg: 271 1152.0 33.450184501845015
dp: 246 1064.0 7.813008130081301
fcfg: 246 1084.0 14.447154471544716
dp: 240 1078.0 6.145833333333333
fcfg: 240 1097.0 10.854166666666666
dp: 257 1092.0 7.4863813229571985
fcfg: 257 1108.0 8.688715953307392
dp: 254 1069.0 9.011811023622048
fcfg: 254 1088.0 20.586614173228348
dp: 280 1082.0 10.639285714285714
fcfg: 280 1118.0 20.357142857142858
dp: 250 1068.0 7.008
fcfg: 250 1101.0 13.324
dp: 252 1083.0 6.503968253968254
fcfg: 252 1110.0 16.765873015873016
dp: 251 1059.0 9.398406374501992
fcfg: 251 1105.0 21.9402390438247
dp: 230 1077.0 4.243478260869566
fcfg: 230 1086.0 7.604347826086957
dp: 267 1101.0 10.123595505617978
fcfg: 267 1154.0 26.797752808988765
dp: 239 1062.0 6.355648535564853
fcfg: 239 1077.0 8.246861924686192
dp: 253 1084.0 7.565217391304348
fcfg: 253 1101.0 8.146245059288537
dp: 251 1070.0 9.254980079681275
fcfg: 251 1098.0 17.147410358565736
dp: 252 1074.0 9.226190476190476
fcfg: 252 1097.0 32.76984126984127
dp: 250 1074.0 6.888
fcfg: 250 1079.0 13.028
dp: 240 1060.0 5.7125
fcfg: 240 1066.0 9.295833333333333
dp: 262 1073.0 8.740458015267176
fcfg: 262 1086.0 16.16793893129771
dp: 265 1089.0 8.592452830188678
fcfg: 265 1151.0 18.683018867924527
dp: 248 1075.0 6.717741935483871
fcfg: 248 1107.0 11.64516129032258
dp: 263 1083.0 9.098859315589353
fcfg: 263 1113.0 23.844106463878326
dp: 254 1081.0 6.090551181102362
fcfg: 254 1106.0 14.39763779527559
dp: 246 1067.0 5.723577235772358
fcfg: 246 1082.0 10.394308943089431
dp: 239 1067.0 7.297071129707113
fcfg: 239 1067.0 18.15899581589958
dp: 251 1079.0 5.549800796812749
fcfg: 251 1092.0 12.589641434262948
dp: 246 1067.0 5.378048780487805
fcfg: 246 1069.0 8.170731707317072
dp: 226 1062.0 4.18141592920354
fcfg: 226 1070.0 6.522123893805309
dp: 258 1098.0 7.22093023255814
fcfg: 258 1107.0 13.34108527131783
dp: 232 1076.0 3.646551724137931
fcfg: 232 1080.0 5.012931034482759
dp: 258 1098.0 8.44186046511628
fcfg: 258 1132.0 12.453488372093023
dp: 275 1077.0 12.261818181818182
fcfg: 275 1185.0 40.36727272727273
dp: 233 1087.0 7.214592274678112
fcfg: 233 1087.0 6.8412017167381975
dp: 269 1078.0 13.04089219330855
fcfg: 269 1086.0 32.59851301115241
dp: 227 1073.0 6.753303964757709
fcfg: 227 1091.0 11.088105726872246
dp: 246 1072.0 4.662601626016261
fcfg: 246 1105.0 7.711382113821138
dp: 244 1075.0 8.495901639344263
fcfg: 244 1100.0 17.06967213114754
dp: 225 1067.0 3.12
fcfg: 225 1067.0 4.564444444444445
dp: 270 1094.0 10.044444444444444
fcfg: 270 1166.0 27.14814814814815
dp: 238 1067.0 9.621848739495798
fcfg: 238 1074.0 26.30252100840336
dp: 249 1075.0 6.036144578313253
fcfg: 249 1081.0 9.180722891566266
dp: 262 1091.0 9.98473282442748
fcfg: 262 1145.0 20.545801526717558
dp: 226 1059.0 4.371681415929204
fcfg: 226 1059.0 7.261061946902655
dp: 249 1061.0 5.373493975903615
fcfg: 249 1080.0 9.112449799196787
dp: 251 1066.0 8.657370517928287
fcfg: 251 1072.0 22.529880478087648
dp: 221 1055.0 4.180995475113122
fcfg: 221 1055.0 6.547511312217194
dp: 255 1096.0 7.549019607843137
fcfg: 255 1117.0 17.780392156862746
dp: 237 1059.0 5.881856540084388
fcfg: 237 1059.0 11.367088607594937
dp: 259 1091.0 8.386100386100386
fcfg: 259 1104.0 10.795366795366796
dp: 249 1056.0 5.236947791164659
fcfg: 249 1073.0 10.650602409638553
dp: 241 1087.0 4.821576763485477
fcfg: 241 1088.0 12.867219917012449
dp: 244 1078.0 5.438524590163935
fcfg: 244 1110.0 12.758196721311476
dp: 253 1082.0 9.300395256916996
fcfg: 253 1091.0 18.66403162055336
dp: 254 1069.0 7.460629921259843
fcfg: 254 1095.0 17.523622047244096
dp: 239 1086.0 5.539748953974895
fcfg: 239 1082.0 9.330543933054393
dp: 254 1089.0 8.417322834645669
fcfg: 254 1113.0 21.885826771653544
dp: 288 1087.0 13.618055555555555
fcfg: 288 1191.0 49.517361111111114
dp: 267 1070.0 10.786516853932584
fcfg: 267 1116.0 33.08988764044944
dp: 257 1085.0 6.167315175097277
fcfg: 257 1097.0 12.408560311284047
dp: 244 1071.0 7.139344262295082
fcfg: 244 1092.0 11.545081967213115
dp: 239 1068.0 5.163179916317992
fcfg: 239 1067.0 8.786610878661088
dp: 249 1067.0 7.36144578313253
fcfg: 249 1081.0 15.409638554216867
dp: 257 1081.0 9.326848249027238
fcfg: 257 1115.0 17.381322957198442
dp: 263 1077.0 9.038022813688213
fcfg: 263 1079.0 20.61216730038023
dp: 223 1070.0 6.686098654708521
fcfg: 223 1070.0 12.766816143497758
dp: 235 1083.0 5.497872340425532
fcfg: 235 1099.0 5.4
dp: 219 1076.0 3.5662100456621006
fcfg: 219 1085.0 5.136986301369863
dp: 245 1063.0 5.73469387755102
fcfg: 245 1072.0 8.293877551020408
dp: 243 1052.0 8.901234567901234
fcfg: 243 1119.0 28.094650205761315
dp: 235 1072.0 6.757446808510639
fcfg: 235 1078.0 8.65531914893617
dp: 260 1070.0 9.196153846153846
fcfg: 260 1135.0 28.326923076923077
dp: 250 1075.0 8.808
fcfg: 250 1069.0 13.748
dp: 238 1065.0 5.142857142857143
fcfg: 238 1067.0 11.542016806722689
dp: 222 1096.0 3.6216216216216215
fcfg: 222 1084.0 3.40990990990991
dp: 246 1057.0 6.654471544715447
fcfg: 246 1075.0 9.048780487804878
dp: 250 1073.0 6.936
fcfg: 250 1084.0 12.924
dp: 248 1044.0 8.22983870967742
fcfg: 248 1044.0 10.044354838709678
dp: 261 1093.0 9.908045977011493
fcfg: 261 1133.0 24.915708812260537
dp: 246 1071.0 6.735772357723577
fcfg: 246 1080.0 12.21951219512195
dp: 240 1081.0 6.25
fcfg: 240 1100.0 9.754166666666666
dp: 244 1078.0 7.590163934426229
fcfg: 244 1111.0 14.62704918032787
dp: 239 1071.0 6.916317991631799
fcfg: 239 1071.0 10.9581589958159
dp: 251 1066.0 6.99601593625498
fcfg: 251 1077.0 9.47808764940239
dp: 286 1083.0 14.37062937062937
fcfg: 286 1172.0 46.76223776223776
dp: 252 1077.0 7.321428571428571
fcfg: 252 1110.0 17.75793650793651
dp: 255 1082.0 8.27450980392157
fcfg: 255 1130.0 13.63921568627451
dp: 270 1083.0 10.277777777777779
fcfg: 270 1147.0 27.6
dp: 220 1078.0 4.609090909090909
fcfg: 220 1098.0 5.740909090909091
dp: 246 1061.0 6.59349593495935
fcfg: 246 1064.0 8.947154471544716
dp: 249 1075.0 6.413654618473895
fcfg: 249 1104.0 19.49397590361446
dp: 257 1076.0 10.933852140077821
fcfg: 257 1095.0 25.879377431906615
dp: 250 1064.0 8.016
fcfg: 250 1064.0 12.068
dp: 237 1072.0 5.248945147679325
fcfg: 237 1093.0 11.962025316455696
dp: 268 1076.0 9.638059701492537
fcfg: 268 1136.0 28.71641791044776
dp: 247 1072.0 7.287449392712551
fcfg: 247 1120.0 32.62348178137652
dp: 263 1076.0 10.912547528517111
fcfg: 263 1142.0 29.171102661596958
dp: 240 1066.0 5.191666666666666
fcfg: 240 1077.0 8.2375
