(107.0, 12.665900945663452)
(130.0, 0.07426190376281738)
(117.0, 0.26866888999938965)
(111.0, 1.0052077770233154)
-------------------------------------------All Solutions---------------------------------------------
(107.0, 12.597084283828735)
(129.0, 0.07613205909729004)
(115.0, 0.26636290550231934)
(111.0, 1.0016179084777832)
-------------------------------------------All Solutions---------------------------------------------
(106.0, 12.562031030654907)
(129.0, 0.07509899139404297)
(117.0, 0.2657201290130615)
(111.0, 0.9996962547302246)
-------------------------------------------All Solutions---------------------------------------------
(107.0, 12.610151767730713)
(129.0, 0.07442903518676758)
(115.0, 0.2668612003326416)
(111.0, 1.0005178451538086)
-------------------------------------------All Solutions---------------------------------------------
(107.0, 12.602918863296509)
(129.0, 0.07446098327636719)
(117.0, 0.26667189598083496)
(111.0, 0.9988160133361816)
-------------------------------------------All Solutions---------------------------------------------
(107.0, 12.676692962646484)
(130.0, 0.0752410888671875)
(116.0, 0.26822400093078613)
(111.0, 1.0062849521636963)
-------------------------------------------All Solutions---------------------------------------------
(107.0, 12.574243068695068)
(129.0, 0.07424592971801758)
(116.0, 0.26628708839416504)
(111.0, 0.9983522891998291)
-------------------------------------------All Solutions---------------------------------------------
(107.0, 12.646499156951904)
(129.0, 0.07442188262939453)
(116.0, 0.2673149108886719)
(111.0, 0.9972522258758545)
-------------------------------------------All Solutions---------------------------------------------
(107.0, 12.607115030288696)
(129.0, 0.07406306266784668)
(116.0, 0.2664041519165039)
(111.0, 0.9995520114898682)
-------------------------------------------All Solutions---------------------------------------------
(107.0, 12.61752700805664)
(129.0, 0.07368707656860352)
(115.0, 0.2658240795135498)
(111.0, 1.007519006729126)
-------------------------------------------All Solutions---------------------------------------------
