(206.0, 41.45949196815491)
(206.0, 0.1119999885559082)
(206.0, 0.4179229736328125)
(206.0, 1.6388039588928223)
-------------------------------------------All Solutions---------------------------------------------
(198.0, 41.47080969810486)
(203.0, 0.11256003379821777)
(200.0, 0.41910791397094727)
(198.0, 1.6475331783294678)
-------------------------------------------All Solutions---------------------------------------------
(208.0, 41.99121809005737)
(211.0, 0.12002706527709961)
(208.0, 0.44968175888061523)
(208.0, 1.7001988887786865)
-------------------------------------------All Solutions---------------------------------------------
(204.0, 41.668034076690674)
(208.0, 0.11288976669311523)
(204.0, 0.4231607913970947)
(204.0, 1.6509270668029785)
-------------------------------------------All Solutions---------------------------------------------
(204.0, 41.930964946746826)
(208.0, 0.11257505416870117)
(205.0, 0.4235529899597168)
(204.0, 1.645425796508789)
-------------------------------------------All Solutions---------------------------------------------
(204.0, 41.57858467102051)
(215.0, 0.1132810115814209)
(208.0, 0.4232640266418457)
(204.0, 1.6595802307128906)
-------------------------------------------All Solutions---------------------------------------------
(191.0, 41.45316696166992)
(197.0, 0.11471295356750488)
(191.0, 0.42630982398986816)
(191.0, 1.6445059776306152)
-------------------------------------------All Solutions---------------------------------------------
(210.0, 41.81748390197754)
(216.0, 0.11527800559997559)
(213.0, 0.4233560562133789)
(211.0, 1.6503469944000244)
-------------------------------------------All Solutions---------------------------------------------
(222.0, 41.7517352104187)
(222.0, 0.11242008209228516)
(222.0, 0.43414902687072754)
(222.0, 1.6482369899749756)
-------------------------------------------All Solutions---------------------------------------------
(208.0, 41.759474754333496)
(211.0, 0.11446189880371094)
(208.0, 0.423494815826416)
(208.0, 1.658721923828125)
-------------------------------------------All Solutions---------------------------------------------
