(257.0, 41.65497803688049)
(259.0, 0.12046408653259277)
(257.0, 0.4193909168243408)
(257.0, 1.63907790184021)
-------------------------------------------All Solutions---------------------------------------------
(258.0, 41.49168634414673)
(258.0, 0.11288022994995117)
(258.0, 0.41374826431274414)
(258.0, 1.6252460479736328)
-------------------------------------------All Solutions---------------------------------------------
(271.0, 42.01644492149353)
(271.0, 0.11355209350585938)
(271.0, 0.4226210117340088)
(271.0, 1.657109022140503)
-------------------------------------------All Solutions---------------------------------------------
(231.0, 41.625213384628296)
(235.0, 0.11260104179382324)
(231.0, 0.4205131530761719)
(231.0, 1.6459577083587646)
-------------------------------------------All Solutions---------------------------------------------
(239.0, 41.67313194274902)
(239.0, 0.1132659912109375)
(239.0, 0.42142319679260254)
(239.0, 1.638404130935669)
-------------------------------------------All Solutions---------------------------------------------
(278.0, 41.71278691291809)
(278.0, 0.11308789253234863)
(278.0, 0.42594099044799805)
(278.0, 1.645104169845581)
-------------------------------------------All Solutions---------------------------------------------
(258.0, 41.797930002212524)
(258.0, 0.11565375328063965)
(258.0, 0.4232969284057617)
(258.0, 1.659024953842163)
-------------------------------------------All Solutions---------------------------------------------
(296.0, 41.55059313774109)
(296.0, 0.11512494087219238)
(296.0, 0.44289469718933105)
(296.0, 1.7023539543151855)
-------------------------------------------All Solutions---------------------------------------------
(252.0, 42.12960886955261)
(252.0, 0.1163492202758789)
(252.0, 0.42636704444885254)
(252.0, 1.6532223224639893)
-------------------------------------------All Solutions---------------------------------------------
(275.0, 41.9036660194397)
(275.0, 0.1132500171661377)
(275.0, 0.42817258834838867)
(275.0, 1.6537301540374756)
-------------------------------------------All Solutions---------------------------------------------
