(73.0, 1.5609052181243896)
(75.0, 0.038114070892333984)
(75.0, 0.14118599891662598)
(73.0, 0.4308321475982666)
-------------------------------------------All Solutions---------------------------------------------
(68.0, 1.502709150314331)
(73.0, 0.03596019744873047)
(71.0, 0.13219213485717773)
(68.0, 0.4234428405761719)
-------------------------------------------All Solutions---------------------------------------------
(70.0, 1.52095365524292)
(74.0, 0.035552978515625)
(71.0, 0.13214683532714844)
(70.0, 0.42831897735595703)
-------------------------------------------All Solutions---------------------------------------------
(78.0, 1.5076496601104736)
(78.0, 0.03522491455078125)
(78.0, 0.13332390785217285)
(78.0, 0.42806196212768555)
-------------------------------------------All Solutions---------------------------------------------
(68.0, 1.5163252353668213)
(72.0, 0.04358482360839844)
(70.0, 0.13535213470458984)
(70.0, 0.422152042388916)
-------------------------------------------All Solutions---------------------------------------------
(68.0, 1.4958510398864746)
(73.0, 0.03526496887207031)
(70.0, 0.13105416297912598)
(68.0, 0.42783427238464355)
-------------------------------------------All Solutions---------------------------------------------
(74.0, 1.5039291381835938)
(74.0, 0.035446882247924805)
(74.0, 0.13074302673339844)
(74.0, 0.4307692050933838)
-------------------------------------------All Solutions---------------------------------------------
(71.0, 1.5027148723602295)
(73.0, 0.03661298751831055)
(73.0, 0.13245511054992676)
(71.0, 0.4266209602355957)
-------------------------------------------All Solutions---------------------------------------------
(67.0, 1.490117073059082)
(70.0, 0.03630208969116211)
(68.0, 0.1573038101196289)
(67.0, 0.4339938163757324)
-------------------------------------------All Solutions---------------------------------------------
(76.0, 1.501054048538208)
(77.0, 0.035465240478515625)
(76.0, 0.13114500045776367)
(76.0, 0.42674994468688965)
-------------------------------------------All Solutions---------------------------------------------
