(56.0, 1.5728700160980225)
(65.0, 0.038374900817871094)
(60.0, 0.14841103553771973)
(57.0, 0.46843910217285156)
-------------------------------------------All Solutions---------------------------------------------
(54.0, 1.5952599048614502)
(64.0, 0.03913378715515137)
(59.0, 0.14496898651123047)
(55.0, 0.4647400379180908)
-------------------------------------------All Solutions---------------------------------------------
(55.0, 1.6204948425292969)
(65.0, 0.03900289535522461)
(60.0, 0.14913415908813477)
(56.0, 0.4673929214477539)
-------------------------------------------All Solutions---------------------------------------------
(54.0, 1.601196050643921)
(64.0, 0.038475990295410156)
(59.0, 0.14571213722229004)
(56.0, 0.48402905464172363)
-------------------------------------------All Solutions---------------------------------------------
(54.0, 1.6168241500854492)
(64.0, 0.03773212432861328)
(58.0, 0.14113616943359375)
(56.0, 0.4464290142059326)
-------------------------------------------All Solutions---------------------------------------------
(54.0, 1.6252610683441162)
(64.0, 0.037631988525390625)
(58.0, 0.14433884620666504)
(56.0, 0.4656851291656494)
-------------------------------------------All Solutions---------------------------------------------
(55.0, 1.5956752300262451)
(65.0, 0.037023067474365234)
(60.0, 0.13358473777770996)
(56.0, 0.4336838722229004)
-------------------------------------------All Solutions---------------------------------------------
(54.0, 1.5045859813690186)
(64.0, 0.03540992736816406)
(59.0, 0.13159775733947754)
(56.0, 0.42503976821899414)
-------------------------------------------All Solutions---------------------------------------------
(55.0, 1.5268528461456299)
(64.0, 0.03544926643371582)
(59.0, 0.13039422035217285)
(57.0, 0.4308350086212158)
-------------------------------------------All Solutions---------------------------------------------
(55.0, 1.4992520809173584)
(64.0, 0.03503608703613281)
(61.0, 0.13551712036132812)
(56.0, 0.42824721336364746)
-------------------------------------------All Solutions---------------------------------------------
