(164.0, 42.165645122528076)
(191.0, 0.11756610870361328)
(175.0, 0.42636895179748535)
(169.0, 1.6543471813201904)
-------------------------------------------All Solutions---------------------------------------------
(162.0, 41.741131067276)
(191.0, 0.1167910099029541)
(174.0, 0.42131614685058594)
(166.0, 1.646737813949585)
-------------------------------------------All Solutions---------------------------------------------
(159.0, 41.89668035507202)
(191.0, 0.11275911331176758)
(172.0, 0.42383599281311035)
(163.0, 1.6468522548675537)
-------------------------------------------All Solutions---------------------------------------------
(163.0, 41.91123819351196)
(191.0, 0.11295390129089355)
(173.0, 0.43575096130371094)
(166.0, 1.7183589935302734)
-------------------------------------------All Solutions---------------------------------------------
(165.0, 42.360503911972046)
(193.0, 0.11645102500915527)
(174.0, 0.4258439540863037)
(168.0, 1.6743171215057373)
-------------------------------------------All Solutions---------------------------------------------
(160.0, 41.97288990020752)
(193.0, 0.11294221878051758)
(174.0, 0.4224231243133545)
(163.0, 1.6532580852508545)
-------------------------------------------All Solutions---------------------------------------------
(165.0, 42.0204598903656)
(194.0, 0.1147761344909668)
(176.0, 0.4252939224243164)
(168.0, 1.6554088592529297)
-------------------------------------------All Solutions---------------------------------------------
(162.0, 42.286556005477905)
(192.0, 0.1133279800415039)
(172.0, 0.43326902389526367)
(164.0, 1.6908931732177734)
-------------------------------------------All Solutions---------------------------------------------
(161.0, 41.96568703651428)
(191.0, 0.11705803871154785)
(172.0, 0.44367170333862305)
(165.0, 1.6678822040557861)
-------------------------------------------All Solutions---------------------------------------------
(162.0, 41.626964807510376)
(191.0, 0.11368989944458008)
(173.0, 0.4211609363555908)
(165.0, 1.6473278999328613)
-------------------------------------------All Solutions---------------------------------------------
