(173.0, 12.806372165679932)
(173.0, 0.07372808456420898)
(173.0, 0.2671840190887451)
(173.0, 1.000119686126709)
-------------------------------------------All Solutions---------------------------------------------
(170.0, 12.806060075759888)
(173.0, 0.07505297660827637)
(170.0, 0.26770710945129395)
(170.0, 1.0109529495239258)
-------------------------------------------All Solutions---------------------------------------------
(171.0, 12.644710302352905)
(171.0, 0.07432985305786133)
(171.0, 0.2658731937408447)
(171.0, 1.0049138069152832)
-------------------------------------------All Solutions---------------------------------------------
(179.0, 12.625020980834961)
(179.0, 0.07492661476135254)
(179.0, 0.2681238651275635)
(179.0, 0.9988369941711426)
-------------------------------------------All Solutions---------------------------------------------
(191.0, 12.726474046707153)
(191.0, 0.07530999183654785)
(191.0, 0.27115797996520996)
(191.0, 1.0108602046966553)
-------------------------------------------All Solutions---------------------------------------------
(166.0, 12.587906837463379)
(166.0, 0.07432413101196289)
(166.0, 0.26633286476135254)
(166.0, 1.0036311149597168)
-------------------------------------------All Solutions---------------------------------------------
(167.0, 12.661962985992432)
(170.0, 0.07465004920959473)
(167.0, 0.27162599563598633)
(167.0, 1.0124759674072266)
-------------------------------------------All Solutions---------------------------------------------
(192.0, 12.615086793899536)
(195.0, 0.07490777969360352)
(192.0, 0.2692570686340332)
(192.0, 1.002460241317749)
-------------------------------------------All Solutions---------------------------------------------
(159.0, 12.662257194519043)
(159.0, 0.07352519035339355)
(159.0, 0.2667582035064697)
(159.0, 1.0011918544769287)
-------------------------------------------All Solutions---------------------------------------------
(196.0, 12.843286037445068)
(196.0, 0.07495307922363281)
(196.0, 0.26663875579833984)
(196.0, 0.9967389106750488)
-------------------------------------------All Solutions---------------------------------------------
