(89.0, 1.5785441398620605)
(89.0, 0.039865732192993164)
(89.0, 0.14445090293884277)
(89.0, 0.4668858051300049)
-------------------------------------------All Solutions---------------------------------------------
(89.0, 1.5057029724121094)
(90.0, 0.03547978401184082)
(90.0, 0.13384485244750977)
(89.0, 0.43059802055358887)
-------------------------------------------All Solutions---------------------------------------------
(95.0, 1.521223783493042)
(96.0, 0.03564810752868652)
(96.0, 0.1319270133972168)
(95.0, 0.428403377532959)
-------------------------------------------All Solutions---------------------------------------------
(101.0, 1.4996137619018555)
(101.0, 0.03502702713012695)
(101.0, 0.13169312477111816)
(101.0, 0.4343397617340088)
-------------------------------------------All Solutions---------------------------------------------
(95.0, 1.6231391429901123)
(95.0, 0.04656624794006348)
(95.0, 0.16118502616882324)
(95.0, 0.4710838794708252)
-------------------------------------------All Solutions---------------------------------------------
(82.0, 1.5558500289916992)
(82.0, 0.035848140716552734)
(82.0, 0.13250303268432617)
(82.0, 0.4291682243347168)
-------------------------------------------All Solutions---------------------------------------------
(101.0, 1.6012659072875977)
(101.0, 0.038136959075927734)
(101.0, 0.1496429443359375)
(101.0, 0.4458949565887451)
-------------------------------------------All Solutions---------------------------------------------
(102.0, 1.542457103729248)
(102.0, 0.03703808784484863)
(102.0, 0.1347370147705078)
(102.0, 0.4366588592529297)
-------------------------------------------All Solutions---------------------------------------------
(113.0, 1.5408320426940918)
(113.0, 0.036743879318237305)
(113.0, 0.13428592681884766)
(113.0, 0.45184993743896484)
-------------------------------------------All Solutions---------------------------------------------
(96.0, 1.5486197471618652)
(96.0, 0.03648781776428223)
(96.0, 0.13548612594604492)
(96.0, 0.4335789680480957)
-------------------------------------------All Solutions---------------------------------------------
