(53.0, 1.569415807723999)
(64.0, 0.03662824630737305)
(58.0, 0.1327049732208252)
(55.0, 0.42647290229797363)
-------------------------------------------All Solutions---------------------------------------------
(54.0, 1.500075101852417)
(64.0, 0.03522205352783203)
(58.0, 0.13480091094970703)
(55.0, 0.4276607036590576)
-------------------------------------------All Solutions---------------------------------------------
(53.0, 1.516211748123169)
(64.0, 0.03721189498901367)
(58.0, 0.13206696510314941)
(54.0, 0.42438507080078125)
-------------------------------------------All Solutions---------------------------------------------
(53.0, 1.5020489692687988)
(64.0, 0.03589606285095215)
(59.0, 0.1332259178161621)
(55.0, 0.42555785179138184)
-------------------------------------------All Solutions---------------------------------------------
(54.0, 1.517880916595459)
(64.0, 0.03519105911254883)
(58.0, 0.1305539608001709)
(54.0, 0.42859983444213867)
-------------------------------------------All Solutions---------------------------------------------
(53.0, 1.505573034286499)
(64.0, 0.036351919174194336)
(58.0, 0.13042306900024414)
(55.0, 0.42356109619140625)
-------------------------------------------All Solutions---------------------------------------------
(53.0, 1.5208659172058105)
(64.0, 0.035428762435913086)
(58.0, 0.13144183158874512)
(55.0, 0.42446470260620117)
-------------------------------------------All Solutions---------------------------------------------
(52.0, 1.5044538974761963)
(64.0, 0.03885006904602051)
(58.0, 0.13530611991882324)
(54.0, 0.4633960723876953)
-------------------------------------------All Solutions---------------------------------------------
(54.0, 1.5321459770202637)
(64.0, 0.03610396385192871)
(58.0, 0.13757896423339844)
(56.0, 0.4274251461029053)
-------------------------------------------All Solutions---------------------------------------------
(52.0, 1.508234977722168)
(64.0, 0.03602099418640137)
(58.0, 0.13231801986694336)
(54.0, 0.4263920783996582)
-------------------------------------------All Solutions---------------------------------------------
