(61.0, 1.5543880462646484)
(66.0, 0.046465158462524414)
(64.0, 0.1407630443572998)
(61.0, 0.4367341995239258)
-------------------------------------------All Solutions---------------------------------------------
(67.0, 1.5043630599975586)
(70.0, 0.03522205352783203)
(68.0, 0.1353168487548828)
(67.0, 0.43584609031677246)
-------------------------------------------All Solutions---------------------------------------------
(63.0, 1.535672903060913)
(70.0, 0.03659510612487793)
(67.0, 0.13475728034973145)
(65.0, 0.4291958808898926)
-------------------------------------------All Solutions---------------------------------------------
(61.0, 1.5192770957946777)
(67.0, 0.03571200370788574)
(64.0, 0.13071799278259277)
(61.0, 0.4282257556915283)
-------------------------------------------All Solutions---------------------------------------------
(63.0, 1.50462007522583)
(69.0, 0.03603076934814453)
(66.0, 0.1322040557861328)
(64.0, 0.42407727241516113)
-------------------------------------------All Solutions---------------------------------------------
(58.0, 1.4976980686187744)
(66.0, 0.035429954528808594)
(61.0, 0.13032293319702148)
(58.0, 0.4229459762573242)
-------------------------------------------All Solutions---------------------------------------------
(62.0, 1.5248918533325195)
(66.0, 0.035691022872924805)
(62.0, 0.1327531337738037)
(62.0, 0.4268019199371338)
-------------------------------------------All Solutions---------------------------------------------
(58.0, 1.5007891654968262)
(66.0, 0.035910844802856445)
(63.0, 0.13334083557128906)
(61.0, 0.42487096786499023)
-------------------------------------------All Solutions---------------------------------------------
(60.0, 1.5803029537200928)
(69.0, 0.03911995887756348)
(63.0, 0.14361906051635742)
(62.0, 0.46358394622802734)
-------------------------------------------All Solutions---------------------------------------------
(66.0, 1.577138900756836)
(68.0, 0.038136959075927734)
(67.0, 0.14006710052490234)
(66.0, 0.4476027488708496)
-------------------------------------------All Solutions---------------------------------------------
