(156.0, 41.252411127090454)
(191.0, 0.1120309829711914)
(172.0, 0.4197878837585449)
(162.0, 1.6325480937957764)
-------------------------------------------All Solutions---------------------------------------------
(155.0, 41.448561906814575)
(190.0, 0.11575889587402344)
(171.0, 0.428508996963501)
(161.0, 1.6422452926635742)
-------------------------------------------All Solutions---------------------------------------------
(155.0, 41.981497049331665)
(190.0, 0.11432600021362305)
(171.0, 0.42622804641723633)
(161.0, 1.6620018482208252)
-------------------------------------------All Solutions---------------------------------------------
(154.0, 41.38225269317627)
(190.0, 0.11293721199035645)
(171.0, 0.4187619686126709)
(161.0, 1.6343731880187988)
-------------------------------------------All Solutions---------------------------------------------
(156.0, 41.17487406730652)
(191.0, 0.11248993873596191)
(171.0, 0.4158809185028076)
(162.0, 1.6403663158416748)
-------------------------------------------All Solutions---------------------------------------------
(155.0, 41.73534178733826)
(190.0, 0.1123039722442627)
(171.0, 0.4219529628753662)
(161.0, 1.6461741924285889)
-------------------------------------------All Solutions---------------------------------------------
(155.0, 41.7826669216156)
(190.0, 0.11300420761108398)
(170.0, 0.4226510524749756)
(160.0, 1.6418118476867676)
-------------------------------------------All Solutions---------------------------------------------
(155.0, 41.46735501289368)
(191.0, 0.1134939193725586)
(171.0, 0.4236259460449219)
(161.0, 1.638066053390503)
-------------------------------------------All Solutions---------------------------------------------
(155.0, 41.5574209690094)
(191.0, 0.11353397369384766)
(171.0, 0.42125797271728516)
(161.0, 1.6437511444091797)
-------------------------------------------All Solutions---------------------------------------------
(156.0, 41.681926250457764)
(191.0, 0.11339616775512695)
(171.0, 0.424929141998291)
(161.0, 1.6511650085449219)
-------------------------------------------All Solutions---------------------------------------------
