100
0.8
1
2
3
4
5
6
7
9
10
11
12
13
14
15
16
17
18
19
20
21
22
25
26
27
28
30
31
33
34
35
36
37
39
41
42
43
44
45
46
47
48
49
52
53
54
56
57
60
61
64
65
66
67
68
71
72
74
75
77
78
79
80
82
83
84
85
86
87
88
89
90
92
93
94
95
97
98
99
101
102
103
105
106
108
109
110
111
112
113
115
116
117
119
120
121
122
124
126
127
128
1
2
3
4
5
6
8
9
10
11
13
14
15
17
18
20
22
24
26
28
29
30
31
32
33
34
35
36
37
38
39
40
41
42
44
47
48
49
50
52
53
54
55
56
58
60
61
62
63
64
65
67
68
69
71
72
73
74
75
77
78
79
82
83
84
86
87
89
90
91
94
96
97
98
99
100
101
103
105
106
107
108
109
110
111
112
113
114
115
117
118
120
121
123
124
125
127
128
129
130
1
4
5
6
7
8
9
10
11
12
13
14
16
17
18
19
20
21
22
23
24
26
27
28
29
30
31
32
33
34
35
36
37
40
42
43
44
45
46
47
48
50
51
52
53
54
55
56
57
58
59
60
61
62
63
69
71
72
74
75
76
78
79
80
82
83
84
85
86
87
88
89
90
91
92
94
95
96
97
98
99
100
101
102
103
105
106
107
108
109
110
111
112
113
114
115
116
117
118
119