67
0.7
1
3
4
5
7
10
11
12
13
14
17
18
19
20
22
24
25
26
27
28
29
30
31
32
33
35
36
37
38
39
40
41
42
43
44
45
48
50
51
52
53
54
55
56
57
58
61
63
64
66
67
69
70
71
73
74
76
78
79
80
83
84
85
86
87
88
91
1
4
5
6
8
9
10
11
12
13
14
15
16
17
18
19
20
21
22
26
27
28
29
30
31
34
35
36
37
38
40
41
43
47
48
49
50
51
53
55
56
57
58
61
65
66
67
69
70
72
73
76
78
79
80
83
84
85
86
87
90
91
92
93
96
99
100
1
2
3
4
5
6
7
8
9
10
11
13
17
18
20
21
22
23
24
27
28
29
31
32
33
34
38
39
40
41
42
43
45
46
47
49
51
54
57
58
62
63
64
66
67
68
69
70
71
73
74
75
77
78
80
83
84
85
88
89
90
93
94
95
96
97
100