67
0.7
1
2
3
4
5
6
7
8
9
10
11
13
17
18
20
21
22
23
24
27
28
29
31
32
33
34
38
39
40
41
42
43
45
46
47
49
51
54
57
58
62
63
64
66
67
68
69
70
71
73
74
75
77
78
80
83
84
85
88
89
90
93
94
95
96
97
100
1
2
4
5
6
11
12
13
14
15
16
17
18
19
20
23
24
28
29
30
31
33
34
35
36
37
38
40
42
43
44
46
47
49
50
51
52
53
54
56
57
59
61
62
63
64
65
68
69
70
72
74
75
77
79
80
83
85
86
87
89
90
91
92
93
94
95
1
2
3
4
5
6
7
8
9
10
11
14
15
17
18
19
20
21
22
23
25
28
29
30
31
32
33
34
36
37
39
41
42
44
45
46
47
48
50
51
52
54
55
56
58
59
62
68
69
70
71
73
75
77
78
79
81
83
86
88
89
91
93
95
96
97
98