67
0.5
1
2
3
5
6
7
10
11
20
21
22
23
25
27
28
29
30
31
33
36
39
41
42
44
47
49
50
52
54
56
57
59
63
64
66
68
69
71
72
74
75
76
79
83
84
87
89
93
94
95
100
102
103
106
107
110
113
117
121
122
125
126
127
130
135
140
141
1
2
5
8
11
12
13
14
16
20
23
25
27
29
30
31
34
37
38
43
44
45
47
50
52
53
55
58
59
61
65
66
68
73
75
76
77
78
79
80
83
84
88
89
92
93
94
96
97
102
103
104
105
106
109
113
114
115
116
117
120
121
122
123
126
130
132
1
3
5
7
9
11
13
14
15
19
20
22
24
27
31
32
33
35
37
39
40
41
42
46
47
48
54
55
56
57
66
69
71
72
73
77
79
80
83
85
86
87
88
89
90
93
96
98
99
100
102
103
104
106
107
108
110
112
113
115
118
120
121
122
124
127
128