67
0.5
1
3
5
7
9
11
13
14
15
19
20
22
24
27
31
32
33
35
37
39
40
41
42
46
47
48
54
55
56
57
66
69
71
72
73
77
79
80
83
85
86
87
88
89
90
93
96
98
99
100
102
103
104
106
107
108
110
112
113
115
118
120
121
122
124
127
128
1
5
6
9
10
12
14
16
17
19
20
21
31
33
34
36
38
39
40
45
46
47
48
49
51
56
58
61
62
63
64
65
66
74
80
83
90
91
92
94
95
98
101
104
105
106
108
109
112
114
115
116
118
119
121
124
125
128
131
133
134
135
136
139
141
144
148
1
5
6
7
8
10
13
15
17
20
30
32
35
36
37
40
41
43
46
47
49
50
51
52
53
54
57
61
62
63
66
67
69
71
72
73
74
78
85
87
88
91
94
95
97
98
101
104
105
106
107
115
116
119
120
121
123
130
131
132
140
145
146
147
150
151
154