67
0.5
1
5
6
7
8
10
13
15
17
20
30
32
35
36
37
40
41
43
46
47
49
50
51
52
53
54
57
61
62
63
66
67
69
71
72
73
74
78
85
87
88
91
94
95
97
98
101
104
105
106
107
115
116
119
120
121
123
130
131
132
140
145
146
147
150
151
154
1
3
4
5
6
12
16
17
20
22
24
28
33
34
35
36
37
38
39
40
41
42
44
45
47
50
51
52
55
56
57
58
62
65
67
68
85
86
87
95
96
98
99
100
101
104
109
110
113
115
117
118
120
121
122
125
126
127
129
131
135
138
140
141
144
145
148
1
4
5
7
8
9
12
13
15
17
19
20
21
27
28
32
33
40
43
44
51
52
53
56
58
61
63
64
67
68
69
71
72
73
74
77
78
79
84
88
89
90
92
97
98
101
102
104
105
107
108
113
114
116
117
118
121
122
123
124
125
126
128
129
132
133
138