100
0.5
1
2
3
7
8
11
13
14
16
19
20
25
26
27
29
32
33
36
37
39
41
42
43
48
51
52
55
58
59
62
74
75
78
79
80
85
86
87
91
93
94
97
98
99
101
104
105
110
111
113
120
121
122
127
129
131
132
133
136
137
139
140
141
142
143
145
149
153
154
155
156
160
163
164
165
166
168
170
175
176
183
184
188
190
191
193
195
196
197
198
199
201
202
205
206
207
209
212
216
217
1
2
11
12
14
15
19
20
22
24
25
26
27
28
29
34
38
43
44
45
46
49
51
53
54
56
57
58
61
65
69
71
72
73
75
80
88
92
93
97
98
99
100
101
102
104
107
108
111
113
114
116
118
119
121
123
124
125
131
133
135
136
137
140
141
142
143
144
146
148
149
150
152
154
155
156
158
159
164
166
168
171
172
174
175
177
178
179
182
185
188
191
196
198
199
200
201
205
206
211
1
2
4
7
8
9
10
11
16
20
21
25
26
27
28
29
30
32
33
35
39
41
42
44
46
49
50
51
56
61
63
64
65
67
68
74
75
78
80
85
87
89
90
96
98
100
101
102
103
105
109
110
111
112
115
119
121
123
124
126
127
128
130
132
134
137
138
142
146
147
149
152
154
155
156
157
166
167
169
172
176
177
180
181
182
188
189
191
196
197
199
200
201
202
204
205
209
212
213
215