100
0.5
1
3
4
7
10
12
13
18
20
22
24
28
32
34
36
38
42
48
51
55
56
61
62
63
64
66
68
72
73
74
75
76
78
80
82
83
85
86
87
88
89
91
93
94
96
97
99
100
101
102
105
107
109
110
113
114
115
116
117
118
119
120
121
122
123
125
127
128
129
131
132
134
135
136
137
138
148
149
157
159
160
163
164
166
167
173
174
175
176
179
181
182
186
188
190
193
196
199
200
201
1
8
9
15
16
17
19
20
22
28
30
33
35
37
39
43
45
53
54
55
57
58
62
64
65
66
69
70
71
73
75
76
77
80
82
83
86
88
89
90
91
92
93
94
95
99
100
101
102
105
106
108
113
115
118
120
121
122
123
126
130
131
134
137
138
139
141
147
150
151
153
158
160
164
165
166
167
169
170
171
172
173
175
178
180
181
182
183
188
193
195
196
198
199
201
202
204
205
207
208
1
3
5
7
9
11
12
13
14
17
21
24
28
31
32
33
34
37
38
41
42
46
47
50
56
61
62
66
70
72
74
75
76
77
78
79
82
83
84
85
89
90
93
95
97
101
106
107
108
109
110
112
114
116
121
122
124
126
127
129
132
133
134
135
137
139
141
144
145
146
147
151
152
153
164
166
169
170
172
173
174
175
176
178
179
182
183
184
185
188
190
193
194
195
196
197
198
200
201
202