100
0.5
1
2
3
4
5
8
11
13
14
17
19
20
21
23
26
29
31
32
34
39
40
41
42
43
48
52
56
57
58
62
63
64
66
67
71
72
73
74
77
78
79
83
84
85
87
91
97
103
108
111
113
114
115
117
118
119
121
122
124
127
130
131
133
135
136
137
138
139
140
141
142
144
145
146
150
151
152
153
154
155
156
161
164
165
166
167
171
172
174
175
180
181
182
183
186
187
189
190
191
192
1
5
7
9
10
12
14
15
16
17
21
22
23
26
27
30
31
33
37
38
40
43
45
46
49
52
53
54
59
61
62
63
65
66
69
73
74
80
83
84
86
88
90
92
93
96
97
99
103
105
107
109
110
111
112
113
116
119
120
121
122
124
125
128
129
130
131
133
135
136
137
138
140
142
143
148
151
155
156
157
158
159
160
161
164
166
175
176
179
181
182
185
186
187
191
192
195
196
197
199
1
5
8
9
10
13
14
23
24
26
27
31
32
34
35
39
40
41
42
44
46
47
49
50
55
56
59
66
71
72
76
78
80
83
85
86
90
93
94
96
99
100
105
110
111
112
118
121
123
125
127
128
129
132
138
141
142
143
144
147
149
150
151
156
157
160
161
163
165
166
167
170
171
174
177
178
182
184
185
186
187
190
191
192
195
196
199
201
202
204
205
213
216
219
220
225
226
228
229
230