100
0.5
1
5
8
9
10
13
14
23
24
26
27
31
32
34
35
39
40
41
42
44
46
47
49
50
55
56
59
66
71
72
76
78
80
83
85
86
90
93
94
96
99
100
105
110
111
112
118
121
123
125
127
128
129
132
138
141
142
143
144
147
149
150
151
156
157
160
161
163
165
166
167
170
171
174
177
178
182
184
185
186
187
190
191
192
195
196
199
201
202
204
205
213
216
219
220
225
226
228
229
230
1
3
5
6
7
12
13
16
19
22
25
26
27
28
31
36
38
40
41
43
44
45
47
50
53
54
55
56
57
58
59
64
65
66
68
69
73
76
80
85
87
88
89
91
92
93
94
95
97
101
102
107
108
109
111
112
114
116
118
121
126
130
134
135
139
141
142
143
145
146
148
149
151
152
156
158
161
163
166
169
170
171
176
177
179
180
182
184
186
187
190
191
192
193
194
195
196
201
202
206
1
5
6
8
15
21
25
26
28
30
31
32
33
34
35
36
37
40
42
44
47
48
53
59
61
63
66
68
71
72
74
76
77
79
81
86
89
91
92
93
95
96
98
99
100
101
102
105
106
108
110
113
117
120
123
124
125
126
127
129
130
132
133
134
139
140
142
144
145
147
149
150
151
153
159
160
161
162
164
165
166
167
169
173
174
177
180
181
182
183
185
186
187
191
192
193
194
196
197
198