100
0.5
1
5
6
8
15
21
25
26
28
30
31
32
33
34
35
36
37
40
42
44
47
48
53
59
61
63
66
68
71
72
74
76
77
79
81
86
89
91
92
93
95
96
98
99
100
101
102
105
106
108
110
113
117
120
123
124
125
126
127
129
130
132
133
134
139
140
142
144
145
147
149
150
151
153
159
160
161
162
164
165
166
167
169
173
174
177
180
181
182
183
185
186
187
191
192
193
194
196
197
198
1
3
5
6
7
8
9
10
12
13
14
16
22
24
25
26
28
30
31
32
37
38
39
41
43
45
46
47
48
49
51
52
57
58
59
62
65
66
67
68
69
73
76
77
78
79
81
85
86
87
89
90
91
93
95
96
97
98
100
101
102
106
107
109
113
114
115
117
119
122
123
124
126
128
129
131
133
134
135
136
140
141
142
148
153
158
160
161
162
164
165
166
167
169
171
173
174
175
176
178
1
2
4
5
9
10
12
14
15
17
19
22
25
26
28
29
31
34
42
43
46
47
48
49
50
51
52
53
54
55
56
59
61
62
64
67
71
72
75
76
77
79
81
84
88
90
92
94
97
98
101
105
106
110
112
113
115
116
117
118
119
122
125
127
128
130
131
132
134
136
140
142
144
146
150
152
157
159
162
163
164
166
168
170
172
173
175
179
180
182
184
186
187
189
191
193
196
199
200
204