100
0.5
1
2
4
5
9
10
12
14
15
17
19
22
25
26
28
29
31
34
42
43
46
47
48
49
50
51
52
53
54
55
56
59
61
62
64
67
71
72
75
76
77
79
81
84
88
90
92
94
97
98
101
105
106
110
112
113
115
116
117
118
119
122
125
127
128
130
131
132
134
136
140
142
144
146
150
152
157
159
162
163
164
166
168
170
172
173
175
179
180
182
184
186
187
189
191
193
196
199
200
204
1
2
4
5
7
8
11
13
14
16
17
19
21
25
27
29
30
32
33
35
37
38
39
41
42
45
47
49
50
51
55
57
58
62
63
65
67
69
70
74
75
76
78
80
81
83
84
86
94
98
99
100
104
106
107
108
109
112
114
115
120
122
123
125
129
130
131
139
141
142
143
145
146
147
148
152
157
158
162
163
165
167
168
170
171
172
173
174
175
176
180
181
182
184
185
186
187
189
190
191
1
2
3
4
5
6
11
12
15
17
21
22
23
24
27
29
30
33
34
36
37
41
43
44
47
50
51
54
58
61
63
65
67
69
70
71
72
73
75
76
80
81
83
84
85
86
87
88
91
92
95
96
97
98
100
103
104
105
106
108
110
115
116
124
126
129
132
135
138
139
142
143
144
145
149
150
160
162
168
170
172
173
177
178
179
181
182
186
187
189
191
193
194
196
197
198
202
205
206
208