100
0.5
1
2
3
5
7
8
10
11
12
15
18
22
23
25
26
29
30
38
39
40
41
42
44
46
48
50
51
54
56
58
59
62
63
66
70
72
73
74
76
77
78
82
83
85
88
92
97
98
99
100
101
103
106
107
112
114
115
116
118
122
123
126
127
128
133
136
137
139
140
143
147
148
153
154
156
159
160
161
166
168
169
170
172
175
176
178
179
181
184
187
188
190
191
193
196
198
199
204
205
206
1
2
3
5
11
13
16
17
18
21
23
24
25
26
27
28
29
32
33
34
35
36
37
40
44
45
46
49
50
51
53
54
55
57
59
61
64
65
66
69
70
71
72
76
77
82
83
86
87
90
91
96
98
101
102
103
105
106
109
110
112
113
116
120
122
125
126
130
132
133
136
137
138
140
141
143
144
146
149
150
154
156
157
158
159
161
164
165
166
167
168
170
172
174
175
177
180
185
187
188
1
7
8
9
12
14
15
17
18
19
21
22
23
25
26
27
28
29
33
34
35
36
37
38
39
40
41
42
43
44
49
51
52
53
55
58
59
63
64
65
66
70
73
76
77
79
81
82
84
85
88
90
91
92
94
95
96
98
99
101
102
103
106
108
113
114
117
119
120
124
127
129
130
134
135
138
145
147
149
152
154
156
157
158
161
163
164
166
168
171
176
177
178
179
181
183
187
189
190
191