100
0.5
1
3
4
7
9
13
18
19
20
26
30
31
32
34
36
42
44
46
47
48
49
50
55
56
57
61
62
63
65
67
69
74
75
77
81
82
87
90
91
93
94
97
100
104
105
108
110
112
113
115
116
118
119
122
123
124
125
126
129
133
135
136
138
140
141
143
145
151
154
156
157
158
159
160
162
163
164
165
166
167
168
169
171
175
176
178
179
181
182
184
186
190
192
193
196
197
199
200
205
209
1
2
4
8
9
10
11
12
14
15
16
18
20
22
24
26
27
30
31
35
36
38
39
41
42
43
44
45
47
53
54
58
64
67
71
72
73
75
77
81
82
83
85
86
88
91
92
93
95
101
104
107
109
113
114
115
118
119
120
124
126
127
128
130
132
135
143
144
145
146
147
148
150
151
154
156
157
160
162
163
164
166
168
169
172
174
175
177
179
180
182
183
184
185
186
190
192
193
196
202
1
2
3
6
7
10
11
13
14
18
20
21
27
28
31
32
33
34
37
41
44
47
52
54
57
61
64
65
69
75
78
79
81
82
83
85
86
87
92
93
95
96
97
99
100
101
102
103
104
105
110
115
116
117
120
121
123
125
128
129
130
139
141
143
146
147
149
151
152
153
154
155
156
158
159
162
164
165
166
168
171
172
174
176
177
178
180
182
183
186
192
194
196
197
198
200
204
207
209
210