100
0.5
1
2
6
8
11
12
14
16
17
18
19
20
21
22
23
25
27
28
31
35
38
39
40
42
43
45
46
47
48
50
52
53
55
56
61
63
68
71
72
73
74
79
80
81
82
83
87
88
89
90
94
95
96
98
100
101
102
103
104
107
108
109
112
114
115
117
118
121
125
127
129
131
132
133
134
135
139
140
144
148
149
150
151
152
153
154
155
156
159
161
162
166
167
170
172
177
178
179
181
182
1
2
3
6
7
8
9
11
15
17
18
19
20
22
23
24
25
28
29
30
34
36
40
41
46
47
48
49
50
53
54
55
57
58
59
62
64
65
68
69
78
80
81
82
83
84
85
86
89
90
92
94
97
98
101
102
103
104
105
108
110
112
116
117
118
119
120
121
122
124
130
131
133
134
136
140
141
145
147
148
149
151
154
155
156
157
158
160
161
162
163
165
166
170
172
173
174
175
176
180
1
2
3
9
10
11
13
16
17
18
20
21
23
25
28
29
32
33
36
37
38
40
42
45
48
49
51
59
61
62
64
68
71
72
77
80
81
82
84
86
87
89
91
97
98
99
100
103
104
107
109
113
114
116
119
120
121
122
123
124
125
126
127
128
130
131
132
134
135
136
140
144
145
146
150
152
154
155
156
157
159
161
162
163
164
166
167
169
171
172
173
175
178
179
180
182
184
186
189
190