100
0.5
1
3
4
6
13
14
16
18
19
20
23
24
25
27
29
30
32
38
40
41
42
44
45
46
50
51
52
55
56
57
59
61
63
64
65
66
67
69
71
72
76
77
78
79
81
82
84
85
86
90
94
95
96
97
98
103
108
109
112
116
118
120
121
125
126
127
132
137
138
139
141
143
144
147
150
153
154
155
158
159
160
161
162
164
165
166
169
170
171
173
177
179
180
181
182
183
185
186
188
189
1
4
6
7
8
9
12
14
18
19
20
22
27
29
30
33
34
35
37
39
40
42
43
44
46
48
49
50
51
52
55
59
64
66
67
68
73
75
76
79
82
86
87
88
90
93
94
95
98
99
100
102
105
107
108
110
112
114
115
117
120
121
123
124
125
127
130
132
133
135
136
137
138
139
140
143
145
146
148
149
153
155
157
159
160
161
162
166
167
170
173
174
176
177
178
180
182
184
186
188
1
3
4
6
8
9
10
13
15
16
18
20
21
24
27
28
29
32
33
36
37
38
41
44
45
46
48
49
50
51
52
53
54
56
57
58
59
61
63
65
66
67
68
69
71
72
74
75
76
78
79
80
82
85
92
93
97
101
102
109
112
113
115
116
117
119
121
124
128
129
131
133
134
136
137
138
140
141
144
145
146
147
149
150
152
155
157
158
163
165
166
171
173
177
178
179
182
184
185
186