67
0.4
1
4
5
7
8
10
12
14
16
17
19
22
23
25
36
38
40
42
43
44
46
48
49
51
54
58
65
67
76
78
79
82
85
86
87
89
92
93
94
97
98
100
101
102
110
113
116
120
121
131
134
135
140
143
144
148
151
153
158
164
167
168
169
173
179
182
183
1
3
6
14
15
23
24
27
32
34
35
37
40
41
45
48
50
51
52
55
57
61
64
67
68
71
74
76
82
83
88
93
94
96
98
99
105
107
109
113
114
117
119
121
122
123
125
127
128
130
132
134
141
143
147
149
150
153
160
165
168
173
174
176
181
182
183
1
6
7
8
9
12
13
16
21
22
27
30
31
33
38
39
40
51
52
53
54
56
63
65
67
68
73
76
77
78
80
82
83
85
90
91
95
96
97
98
100
104
110
116
117
118
119
120
122
124
126
128
129
135
136
138
139
144
145
146
148
149
152
158
159
160
161