67
0.4
1
3
4
5
14
15
19
20
23
25
27
28
30
31
32
33
34
37
38
40
42
45
48
51
53
55
56
57
60
61
63
64
65
68
69
70
71
72
74
76
78
79
81
82
84
85
88
93
94
100
104
106
109
110
117
118
119
124
125
127
128
129
131
133
136
137
139
1
4
5
7
8
9
13
14
17
20
23
24
25
27
28
31
35
36
39
40
41
43
47
48
51
52
54
55
56
58
60
68
73
77
80
81
82
86
87
90
92
93
94
96
97
98
99
101
105
106
107
112
113
114
116
117
122
123
124
126
128
133
135
137
140
145
147
1
2
3
5
6
9
15
17
20
21
22
23
28
31
34
38
40
42
45
46
47
48
49
52
53
60
62
65
66
68
71
72
77
80
81
82
86
93
96
98
100
101
106
108
109
110
113
120
122
125
126
130
132
137
138
140
153
158
159
160
161
162
170
177
179
181
183