67
0.4
1
6
7
8
9
12
13
16
21
22
27
30
31
33
38
39
40
51
52
53
54
56
63
65
67
68
73
76
77
78
80
82
83
85
90
91
95
96
97
98
100
104
110
116
117
118
119
120
122
124
126
128
129
135
136
138
139
144
145
146
148
149
152
158
159
160
161
1
2
10
19
30
31
35
40
41
42
43
52
57
58
62
63
69
71
76
77
80
82
83
84
86
87
91
92
95
98
104
105
107
108
109
112
115
120
122
126
127
132
133
136
138
139
141
145
146
147
149
150
157
161
163
165
166
168
170
173
174
176
177
180
182
185
187
1
2
3
7
10
12
13
15
16
19
24
26
28
31
32
36
37
39
46
47
49
54
61
62
64
72
73
74
76
77
79
80
82
83
84
88
94
99
104
110
112
114
115
123
125
130
133
138
140
144
148
158
159
161
162
164
166
168
171
173
175
177
179
182
187
191
192