67
0.4
1
4
5
7
9
11
16
17
21
22
23
24
25
28
29
33
35
37
38
41
42
43
51
55
57
58
59
62
64
65
69
74
75
77
80
82
87
89
90
91
92
93
95
96
99
101
110
118
119
121
123
124
128
129
130
133
135
136
139
144
145
147
151
155
157
158
160
1
3
4
5
10
13
15
17
21
23
25
30
32
33
34
36
44
45
51
53
56
61
62
63
71
72
73
76
79
82
86
88
89
93
99
101
102
105
107
108
109
112
114
118
121
125
129
131
132
133
134
140
141
145
146
150
151
152
155
157
159
164
165
168
169
170
171
1
4
5
7
8
10
12
14
16
17
19
22
23
25
36
38
40
42
43
44
46
48
49
51
54
58
65
67
76
78
79
82
85
86
87
89
92
93
94
97
98
100
101
102
110
113
116
120
121
131
134
135
140
143
144
148
151
153
158
164
167
168
169
173
179
182
183