67
0.4
1
3
5
6
7
10
11
14
15
16
19
20
27
29
30
33
38
41
42
46
48
49
50
52
56
57
59
63
65
66
68
69
75
77
80
82
84
86
88
99
103
106
113
115
117
121
122
125
126
127
140
141
146
149
151
152
153
155
159
165
172
178
180
183
188
190
191
1
4
5
6
8
11
12
13
20
25
28
29
32
34
39
45
50
52
53
54
55
59
62
71
72
73
75
77
78
80
82
84
85
86
91
94
95
97
100
103
106
107
109
114
115
116
119
120
121
122
126
128
132
136
148
151
155
167
171
172
177
179
182
184
188
191
193
1
4
5
7
9
11
16
17
21
22
23
24
25
28
29
33
35
37
38
41
42
43
51
55
57
58
59
62
64
65
69
74
75
77
80
82
87
89
90
91
92
93
95
96
99
101
110
118
119
121
123
124
128
129
130
133
135
136
139
144
145
147
151
155
157
158
160