80
0.6
1
3
4
6
9
12
13
14
15
17
21
22
23
25
26
27
29
30
31
33
35
36
37
39
40
43
44
45
46
47
48
49
50
51
52
53
54
56
58
59
61
63
64
65
67
68
69
73
74
76
77
83
84
87
89
92
93
96
100
101
102
104
108
109
111
114
115
117
118
120
121
122
123
124
126
128
129
133
135
136
1
6
7
8
9
10
11
14
15
16
20
21
23
24
25
26
27
29
30
31
32
34
37
38
40
41
42
44
45
46
47
50
51
54
55
56
57
62
67
68
71
72
76
77
78
79
83
85
86
87
88
89
91
93
94
95
97
99
100
101
102
103
104
105
107
108
109
110
111
112
113
115
116
117
118
119
121
122
125
126
1
3
6
8
10
11
12
13
19
20
22
23
24
27
28
29
31
32
33
35
39
40
42
43
44
46
47
55
58
61
62
64
65
67
69
73
74
76
77
78
79
80
83
85
86
88
89
90
91
92
93
94
95
97
99
102
103
104
107
108
109
111
112
113
114
115
117
119
120
121
123
126
129
131
135
136
137
138
139
141