80
0.6
1
2
3
4
6
7
9
10
11
14
15
16
19
21
22
23
24
25
30
31
32
33
34
35
36
44
46
47
50
55
56
57
59
61
62
68
71
73
75
76
79
80
81
82
83
84
85
86
88
89
91
93
94
95
98
99
100
102
103
106
107
108
112
114
115
118
122
123
124
127
128
129
132
133
135
138
139
140
142
143
1
2
8
10
11
12
13
17
19
23
25
31
33
37
38
39
41
42
43
44
45
47
48
53
54
55
56
58
59
61
63
64
65
68
69
71
72
73
75
76
77
78
79
80
81
82
83
84
86
87
89
90
92
93
96
97
98
101
103
105
106
109
110
112
115
116
117
119
120
122
124
125
126
128
129
130
132
135
136
138
1
2
3
7
12
15
16
17
21
22
23
24
25
27
31
32
34
35
37
41
42
47
48
49
51
57
59
61
63
64
67
71
74
75
76
77
78
81
82
84
85
88
89
90
92
93
94
96
97
99
100
101
106
107
109
112
113
114
117
118
119
120
122
123
126
127
130
131
134
136
138
141
142
145
146
147
148
150
151
152