80
0.6
1
3
6
8
10
11
12
13
19
20
22
23
24
27
28
29
31
32
33
35
39
40
42
43
44
46
47
55
58
61
62
64
65
67
69
73
74
76
77
78
79
80
83
85
86
88
89
90
91
92
93
94
95
97
99
102
103
104
107
108
109
111
112
113
114
115
117
119
120
121
123
126
129
131
135
136
137
138
139
141
1
3
7
11
13
15
16
19
20
21
22
23
28
29
30
31
33
34
35
36
37
38
40
41
44
45
47
48
49
52
53
54
56
57
62
63
64
65
67
71
72
73
74
76
79
80
83
87
89
90
91
92
93
95
96
98
100
103
104
105
106
107
109
110
111
112
114
115
116
118
120
121
123
124
125
126
127
128
129
131
1
8
9
10
11
12
14
16
17
20
21
22
23
24
28
29
30
32
36
37
39
40
41
42
43
46
47
48
49
50
52
56
58
61
62
63
65
68
69
75
76
78
80
81
85
86
88
96
97
98
99
103
104
106
107
108
111
116
118
124
125
128
130
131
133
134
135
137
138
140
141
142
144
147
150
152
153
155
156
157