80
0.6
1
2
3
4
6
7
9
10
11
12
13
14
15
16
17
19
20
22
28
33
34
35
36
38
39
40
43
45
46
47
48
49
50
52
53
54
55
57
58
59
61
64
65
66
68
71
72
73
74
75
76
77
80
81
84
86
87
92
94
98
99
101
103
104
105
106
108
109
110
111
113
114
119
120
122
123
127
129
130
132
1
2
4
6
8
10
11
14
15
16
17
19
20
25
27
28
32
33
37
41
42
46
47
51
53
54
55
56
57
59
63
64
66
68
69
70
74
75
76
77
78
79
81
84
85
87
88
90
91
94
95
97
98
100
101
102
103
106
107
111
112
113
116
117
119
120
122
123
125
126
127
129
134
136
138
139
141
142
143
144
1
2
3
4
6
7
8
11
12
13
14
15
16
17
19
20
21
22
24
25
27
30
32
34
35
36
37
38
39
41
43
44
45
47
51
56
57
58
59
61
62
63
65
66
67
69
70
71
72
73
75
77
78
79
81
83
84
85
86
88
89
90
91
92
95
96
97
98
99
101
102
105
106
109
110
111
112
113
114
117