80
0.6
1
3
5
6
7
9
10
11
12
15
17
19
20
21
23
24
26
27
28
29
31
32
33
34
35
36
37
40
42
44
45
46
48
49
50
51
53
54
55
56
62
63
65
69
70
71
76
77
79
81
84
86
87
88
89
91
92
93
94
95
98
99
101
102
103
106
107
108
109
116
117
118
119
121
122
123
125
126
128
129
1
4
5
7
8
10
11
12
13
16
17
19
20
21
22
23
26
27
29
30
31
32
36
37
38
39
40
41
43
44
46
47
48
49
50
52
53
55
57
58
61
62
63
64
65
67
70
71
72
73
74
76
77
78
80
81
84
85
86
87
88
89
90
96
97
98
100
101
102
103
104
105
106
110
114
116
117
118
119
120
1
3
4
5
7
9
11
13
14
15
17
20
24
26
30
31
33
34
35
39
40
42
43
44
45
46
47
48
52
54
57
58
62
64
65
67
68
69
70
71
74
75
76
78
80
81
84
85
89
90
92
96
97
98
101
102
103
104
106
107
108
109
112
113
120
121
124
127
128
129
131
136
137
138
139
140
141
142
143
146