80
0.6
1
3
4
5
7
9
11
13
14
15
17
20
24
26
30
31
33
34
35
39
40
42
43
44
45
46
47
48
52
54
57
58
62
64
65
67
68
69
70
71
74
75
76
78
80
81
84
85
89
90
92
96
97
98
101
102
103
104
106
107
108
109
112
113
120
121
124
127
128
129
131
136
137
138
139
140
141
142
143
146
1
2
4
5
6
7
8
9
10
11
12
14
16
17
19
20
22
24
25
26
31
32
33
37
38
41
42
44
47
49
52
53
56
58
59
61
62
63
65
67
68
69
70
71
72
73
75
76
79
80
81
83
84
86
87
88
89
91
94
95
98
99
100
101
103
104
105
106
108
110
112
113
114
115
116
121
122
123
124
125
1
2
3
4
5
6
7
8
9
10
11
13
14
15
19
20
21
22
25
26
28
30
31
34
35
36
37
39
41
43
45
47
49
50
54
55
56
57
58
59
61
63
64
67
68
70
71
73
74
75
76
77
78
79
80
81
83
85
86
91
92
94
95
97
98
100
101
103
104
107
108
109
112
113
114
115
117
118
119
120