80
0.6
1
2
3
4
5
6
7
10
11
12
15
16
19
20
21
23
24
25
26
27
28
30
31
32
33
34
35
36
38
42
46
47
48
49
50
51
53
55
59
64
65
66
67
68
69
70
71
72
74
75
76
77
79
81
83
87
88
90
91
93
95
96
98
99
103
104
105
110
115
117
118
119
120
121
122
126
129
132
133
134
1
2
5
7
8
9
13
22
23
24
25
26
27
28
32
33
34
36
37
38
39
41
43
45
46
47
48
50
51
53
54
56
57
58
59
61
63
66
70
71
73
75
76
77
78
82
83
86
87
88
90
92
93
94
96
97
98
99
100
102
104
105
107
108
109
112
114
115
116
117
121
122
123
124
125
126
127
128
129
130
1
2
3
5
7
9
10
12
13
14
15
16
19
21
23
25
26
27
28
29
30
34
35
37
38
39
42
44
47
48
51
52
54
55
56
59
62
63
64
65
66
69
70
71
72
74
75
76
77
78
80
82
83
84
85
86
89
92
93
94
97
100
102
104
105
108
110
112
113
115
117
118
120
121
124
126
128
130
131
132