80
0.6
1
2
3
5
7
9
10
12
13
14
15
16
19
21
23
25
26
27
28
29
30
34
35
37
38
39
42
44
47
48
51
52
54
55
56
59
62
63
64
65
66
69
70
71
72
74
75
76
77
78
80
82
83
84
85
86
89
92
93
94
97
100
102
104
105
108
110
112
113
115
117
118
120
121
124
126
128
130
131
132
1
2
5
6
8
10
12
13
14
17
19
21
22
23
24
25
26
29
30
32
34
38
40
41
43
44
45
47
48
49
51
52
53
55
57
58
59
61
62
64
66
68
70
71
73
74
76
79
80
82
84
87
88
89
90
91
93
95
96
99
101
102
104
105
107
109
110
112
113
114
116
118
119
120
121
123
124
125
127
128
1
2
3
5
6
7
8
13
14
15
16
17
23
24
26
29
33
34
35
36
37
39
40
41
42
43
44
46
47
49
50
51
52
54
55
56
57
58
59
62
65
66
67
68
69
71
72
73
78
79
80
82
84
85
86
89
90
91
92
93
95
96
97
99
100
101
102
104
107
110
113
116
119
121
122
123
125
127
129
132