80
0.6
1
3
4
5
6
9
11
12
15
17
21
22
23
26
29
32
34
35
36
37
38
40
42
44
45
46
49
50
51
53
56
57
61
63
64
66
67
68
69
71
77
79
80
82
84
85
86
87
88
89
90
91
93
94
95
96
100
101
103
104
105
107
108
109
110
114
117
118
119
120
121
122
124
126
127
128
130
133
134
135
1
4
5
7
8
9
10
11
13
16
17
19
21
22
24
26
27
28
29
30
32
34
36
39
40
41
43
46
48
51
53
54
55
57
58
61
64
65
66
67
68
69
71
72
73
74
77
78
79
82
84
87
88
92
94
97
98
99
101
103
104
107
108
112
114
116
117
118
120
121
122
123
124
125
126
127
128
131
132
133
1
3
4
5
10
11
12
14
15
19
24
26
27
28
29
30
33
35
37
38
39
40
42
45
48
49
51
52
54
55
56
65
66
67
69
71
72
75
77
78
82
83
85
86
90
92
96
97
98
99
100
101
102
103
104
105
109
110
112
113
115
117
119
121
122
123
124
126
128
129
131
134
136
137
138
139
141
142
143
144