80
0.6
1
3
4
5
10
11
12
14
15
19
24
26
27
28
29
30
33
35
37
38
39
40
42
45
48
49
51
52
54
55
56
65
66
67
69
71
72
75
77
78
82
83
85
86
90
92
96
97
98
99
100
101
102
103
104
105
109
110
112
113
115
117
119
121
122
123
124
126
128
129
131
134
136
137
138
139
141
142
143
144
1
4
5
6
7
8
11
13
14
16
22
25
26
27
28
31
32
33
34
35
36
37
40
41
43
44
46
48
49
50
52
53
56
57
58
61
62
63
64
65
67
71
72
73
75
77
80
82
83
86
87
88
90
91
95
96
98
102
103
106
107
112
113
114
115
116
117
119
120
121
125
126
127
129
130
131
132
133
134
135
1
3
4
6
8
9
11
12
13
14
15
19
21
24
25
26
28
30
31
36
38
39
41
42
43
44
45
46
49
50
52
53
54
58
59
62
63
64
65
68
69
71
72
74
75
78
79
80
82
83
85
87
89
90
91
92
93
94
95
97
98
99
100
102
103
105
106
108
109
110
113
115
116
118
119
120
121
123
124
125