[0, 1.0, 6.0, 9.0, 10.0, 11.0, 12.0, 13.0, 14.0, 16.0, 17.0]
[0, 2.0, 4.0, 5.0, 7.0, 8.0, 9.0, 10.0, 11.0, 13.0, 14.0]
[0, 1.0, 2.0, 3.0, 4.0, 5.0, 6.0, 7.0, 10.0, 11.0, 13.0]
lane X:
('A', 1, 1.0)
('B', 1, 4.0)
('B', 2, 5.0)
('B', 3, 6.0)
('B', 4, 7.0)
('B', 5, 8.0)
('A', 2, 11.0)
('A', 3, 12.0)
('A', 4, 13.0)
('A', 5, 14.0)
('A', 6, 15.0)
('A', 7, 16.0)
('A', 8, 17.0)
('A', 9, 18.0)
('A', 10, 19.0)
-----------------------
('C', 1, 1.0)
('C', 2, 2.0)
('C', 3, 3.0)
('C', 4, 4.0)
('C', 5, 5.0)
('C', 6, 6.0)
('C', 7, 7.0)
('C', 8, 10.0)
('C', 9, 11.0)
('C', 10, 13.0)
('B', 6, 16.0)
('B', 7, 17.0)
('B', 8, 18.0)
('B', 9, 19.0)
('B', 10, 20.0)
dp: 20.0 0.04890704154968262
fcfg: 29.0
