0.6 100 v1
173.0 41.20834302902222
193.0, 0.1134190559387207

0.5 100 v1
222.0 43.75389289855957
222.0, 0.1200718879699707

0.6 50 v1
91.0 5.13844108581543
102.0, 0.05871891975402832

0.5 50 v1
103.0 5.407557964324951
106.0, 0.05826687812805176

0.7 50 v1
83.0 5.390557050704956
96.0, 0.0578160285949707

0.6 100 v2
483.0 41.00560998916626
483.0, 0.11333298683166504

0.7 100 v2
401.0 40.87237215042114
401.0, 0.11301374435424805

0.8 100 v2
394.0 43.56035017967224
396.0, 0.1209402084350586

0.9 100 v2
334.0 41.83056592941284
338.0, 0.12192988395690918


0.6 100 v1
174.0 40.97840690612793
[5] (192.0, 0.11278915405273438)
[10] (181.0, 0.41716504096984863)
[20] (175.0, 1.6169118881225586)

0.7 100 v1
160.0 43.07655620574951
[5] (191.0, 0.11410689353942871)
[10] (172.0, 0.46088504791259766)
[20] (164.0, 1.7265210151672363)