100
0.4
1
3
6
11
15
19
20
21
22
23
24
27
32
33
34
37
42
49
50
54
55
57
58
68
70
74
76
78
80
82
83
84
87
89
91
92
96
97
99
102
103
105
107
109
112
114
115
116
118
120
122
125
126
129
131
134
138
139
141
143
148
149
154
157
161
163
164
166
167
168
172
173
176
177
179
183
184
185
188
190
193
194
199
200
208
214
217
218
222
228
229
230
231
234
235
237
238
239
243
245
1
7
8
10
11
13
20
23
35
37
38
39
41
43
45
46
48
53
63
64
70
72
75
76
79
82
84
85
86
88
89
90
96
98
100
101
102
103
104
119
122
123
127
130
131
132
134
135
137
138
144
149
150
154
155
158
159
161
163
165
166
168
170
171
172
173
177
180
183
184
188
189
193
199
201
205
208
209
214
215
216
217
218
219
220
227
229
230
233
235
238
240
241
247
250
260
268
270
271
272
1
10
11
14
20
23
29
32
33
34
36
42
44
46
47
48
54
56
57
58
62
70
73
75
76
77
79
82
89
92
94
95
97
98
101
102
103
104
105
107
108
113
120
122
124
133
137
138
140
145
146
147
149
152
153
154
155
160
161
162
166
167
168
170
172
173
175
176
177
178
181
185
188
189
190
192
193
197
200
201
202
205
207
208
211
213
217
221
222
223
228
231
235
236
238
241
242
246
247
249