100
0.4
1
3
6
7
12
14
15
17
18
21
23
25
26
27
29
34
35
46
55
56
57
58
59
61
64
65
70
73
76
77
79
85
86
88
89
92
96
98
99
104
105
106
110
115
122
124
126
128
132
138
139
140
141
142
144
146
148
149
150
162
164
165
170
172
174
175
177
182
185
186
187
189
192
193
194
196
200
207
214
216
218
219
221
224
233
235
237
240
243
248
249
250
252
253
254
256
259
261
264
266
1
2
6
8
9
10
13
14
16
17
18
22
23
24
25
26
27
29
30
32
33
38
41
42
43
45
54
64
69
70
74
75
76
77
78
79
83
84
87
91
94
95
96
97
104
106
107
108
109
113
114
115
120
126
127
128
136
139
140
142
151
156
158
159
162
163
164
170
172
173
175
177
178
179
181
182
183
186
188
189
190
192
193
194
199
204
207
215
220
222
223
224
225
228
234
235
237
242
245
248
1
2
3
7
10
12
15
18
19
23
24
25
26
30
31
34
36
37
39
48
50
53
58
61
62
63
65
66
67
70
72
74
75
76
80
83
84
85
88
90
91
92
94
95
100
105
106
110
112
113
115
116
117
118
123
125
126
129
130
132
133
135
136
137
141
142
143
144
145
147
148
150
151
152
156
160
162
163
164
165
167
169
171
173
174
177
180
182
183
184
185
186
188
192
193
197
198
199
201
202