100
0.4
1
4
6
8
17
19
20
25
27
28
29
34
37
39
47
49
50
51
52
55
57
60
63
64
66
68
70
73
75
77
81
82
85
86
91
96
98
100
104
105
106
107
112
117
118
130
136
137
139
147
151
154
155
157
158
159
162
163
164
166
168
169
173
174
175
176
180
184
188
192
193
194
195
202
206
210
212
215
218
219
220
223
224
225
232
233
239
243
245
247
248
249
251
252
255
259
262
263
264
266
1
3
4
6
7
10
12
15
17
20
22
25
27
28
29
32
38
42
46
47
49
50
51
54
58
60
61
63
65
66
67
68
69
70
78
80
81
82
87
90
91
92
93
96
97
98
104
106
110
111
112
114
116
117
119
120
125
126
127
132
137
139
141
143
144
146
148
150
151
152
154
155
160
162
163
164
166
167
168
169
173
178
179
183
184
185
188
190
191
192
193
194
195
199
200
206
207
209
210
212
1
2
4
8
9
10
13
17
20
21
24
25
27
28
30
33
34
35
39
40
41
43
46
47
48
51
53
56
59
60
66
67
68
70
72
74
79
80
81
82
85
87
88
93
94
99
104
105
106
107
108
111
113
115
122
123
124
126
129
131
133
134
137
143
145
151
153
154
155
156
158
159
160
162
165
166
169
170
171
174
176
177
181
183
186
188
191
192
197
199
206
211
212
213
214
216
217
221
225
226