100
0.4
1
2
4
8
9
10
13
17
20
21
24
25
27
28
30
33
34
35
39
40
41
43
46
47
48
51
53
56
59
60
66
67
68
70
72
74
79
80
81
82
85
87
88
93
94
99
104
105
106
107
108
111
113
115
122
123
124
126
129
131
133
134
137
143
145
151
153
154
155
156
158
159
160
162
165
166
169
170
171
174
176
177
181
183
186
188
191
192
197
199
206
211
212
213
214
216
217
221
225
226
1
2
7
9
12
19
20
21
22
32
36
37
38
40
42
47
48
51
54
55
58
59
60
64
65
66
67
69
73
74
79
81
82
83
84
85
86
89
92
93
95
97
100
102
104
106
110
111
113
114
115
118
122
128
129
130
131
133
134
137
140
141
143
144
145
147
148
149
150
153
154
156
159
162
166
167
177
179
180
186
190
191
192
198
199
200
202
204
205
209
214
215
217
218
219
220
221
222
223
226
1
2
3
13
14
15
19
20
31
35
36
40
41
43
44
49
52
53
55
59
60
61
62
63
66
72
77
78
81
82
83
84
87
88
89
93
95
96
102
106
111
112
115
116
120
125
127
130
135
136
137
140
146
149
152
154
156
157
158
162
163
165
166
171
174
175
177
178
184
185
186
191
192
198
201
205
207
215
216
224
225
236
238
239
241
243
249
253
255
258
259
260
262
265
271
272
277
280
283
285