100
0.4
1
2
3
13
14
15
19
20
31
35
36
40
41
43
44
49
52
53
55
59
60
61
62
63
66
72
77
78
81
82
83
84
87
88
89
93
95
96
102
106
111
112
115
116
120
125
127
130
135
136
137
140
146
149
152
154
156
157
158
162
163
165
166
171
174
175
177
178
184
185
186
191
192
198
201
205
207
215
216
224
225
236
238
239
241
243
249
253
255
258
259
260
262
265
271
272
277
280
283
285
1
2
8
10
14
20
23
24
30
31
32
33
39
40
41
42
44
49
50
52
54
56
57
58
59
60
62
65
66
73
74
77
81
82
83
84
85
89
90
91
94
99
100
101
106
107
108
109
110
111
112
117
119
123
129
136
139
144
146
147
148
149
150
154
156
157
159
160
162
163
164
166
172
175
179
181
184
186
187
189
190
191
197
201
209
210
211
220
222
224
227
231
234
237
246
248
253
259
260
261
1
2
3
5
6
9
10
11
12
13
15
16
20
21
22
23
27
30
31
37
44
46
52
59
60
61
64
68
72
74
77
78
81
82
86
88
91
92
94
97
100
101
103
106
108
111
114
116
117
118
119
124
125
126
127
129
132
135
141
145
154
156
158
164
165
166
167
169
170
171
172
174
180
181
183
185
186
187
189
191
194
200
201
202
210
211
213
216
218
219
221
223
225
226
227
228
230
233
235
237