100
0.4
1
2
3
5
6
9
10
11
12
13
15
16
20
21
22
23
27
30
31
37
44
46
52
59
60
61
64
68
72
74
77
78
81
82
86
88
91
92
94
97
100
101
103
106
108
111
114
116
117
118
119
124
125
126
127
129
132
135
141
145
154
156
158
164
165
166
167
169
170
171
172
174
180
181
183
185
186
187
189
191
194
200
201
202
210
211
213
216
218
219
221
223
225
226
227
228
230
233
235
237
1
5
6
8
9
11
19
23
27
28
31
35
36
39
41
43
48
53
55
57
60
63
68
73
79
80
81
82
87
101
103
105
106
107
109
110
111
113
117
120
126
128
130
133
138
144
145
150
152
153
154
156
161
166
169
172
178
183
185
186
187
189
191
194
195
199
204
207
209
210
214
215
221
222
226
229
230
231
232
235
241
242
243
245
248
250
252
255
258
259
262
264
268
270
272
273
280
283
285
289
1
4
5
11
12
15
16
17
22
23
24
27
28
31
32
33
36
38
42
48
54
55
56
58
60
61
69
72
74
75
76
79
80
81
82
85
90
92
95
96
97
98
99
100
103
111
113
114
122
123
126
127
131
132
133
134
136
138
140
141
143
146
147
148
152
153
154
156
159
160
161
166
169
171
172
174
177
179
184
186
187
189
190
191
195
197
198
199
200
202
205
214
217
220
223
229
232
234
235
236