100
0.4
1
6
7
9
12
13
14
15
16
17
18
22
26
28
30
31
33
34
35
39
40
41
42
45
50
54
57
59
60
63
68
70
71
77
78
79
83
86
87
88
90
92
96
99
100
101
104
108
111
112
114
115
119
124
131
133
135
138
140
142
144
148
153
154
155
156
158
159
164
165
166
168
170
171
184
185
186
189
190
191
193
197
198
199
201
209
212
213
216
217
218
220
223
225
226
228
229
232
240
241
1
8
17
18
20
21
24
26
27
28
29
31
37
40
43
48
49
52
53
58
59
60
61
65
66
68
69
72
77
83
85
87
90
91
93
94
95
97
98
104
105
106
107
109
111
112
115
116
118
122
124
125
127
128
129
131
132
136
138
140
141
142
143
146
147
150
152
154
155
156
157
160
163
164
166
167
168
170
174
176
177
179
180
184
186
189
191
193
197
198
200
202
205
207
211
213
214
215
219
221
1
3
7
12
16
18
19
20
21
22
26
27
29
32
34
35
38
39
40
44
45
46
47
48
49
52
54
55
56
59
60
64
66
71
73
74
77
83
91
93
95
98
102
104
106
111
113
120
122
123
128
130
134
136
138
139
142
143
144
145
148
154
155
156
157
158
163
165
166
169
171
177
178
180
181
183
186
190
204
205
207
209
211
214
216
225
227
229
234
235
236
237
238
239
240
243
247
249
253
254