100
0.4
1
4
5
8
12
18
19
27
29
30
31
33
36
40
41
43
50
52
55
58
59
60
61
63
64
67
77
78
81
84
86
87
93
98
101
111
112
122
123
124
127
128
131
133
137
138
141
142
150
158
159
162
166
170
171
172
173
177
179
181
183
188
192
193
195
196
200
201
207
208
211
214
219
220
221
223
225
228
229
230
231
232
233
235
236
237
243
245
247
248
249
250
254
258
259
271
272
275
276
277
1
2
3
4
5
9
16
18
22
23
25
27
28
29
31
32
34
37
39
42
45
49
50
53
54
55
57
59
60
63
64
65
66
67
69
72
73
74
77
81
85
93
96
97
98
99
100
101
105
109
110
111
112
114
116
118
120
121
122
125
126
128
129
130
132
133
138
142
143
145
146
147
148
152
153
157
160
163
165
166
167
168
172
173
174
175
176
177
178
180
185
187
190
192
193
194
195
196
197
198
1
2
4
5
6
9
10
14
15
17
18
21
23
24
25
28
29
31
35
38
41
44
46
49
56
58
60
61
62
66
75
78
79
80
81
88
92
94
96
101
102
108
111
117
119
121
126
127
130
134
135
140
141
142
143
145
150
151
153
155
157
158
164
166
168
169
172
175
179
184
187
189
193
194
195
196
199
201
208
210
218
224
225
227
231
232
235
238
239
242
249
250
252
253
254
255
258
259
260
261