100
0.4
1
2
5
8
9
10
11
12
16
17
18
21
24
35
36
41
43
45
47
50
51
52
55
56
58
60
61
65
66
68
70
72
73
75
77
78
81
83
84
89
96
103
105
108
109
111
112
115
118
121
122
123
128
129
130
131
132
133
141
142
145
146
148
149
151
155
159
160
161
163
165
168
171
176
182
183
187
189
196
198
200
204
205
206
208
209
212
214
216
218
220
222
223
228
229
230
231
236
243
248
1
5
7
9
10
11
13
18
21
22
27
32
38
39
42
46
47
49
50
51
52
53
54
56
60
64
66
67
69
70
77
83
84
85
86
87
89
94
97
100
103
107
108
110
111
112
114
116
119
121
122
125
133
142
145
147
150
151
153
155
157
161
163
167
168
174
177
179
181
182
184
185
186
187
190
196
198
202
204
206
207
208
212
214
218
219
224
227
230
233
237
239
240
242
245
248
249
251
253
254
1
3
5
6
11
12
14
15
16
18
19
27
30
33
35
37
45
46
47
49
51
58
61
63
64
65
67
70
72
74
77
79
84
88
90
92
93
99
103
104
109
111
119
120
121
124
126
129
135
139
140
141
142
143
148
152
153
155
157
158
161
164
168
171
175
176
177
178
180
182
184
186
187
194
196
197
200
201
206
207
211
212
213
214
215
216
222
224
226
227
231
232
234
241
245
246
248
251
252
254