100
0.4
1
4
5
6
7
8
14
18
22
24
28
32
38
40
41
42
43
47
48
51
54
55
56
57
59
62
67
69
70
73
78
79
80
87
91
93
95
96
97
101
103
104
107
110
111
113
114
117
118
121
123
124
126
128
129
130
136
139
140
142
143
144
146
150
159
160
164
167
168
169
170
174
175
177
180
182
186
187
190
194
195
196
199
201
210
212
218
220
221
223
228
232
238
240
241
243
246
247
249
252
1
3
4
5
9
10
13
15
16
18
21
28
36
39
40
44
45
48
50
53
55
56
58
59
61
62
64
70
72
76
80
85
86
88
91
92
93
95
96
98
99
100
101
102
104
108
109
111
112
113
116
117
121
125
127
128
133
134
135
136
138
141
142
143
147
158
163
167
169
170
171
176
179
181
182
183
185
186
187
195
196
199
201
202
204
205
207
210
217
218
219
222
225
231
232
233
236
237
238
247
1
4
5
7
8
9
10
17
18
19
22
29
30
33
34
35
36
37
40
41
42
43
44
48
49
50
52
57
59
62
63
64
68
70
73
74
76
78
89
93
94
98
99
101
102
104
105
107
108
110
112
117
119
120
121
131
132
133
134
138
142
144
145
148
149
150
152
157
163
165
169
172
174
178
180
181
182
184
186
187
190
195
196
197
198
200
204
205
207
215
216
217
220
227
228
229
230
234
236
238