100
0.6
1
3
6
7
8
9
11
12
15
16
17
18
19
22
24
26
27
31
32
33
34
35
36
37
39
41
42
43
44
46
47
49
50
53
54
56
57
60
62
63
64
65
69
71
72
74
75
77
78
80
81
82
83
84
86
88
89
90
91
93
94
97
99
100
102
103
104
107
108
109
110
112
113
115
117
118
122
124
127
132
133
135
136
137
138
139
140
141
142
143
146
147
148
149
150
151
153
154
158
159
1
3
6
11
13
16
17
18
19
21
22
25
26
27
30
31
36
38
40
41
45
46
47
50
55
58
59
60
61
62
68
69
73
75
80
81
82
83
84
85
87
89
91
92
94
96
99
101
103
104
105
112
113
114
115
116
117
122
123
125
129
130
132
133
134
136
137
138
139
141
142
144
149
150
151
152
153
157
159
160
164
167
168
169
170
171
175
176
177
178
179
181
182
183
184
185
186
187
191
192
1
6
7
8
10
12
14
15
16
17
18
21
22
23
24
25
26
27
28
30
31
32
33
34
35
36
37
39
40
42
43
47
48
51
52
53
54
55
56
57
59
60
63
64
65
67
68
69
71
72
73
75
78
79
80
81
82
83
86
88
89
96
98
100
101
103
104
106
107
109
110
115
117
118
119
120
122
123
124
125
126
127
128
129
130
132
133
134
135
136
137
138
139
142
144
145
147
148
151
153