100
0.6
1
3
4
5
8
13
14
16
18
20
21
22
23
24
25
26
27
28
29
32
33
34
35
36
37
38
39
40
42
43
44
45
46
48
52
53
54
58
59
61
63
64
65
66
68
73
75
77
79
80
81
82
83
85
88
96
98
99
100
101
104
105
106
107
108
109
110
115
120
121
123
124
125
126
127
128
129
132
133
134
135
139
142
143
145
146
147
149
151
153
154
155
156
158
159
160
161
162
163
165
1
3
4
5
7
9
10
12
14
15
16
18
19
20
21
23
24
26
27
29
30
36
41
42
43
44
46
49
52
56
57
59
63
66
67
68
69
71
72
74
75
77
78
80
81
82
83
84
86
87
88
91
92
94
95
96
97
98
101
104
105
106
109
110
112
114
116
117
120
121
122
124
129
130
131
133
136
140
141
142
143
144
145
148
149
150
153
154
155
156
157
158
160
161
162
163
165
167
168
169
1
5
6
8
9
10
11
13
16
17
18
19
20
22
23
26
29
30
31
32
34
35
37
38
39
44
45
49
50
51
52
53
54
55
56
58
61
62
64
65
66
67
68
73
74
75
77
81
82
83
84
85
86
87
90
91
93
94
95
97
98
99
100
101
102
104
106
107
108
110
112
113
116
117
118
119
121
122
123
124
125
127
128
130
131
132
135
136
140
142
143
144
145
147
149
152
153
154
155
156