100
0.6
1
5
6
8
9
10
11
13
16
17
18
19
20
22
23
26
29
30
31
32
34
35
37
38
39
44
45
49
50
51
52
53
54
55
56
58
61
62
64
65
66
67
68
73
74
75
77
81
82
83
84
85
86
87
90
91
93
94
95
97
98
99
100
101
102
104
106
107
108
110
112
113
116
117
118
119
121
122
123
124
125
127
128
130
131
132
135
136
140
142
143
144
145
147
149
152
153
154
155
156
1
2
3
5
6
7
8
11
12
15
16
17
18
20
23
24
26
29
31
33
35
37
41
42
43
44
47
48
50
51
53
54
55
57
58
61
62
63
64
65
66
67
69
71
72
75
78
79
81
82
84
88
89
90
91
92
93
95
96
98
99
101
102
103
104
105
106
107
108
109
110
112
113
114
117
118
119
120
122
123
125
128
129
131
134
135
136
138
139
140
141
142
143
144
146
147
148
149
150
154
1
2
5
6
9
11
12
13
14
15
16
17
18
19
21
22
23
24
26
27
28
29
30
31
32
33
34
36
38
39
41
45
46
47
48
51
56
62
63
66
67
73
74
75
76
78
79
81
82
84
85
86
87
89
92
93
94
96
97
100
101
102
103
104
106
114
115
116
119
120
122
126
127
128
129
130
131
132
133
134
138
139
141
142
144
146
154
155
156
160
162
164
166
167
168
171
173
179
180
181