100
0.6
1
2
5
6
9
11
12
13
14
15
16
17
18
19
21
22
23
24
26
27
28
29
30
31
32
33
34
36
38
39
41
45
46
47
48
51
56
62
63
66
67
73
74
75
76
78
79
81
82
84
85
86
87
89
92
93
94
96
97
100
101
102
103
104
106
114
115
116
119
120
122
126
127
128
129
130
131
132
133
134
138
139
141
142
144
146
154
155
156
160
162
164
166
167
168
171
173
179
180
181
1
2
3
5
7
8
9
10
11
12
14
16
17
18
19
21
22
23
26
27
28
29
30
31
35
36
38
39
40
42
43
46
47
48
49
51
52
53
54
55
56
57
58
61
62
64
65
66
67
68
69
71
72
73
74
75
76
79
80
81
82
84
85
86
88
89
93
94
99
100
102
103
104
105
106
107
109
110
115
118
123
124
125
126
127
130
132
133
134
135
137
138
139
142
144
145
147
148
150
151
1
2
3
4
5
9
10
11
12
13
14
15
17
18
19
24
25
27
28
31
32
33
34
36
37
38
40
41
43
45
46
47
49
50
51
52
55
57
59
63
64
66
68
69
70
73
75
76
77
78
80
81
82
87
88
89
90
91
92
93
94
95
97
99
103
104
106
108
112
113
114
115
116
117
118
119
120
124
126
127
128
129
132
133
134
136
137
138
140
141
142
143
144
145
146
151
152
153
154
155