100
0.6
1
2
4
5
7
8
11
13
16
18
21
22
24
25
27
28
31
32
33
35
37
38
39
40
42
44
47
49
50
51
52
53
54
55
56
57
58
59
61
63
65
68
70
71
72
73
74
76
77
80
81
82
83
85
86
87
90
91
93
95
96
97
100
103
104
105
106
107
108
109
110
112
113
115
116
117
119
120
122
123
125
127
128
129
131
132
134
135
136
137
138
140
142
143
144
146
147
148
149
150
1
2
3
4
5
6
8
9
11
12
15
18
19
21
25
30
31
34
35
40
41
42
43
44
45
47
48
50
51
53
56
57
58
59
61
62
64
69
70
74
76
77
78
79
81
82
83
86
88
91
92
94
95
96
99
100
101
103
104
106
113
114
115
117
118
119
122
123
125
128
130
131
136
137
138
139
140
141
142
143
144
147
148
149
151
152
154
159
160
161
164
165
166
167
168
169
172
174
175
176
1
2
4
5
6
7
9
10
13
14
15
16
18
19
22
24
25
30
31
32
33
36
37
38
39
40
41
44
46
47
48
54
55
59
61
62
64
65
67
70
71
72
73
76
78
79
81
82
83
84
87
89
92
94
97
98
99
101
102
103
105
106
107
109
110
115
116
117
118
120
122
124
126
127
129
131
132
133
135
137
138
139
142
143
144
145
149
150
151
152
154
158
161
163
164
165
166
167
168
169