100
0.6
1
2
3
4
5
6
7
8
9
11
13
15
17
18
20
21
22
23
24
25
29
30
31
32
34
35
38
39
40
41
43
44
45
47
49
51
52
54
58
59
61
64
65
66
68
70
72
73
74
77
80
81
83
84
85
86
87
88
91
94
97
98
101
102
104
105
106
108
109
110
111
113
114
115
117
120
121
122
123
126
129
130
131
132
135
137
140
142
143
144
145
147
149
150
151
152
153
154
156
157
1
2
4
5
6
7
10
11
12
13
15
16
17
18
19
20
21
23
29
31
33
36
37
38
39
42
44
46
47
48
49
50
52
53
54
55
56
57
58
62
63
66
67
68
69
70
71
75
77
78
85
87
88
89
91
92
93
94
96
98
99
100
101
102
104
105
106
107
109
111
112
113
115
116
118
119
121
123
124
125
126
127
128
130
131
132
133
135
136
137
138
139
140
141
142
143
145
146
148
149
1
2
3
4
5
7
8
10
11
12
13
14
17
18
19
20
22
23
24
29
30
31
32
33
34
35
36
37
38
41
43
44
45
46
47
48
50
52
53
55
56
58
61
62
63
64
65
67
68
70
72
73
74
75
77
78
79
86
89
90
92
93
95
96
97
101
102
104
106
108
109
110
111
112
113
114
115
118
119
120
121
124
126
127
128
131
132
133
136
137
138
139
141
142
143
144
145
146
147
149