100
0.6
1
5
6
9
10
12
13
18
19
20
21
24
25
27
28
30
34
36
40
41
42
44
45
46
48
49
50
51
52
55
56
57
58
59
61
64
65
68
70
72
74
75
76
77
78
80
83
84
85
86
87
88
90
91
92
93
96
99
100
102
103
106
107
108
110
111
112
113
114
115
116
117
119
121
123
124
125
126
127
128
129
130
131
132
133
134
136
138
139
141
142
143
144
145
148
150
151
152
153
154
1
3
5
6
7
8
9
10
13
14
15
16
17
18
20
21
22
23
25
32
33
34
35
36
37
38
39
40
43
44
46
48
50
51
52
53
54
58
59
61
62
65
66
68
69
70
71
73
76
77
78
79
83
84
90
92
95
97
98
99
100
102
103
105
106
108
109
111
112
114
115
118
121
124
126
129
130
131
133
135
136
138
139
142
143
147
149
150
152
153
154
155
157
160
162
163
164
170
171
173
1
2
3
5
8
9
12
14
15
17
18
19
20
23
24
25
29
32
33
34
35
37
39
40
41
42
44
45
48
51
52
54
55
56
57
59
60
62
63
64
65
66
69
70
72
74
76
77
79
83
84
85
86
87
88
89
94
95
96
97
98
101
102
103
107
110
111
115
116
118
120
121
123
125
126
127
131
132
135
136
140
141
142
143
144
146
147
148
149
150
154
155
157
158
159
162
164
165
167
173