100
0.6
1
2
3
5
8
9
12
14
15
17
18
19
20
23
24
25
29
32
33
34
35
37
39
40
41
42
44
45
48
51
52
54
55
56
57
59
60
62
63
64
65
66
69
70
72
74
76
77
79
83
84
85
86
87
88
89
94
95
96
97
98
101
102
103
107
110
111
115
116
118
120
121
123
125
126
127
131
132
135
136
140
141
142
143
144
146
147
148
149
150
154
155
157
158
159
162
164
165
167
173
1
2
4
7
10
13
14
16
17
18
19
22
23
24
25
26
27
29
30
32
34
38
40
43
44
49
51
53
55
56
58
59
60
61
62
63
64
65
66
67
71
73
74
76
77
78
79
80
86
87
89
91
92
94
95
96
98
99
100
101
103
105
109
110
111
113
114
115
116
117
119
121
122
123
124
125
127
128
129
140
141
142
145
146
149
150
152
154
155
157
160
161
167
169
171
172
173
175
177
178
1
2
3
4
6
8
9
10
11
12
15
16
17
18
21
22
23
25
26
27
28
29
30
31
32
34
35
36
37
39
40
41
42
43
45
46
47
49
50
51
53
54
55
57
59
60
62
66
67
69
72
76
80
81
88
89
90
91
96
97
98
99
100
101
107
108
110
111
112
113
115
117
119
121
122
124
128
129
130
132
133
134
135
136
139
140
142
144
145
147
148
149
150
152
153
154
155
158
159
160