100
0.6
1
2
3
4
6
7
9
11
12
13
16
18
21
23
24
26
27
28
29
31
33
34
36
37
38
40
41
46
47
48
50
51
52
56
58
59
60
61
63
64
65
66
67
68
71
73
76
78
80
81
85
86
87
88
89
90
91
92
93
94
98
101
105
108
109
110
111
112
113
114
115
116
117
118
120
122
123
124
125
126
127
133
134
136
137
139
141
142
146
150
153
154
157
158
159
161
163
164
167
169
1
2
4
6
8
9
11
14
15
16
18
19
22
23
24
26
27
28
29
30
31
32
33
34
35
36
38
39
42
43
44
45
46
47
48
50
52
53
54
55
56
57
58
60
63
64
66
67
68
69
72
73
74
75
76
77
78
79
80
81
84
86
92
93
94
95
96
97
98
99
100
101
102
105
107
114
117
118
123
125
126
129
131
132
133
134
135
136
137
138
139
142
143
144
146
147
148
150
151
152
1
2
3
4
7
8
10
11
12
13
14
15
16
18
19
21
26
28
29
30
31
34
35
38
39
41
42
44
47
48
49
52
54
55
57
60
61
62
65
66
67
68
71
72
75
77
79
81
83
84
85
87
88
93
95
96
97
99
102
104
105
107
109
110
114
116
119
124
126
127
128
129
130
131
134
135
137
138
140
141
142
143
145
147
148
150
151
152
154
157
158
159
160
161
164
165
167
168
171
172