67
0.7
1
3
4
6
8
9
10
11
12
15
16
17
18
20
21
22
23
25
26
27
28
30
31
32
33
34
35
37
38
39
40
41
43
44
45
47
49
50
51
52
53
56
57
58
59
61
62
63
64
66
67
68
70
71
73
74
75
77
78
79
80
81
83
85
87
88
90
1
6
7
11
13
14
15
16
17
18
19
20
21
22
23
24
25
26
27
28
31
32
35
37
38
39
40
41
42
43
45
46
47
48
49
51
52
53
54
55
56
58
59
64
65
66
68
69
70
71
72
73
74
78
79
80
81
83
86
87
88
91
92
94
95
98
100
1
3
8
9
10
11
12
13
14
15
16
18
19
20
21
24
25
26
27
28
31
33
34
36
38
39
40
41
42
45
46
47
48
49
50
51
52
55
56
57
58
61
63
66
70
71
78
79
80
81
85
86
89
90
91
92
93
94
95
96
97
98
99
101
102
103
105