67
0.7
1
2
5
7
8
9
10
13
14
15
18
19
21
22
23
24
25
27
29
31
32
33
34
35
37
39
41
43
44
45
46
47
48
49
51
52
53
56
58
59
61
63
64
65
67
69
70
71
72
73
74
75
78
79
80
81
84
85
86
87
89
90
91
92
94
98
99
1
2
3
5
6
7
8
12
13
16
18
19
22
23
25
27
28
29
30
32
33
34
37
38
39
40
41
42
43
44
46
47
49
54
55
56
57
58
59
63
65
66
67
70
72
73
75
76
78
80
81
82
84
86
88
92
94
95
96
97
98
99
100
105
107
108
110
1
2
5
6
7
9
10
12
13
15
17
18
19
21
22
23
24
25
27
28
30
34
35
36
40
43
45
46
47
50
52
53
55
56
59
61
62
64
65
66
67
68
69
70
71
72
74
75
76
77
79
80
81
82
84
85
87
91
92
93
95
96
97
98
101
105
107