60
0.4
2
3
10
11
12
15
16
17
19
24
25
26
27
29
30
34
35
37
38
46
48
50
53
54
61
64
65
66
68
70
72
73
75
83
85
86
88
91
95
96
98
99
106
107
119
120
121
125
126
128
135
136
137
138
140
142
145
149
152
153
2
6
8
10
18
21
25
26
28
30
31
32
35
38
39
44
53
57
58
59
60
61
68
70
73
74
79
80
83
85
86
87
90
91
92
93
96
98
99
100
102
106
107
112
119
125
129
133
135
137
139
142
145
146
148
149
151
158
160
164
1
4
5
7
10
12
17
18
22
30
31
33
35
40
43
45
47
50
51
53
56
60
61
63
72
75
76
81
82
83
86
88
89
90
91
93
95
96
97
98
101
102
106
107
108
109
110
111
112
113
114
117
120
123
124
125
130
131
133
135