60
0.4
1
4
7
10
16
17
19
22
23
26
27
29
33
34
35
38
39
42
43
48
49
51
53
55
56
57
58
61
64
65
68
69
70
77
84
86
87
88
89
93
94
96
97
102
103
107
108
109
112
113
115
117
118
124
125
129
132
135
137
145
5
8
10
15
18
23
24
28
33
35
36
38
42
43
44
45
46
48
50
51
52
54
56
61
66
68
70
74
77
79
80
84
85
86
89
90
93
94
96
100
102
103
107
110
111
112
113
114
115
121
125
128
131
136
139
140
143
145
149
150
3
6
10
11
12
14
15
17
18
19
21
24
27
32
33
35
37
38
47
52
54
57
58
59
60
62
63
65
73
76
77
86
87
88
92
96
99
101
103
106
121
123
125
126
130
131
132
133
138
140
143
144
145
146
148
153
156
158
162
166