60
0.4
2
4
8
19
22
24
25
31
36
37
39
40
44
47
51
58
63
66
68
78
83
84
85
86
87
91
92
94
95
98
99
102
105
110
115
118
123
124
128
129
130
132
134
139
142
146
147
156
157
159
160
162
163
164
167
170
172
173
179
181
2
3
5
6
11
13
14
15
16
17
21
22
24
25
27
28
29
32
34
45
46
47
51
52
55
57
60
65
68
70
72
73
74
75
78
79
80
83
84
86
91
94
98
99
101
102
105
106
111
113
114
120
124
126
130
131
136
138
142
143
3
5
8
12
13
14
18
19
26
28
34
36
38
39
43
44
45
48
50
52
54
56
58
59
60
62
66
67
70
73
76
78
80
83
84
86
89
90
91
98
100
104
106
108
109
117
121
126
129
130
131
132
133
135
139
140
142
144
146
149