60
0.4
4
6
7
11
13
14
16
17
18
21
23
26
27
29
34
37
38
52
54
55
56
61
64
67
72
74
75
76
77
78
82
83
86
92
95
97
101
104
106
107
110
112
114
116
119
123
125
128
133
135
142
151
152
156
157
158
159
160
161
162
1
7
8
13
15
19
25
31
32
36
37
38
42
44
46
47
50
52
57
60
61
64
65
66
67
77
78
82
83
85
88
92
96
97
100
102
104
106
107
108
112
115
116
118
119
125
134
135
136
137
142
144
145
146
148
149
153
157
159
163
1
4
5
11
12
13
15
17
20
24
25
27
28
31
38
39
40
42
43
45
52
55
58
59
60
63
68
69
72
73
74
75
77
78
80
83
85
87
89
90
95
96
99
102
104
109
110
112
113
115
116
117
118
119
125
128
129
131
132
134