60
0.4
2
5
7
13
14
17
19
25
26
33
36
37
44
45
46
48
49
59
61
67
69
72
76
77
82
85
87
96
97
99
100
101
102
103
104
107
108
112
113
118
123
128
130
131
132
133
134
135
136
138
139
143
145
146
147
153
154
155
156
157
2
4
5
6
7
11
13
14
21
24
25
27
29
31
32
33
37
39
48
49
50
54
55
58
60
61
62
65
67
68
74
77
79
81
86
88
95
97
99
103
104
107
111
112
115
116
118
119
120
121
123
129
131
134
140
143
144
147
148
151
3
12
15
16
17
18
19
23
24
28
31
33
36
40
42
43
46
47
56
57
63
64
66
67
68
70
72
77
80
81
86
87
89
90
92
100
101
103
104
105
106
108
109
110
114
115
116
117
119
126
132
136
139
149
150
152
155
157
158
160