60
0.4
1
3
5
6
8
13
16
18
20
21
22
24
29
31
33
37
38
40
42
45
46
48
51
52
54
57
59
62
63
66
68
69
70
76
77
78
79
83
88
96
99
100
101
104
105
108
111
114
115
120
121
123
124
125
126
131
133
136
137
143
1
2
3
13
17
18
19
20
22
23
32
33
34
37
38
39
44
49
50
51
52
56
58
60
64
65
69
70
72
75
77
78
83
87
92
96
103
104
105
124
125
126
128
129
130
132
139
144
145
146
147
148
155
157
158
161
166
167
168
169
1
2
4
6
11
12
13
14
15
16
20
21
22
23
26
27
28
29
33
34
43
47
49
51
52
57
64
69
73
74
77
78
79
80
82
83
85
88
89
90
96
97
102
103
104
107
109
110
111
113
114
117
120
130
135
138
140
144
145
147