60
0.4
3
12
15
16
17
18
19
23
24
28
31
33
36
40
42
43
46
47
56
57
63
64
66
67
68
70
72
77
80
81
86
87
89
90
92
100
101
103
104
105
106
108
109
110
114
115
116
117
119
126
132
136
139
149
150
152
155
157
158
160
3
11
18
22
23
31
40
42
44
47
53
55
56
58
59
63
64
70
73
74
76
77
79
80
81
85
86
88
89
95
102
104
105
106
111
113
116
120
124
126
128
129
133
137
138
146
150
151
153
155
156
157
162
167
169
172
174
175
177
179
4
5
10
16
19
21
22
26
29
32
34
36
37
39
42
45
46
48
50
51
53
54
57
60
65
66
72
77
81
82
85
86
87
93
102
105
106
108
110
113
123
124
129
131
132
133
135
137
139
140
143
144
148
152
154
155
157
160
161
165