60
0.4
4
5
10
16
19
21
22
26
29
32
34
36
37
39
42
45
46
48
50
51
53
54
57
60
65
66
72
77
81
82
85
86
87
93
102
105
106
108
110
113
123
124
129
131
132
133
135
137
139
140
143
144
148
152
154
155
157
160
161
165
5
7
10
12
22
25
26
28
34
43
44
48
51
53
54
55
61
62
77
81
82
88
89
90
93
94
97
99
100
101
106
107
109
111
112
114
117
118
120
121
124
128
131
134
135
136
143
146
149
150
151
153
157
163
165
167
170
173
175
184
4
6
7
10
11
14
15
16
19
21
27
29
35
36
39
43
47
50
53
56
57
58
59
61
62
64
66
68
70
72
73
76
77
79
80
81
84
89
90
92
93
94
97
107
112
115
118
129
130
132
135
138
139
149
150
152
156
157
161
162