60
0.4
4
6
7
10
11
14
15
16
19
21
27
29
35
36
39
43
47
50
53
56
57
58
59
61
62
64
66
68
70
72
73
76
77
79
80
81
84
89
90
92
93
94
97
107
112
115
118
129
130
132
135
138
139
149
150
152
156
157
161
162
1
10
12
14
18
20
23
24
31
32
35
37
46
53
55
56
59
60
61
63
64
65
67
68
69
70
77
81
84
85
88
93
94
100
101
102
108
110
111
113
114
115
119
120
123
126
128
130
133
136
138
140
144
148
156
157
158
159
160
166
1
2
3
5
6
8
10
11
12
14
18
20
21
23
24
27
28
31
35
36
38
40
43
44
45
48
49
53
54
58
63
66
67
69
74
77
79
81
84
85
89
90
93
94
95
101
102
105
109
113
116
117
119
125
126
130
131
139
143
146