60
0.4
1
2
3
4
10
15
16
19
20
25
28
29
31
35
38
39
40
43
46
49
50
53
54
55
57
62
67
69
73
76
77
80
82
84
87
88
89
90
92
93
94
99
105
108
110
116
119
120
121
125
126
129
131
132
134
143
147
149
150
152
1
2
6
7
8
10
11
12
20
22
25
26
32
34
35
36
37
38
42
44
47
49
51
53
59
60
62
64
65
66
69
73
74
76
77
79
82
84
86
92
93
94
95
97
99
100
101
103
105
114
116
118
123
124
125
133
134
135
136
137
1
4
7
10
16
17
19
22
23
26
27
29
33
34
35
38
39
42
43
48
49
51
53
55
56
57
58
61
64
65
68
69
70
77
84
86
87
88
89
93
94
96
97
102
103
107
108
109
112
113
115
117
118
124
125
129
132
135
137
145