67
0.6
1
3
5
6
7
9
10
12
13
16
17
20
21
22
23
24
25
27
29
31
34
35
37
39
41
42
44
46
47
48
49
51
53
54
57
58
59
60
61
62
63
64
65
66
67
68
71
72
73
74
75
76
77
78
83
84
85
86
87
88
90
92
93
94
95
99
100
1
2
4
5
6
7
8
10
11
12
15
19
20
21
22
23
24
25
26
27
29
30
31
32
33
36
37
38
43
44
45
47
49
50
51
54
55
56
59
60
61
66
67
69
74
75
76
77
84
85
87
88
90
93
95
96
97
99
101
103
107
110
112
113
114
115
116
1
2
3
4
5
6
7
8
9
10
11
12
13
14
16
19
20
25
26
27
28
29
30
31
33
34
35
36
38
39
41
42
44
47
50
51
52
53
54
55
56
57
58
59
60
61
63
65
66
69
71
72
73
75
76
77
78
79
80
82
84
86
89
91
92
96
97