67
0.6
1
2
3
4
10
11
12
13
14
15
16
20
21
22
24
32
33
34
36
37
38
40
41
42
43
45
48
49
50
52
54
55
57
58
59
62
63
65
67
68
69
70
72
73
75
79
84
85
86
87
88
90
91
92
94
96
98
101
103
104
105
106
115
116
117
118
119
1
2
4
6
7
8
10
11
12
14
15
16
19
20
21
22
27
30
32
36
37
39
40
42
43
44
46
48
53
55
56
61
62
64
67
68
70
71
74
75
77
78
79
84
91
95
96
97
98
99
100
103
104
106
107
108
109
110
113
114
116
117
119
121
122
125
126
1
2
3
4
6
9
11
13
19
20
24
27
28
30
33
34
35
38
39
40
41
42
44
45
46
48
49
53
54
55
56
57
58
60
61
65
66
69
70
72
73
74
76
77
78
85
87
88
92
95
98
99
103
104
105
106
108
112
113
117
118
120
121
122
127
129
131