67
0.6
1
4
5
6
7
8
9
10
11
12
13
15
16
17
20
21
22
23
27
28
31
32
33
34
40
42
43
44
46
49
50
52
54
60
63
66
70
71
72
76
77
80
83
85
86
88
89
90
92
93
94
95
97
98
100
102
104
106
107
108
109
110
112
113
114
116
118
1
3
4
5
7
8
10
14
17
19
20
21
23
25
27
28
30
31
34
35
36
37
38
39
40
41
45
47
49
50
51
52
53
55
57
58
60
61
62
63
64
65
66
69
70
72
73
74
76
78
79
80
83
87
89
90
91
93
94
96
97
98
99
100
101
102
104
1
3
5
7
9
10
12
13
14
15
16
17
19
20
22
23
24
25
28
29
30
31
32
33
34
35
36
40
41
42
43
46
47
48
50
51
52
54
55
56
57
58
60
62
65
66
67
68
70
71
72
73
74
76
79
80
83
85
87
88
89
91
92
93
96
98
99