(150.0, 12.694277048110962)
(159.0, 0.07503581047058105)
(154.0, 0.27007007598876953)
(151.0, 1.004884958267212)
-------------------------------------------All Solutions---------------------------------------------
(143.0, 12.592313766479492)
(146.0, 0.07514119148254395)
(143.0, 0.26624107360839844)
(143.0, 1.0017447471618652)
-------------------------------------------All Solutions---------------------------------------------
(143.0, 12.579429149627686)
(147.0, 0.07443809509277344)
(144.0, 0.26722002029418945)
(144.0, 1.0074238777160645)
-------------------------------------------All Solutions---------------------------------------------
(136.0, 12.67500901222229)
(145.0, 0.07410979270935059)
(138.0, 0.26821303367614746)
(137.0, 0.9972331523895264)
-------------------------------------------All Solutions---------------------------------------------
(135.0, 12.681734085083008)
(140.0, 0.07530927658081055)
(135.0, 0.26911497116088867)
(135.0, 1.0063769817352295)
-------------------------------------------All Solutions---------------------------------------------
(146.0, 12.585487127304077)
(149.0, 0.07480597496032715)
(149.0, 0.26929688453674316)
(146.0, 1.0031020641326904)
-------------------------------------------All Solutions---------------------------------------------
(147.0, 12.573131084442139)
(151.0, 0.07470107078552246)
(147.0, 0.26627588272094727)
(147.0, 0.9989800453186035)
-------------------------------------------All Solutions---------------------------------------------
(148.0, 12.620229005813599)
(150.0, 0.07526087760925293)
(148.0, 0.2674720287322998)
(148.0, 1.0024242401123047)
-------------------------------------------All Solutions---------------------------------------------
(141.0, 12.624360084533691)
(145.0, 0.07479190826416016)
(143.0, 0.26534104347229004)
(144.0, 1.0024287700653076)
-------------------------------------------All Solutions---------------------------------------------
(143.0, 12.610610008239746)
(148.0, 0.07686281204223633)
(143.0, 0.26641106605529785)
(143.0, 0.9997422695159912)
-------------------------------------------All Solutions---------------------------------------------
