(364.0, 41.56554818153381)
(364.0, 0.11239194869995117)
(364.0, 0.4197070598602295)
(364.0, 1.6335620880126953)
-------------------------------------------All Solutions---------------------------------------------
(332.0, 41.52099895477295)
(332.0, 0.11310386657714844)
(332.0, 0.42821383476257324)
(332.0, 1.6427669525146484)
-------------------------------------------All Solutions---------------------------------------------
(403.0, 41.76554799079895)
(403.0, 0.11487197875976562)
(403.0, 0.4222991466522217)
(403.0, 1.6509969234466553)
-------------------------------------------All Solutions---------------------------------------------
(364.0, 41.624751806259155)
(364.0, 0.11379504203796387)
(364.0, 0.4182240962982178)
(364.0, 1.632080078125)
-------------------------------------------All Solutions---------------------------------------------
(356.0, 41.78607368469238)
(356.0, 0.11357593536376953)
(356.0, 0.4248378276824951)
(356.0, 1.6712610721588135)
-------------------------------------------All Solutions---------------------------------------------
(317.0, 41.53815031051636)
(317.0, 0.11382079124450684)
(317.0, 0.4482448101043701)
(317.0, 1.7332532405853271)
-------------------------------------------All Solutions---------------------------------------------
(329.0, 41.868322134017944)
(329.0, 0.11328577995300293)
(329.0, 0.4218780994415283)
(329.0, 1.6383450031280518)
-------------------------------------------All Solutions---------------------------------------------
(334.0, 41.744417905807495)
(334.0, 0.11240601539611816)
(334.0, 0.41986894607543945)
(334.0, 1.6461830139160156)
-------------------------------------------All Solutions---------------------------------------------
(356.0, 41.66195893287659)
(356.0, 0.11398029327392578)
(356.0, 0.41991400718688965)
(356.0, 1.6452319622039795)
-------------------------------------------All Solutions---------------------------------------------
(350.0, 41.488186836242676)
(350.0, 0.11238408088684082)
(350.0, 0.41859912872314453)
(350.0, 1.6373779773712158)
-------------------------------------------All Solutions---------------------------------------------
