(134.0, 1.5438768863677979)
(134.0, 0.03753995895385742)
(134.0, 0.13903594017028809)
(134.0, 0.4407989978790283)
-------------------------------------------All Solutions---------------------------------------------
(107.0, 1.5192792415618896)
(109.0, 0.035494327545166016)
(109.0, 0.13316798210144043)
(107.0, 0.4275550842285156)
-------------------------------------------All Solutions---------------------------------------------
(116.0, 1.5014231204986572)
(116.0, 0.03563094139099121)
(116.0, 0.13171887397766113)
(116.0, 0.42249226570129395)
-------------------------------------------All Solutions---------------------------------------------
(130.0, 1.5150492191314697)
(130.0, 0.036116838455200195)
(130.0, 0.13302111625671387)
(130.0, 0.43097400665283203)
-------------------------------------------All Solutions---------------------------------------------
(137.0, 1.5022871494293213)
(137.0, 0.03566908836364746)
(137.0, 0.13459992408752441)
(137.0, 0.426821231842041)
-------------------------------------------All Solutions---------------------------------------------
(107.0, 1.517786979675293)
(109.0, 0.03507399559020996)
(109.0, 0.13182377815246582)
(107.0, 0.42252683639526367)
-------------------------------------------All Solutions---------------------------------------------
(157.0, 1.496107816696167)
(157.0, 0.035243988037109375)
(157.0, 0.1314098834991455)
(157.0, 0.4243776798248291)
-------------------------------------------All Solutions---------------------------------------------
(127.0, 1.5111949443817139)
(127.0, 0.0372309684753418)
(127.0, 0.13158822059631348)
(127.0, 0.4276111125946045)
-------------------------------------------All Solutions---------------------------------------------
(113.0, 1.5006940364837646)
(113.0, 0.038758039474487305)
(113.0, 0.13091373443603516)
(113.0, 0.42572593688964844)
-------------------------------------------All Solutions---------------------------------------------
(110.0, 1.4996519088745117)
(112.0, 0.0354161262512207)
(110.0, 0.13761425018310547)
(110.0, 0.4339110851287842)
-------------------------------------------All Solutions---------------------------------------------
