(109.0, 12.70425295829773)
(129.0, 0.07697510719299316)
(117.0, 0.2655611038208008)
(113.0, 1.000424861907959)
-------------------------------------------All Solutions---------------------------------------------
(111.0, 12.621495723724365)
(130.0, 0.07444882392883301)
(119.0, 0.2669491767883301)
(116.0, 1.000816822052002)
-------------------------------------------All Solutions---------------------------------------------
(109.0, 12.694390058517456)
(129.0, 0.07513594627380371)
(117.0, 0.26598095893859863)
(112.0, 1.0047709941864014)
-------------------------------------------All Solutions---------------------------------------------
(109.0, 12.716509103775024)
(130.0, 0.0757288932800293)
(118.0, 0.26641297340393066)
(114.0, 0.9999680519104004)
-------------------------------------------All Solutions---------------------------------------------
(110.0, 13.621989011764526)
(131.0, 0.08432888984680176)
(119.0, 0.28826379776000977)
(114.0, 1.060225248336792)
-------------------------------------------All Solutions---------------------------------------------
(111.0, 13.364830255508423)
(131.0, 0.07514309883117676)
(121.0, 0.2873659133911133)
(117.0, 1.0951318740844727)
-------------------------------------------All Solutions---------------------------------------------
(110.0, 13.335568904876709)
(131.0, 0.08010601997375488)
(118.0, 0.28133225440979004)
(113.0, 1.0643820762634277)
-------------------------------------------All Solutions---------------------------------------------
(109.0, 13.191740989685059)
(129.0, 0.08165192604064941)
(117.0, 0.280897855758667)
(112.0, 1.0900869369506836)
-------------------------------------------All Solutions---------------------------------------------
(108.0, 13.519891023635864)
(129.0, 0.08253598213195801)
(115.0, 0.3025321960449219)
(111.0, 1.1405487060546875)
-------------------------------------------All Solutions---------------------------------------------
(109.0, 13.65572190284729)
(130.0, 0.07903695106506348)
(118.0, 0.2793729305267334)
(112.0, 1.0687510967254639)
-------------------------------------------All Solutions---------------------------------------------
