(105.0, 12.692908763885498)
(129.0, 0.07587099075317383)
(115.0, 0.26750802993774414)
(110.0, 1.0008749961853027)
-------------------------------------------All Solutions---------------------------------------------
(105.0, 12.700268983840942)
(129.0, 0.07498717308044434)
(116.0, 0.26722002029418945)
(111.0, 1.0068271160125732)
-------------------------------------------All Solutions---------------------------------------------
(105.0, 12.704471826553345)
(129.0, 0.07477188110351562)
(115.0, 0.26954078674316406)
(111.0, 1.007007122039795)
-------------------------------------------All Solutions---------------------------------------------
(105.0, 12.516676902770996)
(129.0, 0.07497024536132812)
(116.0, 0.26383090019226074)
(110.0, 0.9939677715301514)
-------------------------------------------All Solutions---------------------------------------------
(105.0, 12.720094919204712)
(129.0, 0.07561707496643066)
(116.0, 0.2650456428527832)
(111.0, 1.0000929832458496)
-------------------------------------------All Solutions---------------------------------------------
(105.0, 12.571449995040894)
(129.0, 0.07438492774963379)
(115.0, 0.26639413833618164)
(110.0, 0.9987919330596924)
-------------------------------------------All Solutions---------------------------------------------
(105.0, 12.710726022720337)
(129.0, 0.07486081123352051)
(115.0, 0.2706930637359619)
(110.0, 1.002208948135376)
-------------------------------------------All Solutions---------------------------------------------
(106.0, 12.608651161193848)
(129.0, 0.07410621643066406)
(116.0, 0.26659202575683594)
(111.0, 0.999553918838501)
-------------------------------------------All Solutions---------------------------------------------
(105.0, 12.627992153167725)
(129.0, 0.07494401931762695)
(115.0, 0.27048301696777344)
(110.0, 1.0013847351074219)
-------------------------------------------All Solutions---------------------------------------------
(105.0, 12.568925142288208)
(129.0, 0.0745229721069336)
(115.0, 0.26480579376220703)
(109.0, 0.9991018772125244)
-------------------------------------------All Solutions---------------------------------------------
