(158.0, 41.46268701553345)
(192.0, 0.11211991310119629)
(172.0, 0.4229748249053955)
(163.0, 1.6467499732971191)
-------------------------------------------All Solutions---------------------------------------------
(159.0, 41.89501690864563)
(191.0, 0.11544084548950195)
(171.0, 0.4388868808746338)
(164.0, 1.663034200668335)
-------------------------------------------All Solutions---------------------------------------------
(158.0, 41.54024291038513)
(191.0, 0.11274194717407227)
(171.0, 0.4172017574310303)
(163.0, 1.6375548839569092)
-------------------------------------------All Solutions---------------------------------------------
(157.0, 41.77217102050781)
(191.0, 0.11359214782714844)
(172.0, 0.420274019241333)
(162.0, 1.6471478939056396)
-------------------------------------------All Solutions---------------------------------------------
(157.0, 41.71710991859436)
(191.0, 0.12022185325622559)
(171.0, 0.45660400390625)
(162.0, 1.672379732131958)
-------------------------------------------All Solutions---------------------------------------------
(157.0, 41.42303276062012)
(192.0, 0.1118168830871582)
(172.0, 0.4442331790924072)
(163.0, 1.7264251708984375)
-------------------------------------------All Solutions---------------------------------------------
(156.0, 41.992414236068726)
(190.0, 0.11293292045593262)
(172.0, 0.42025303840637207)
(162.0, 1.671379804611206)
-------------------------------------------All Solutions---------------------------------------------
(159.0, 41.467687129974365)
(191.0, 0.11300992965698242)
(171.0, 0.41971397399902344)
(163.0, 1.642625093460083)
-------------------------------------------All Solutions---------------------------------------------
(158.0, 41.501725912094116)
(191.0, 0.11366009712219238)
(173.0, 0.42026185989379883)
(163.0, 1.6390652656555176)
-------------------------------------------All Solutions---------------------------------------------
(159.0, 41.47984838485718)
(190.0, 0.11214900016784668)
(173.0, 0.41755104064941406)
(164.0, 1.6396489143371582)
-------------------------------------------All Solutions---------------------------------------------
