(230.0, 12.724494934082031)
(230.0, 0.07465291023254395)
(230.0, 0.2685520648956299)
(230.0, 1.0058419704437256)
-------------------------------------------All Solutions---------------------------------------------
(236.0, 12.58367919921875)
(236.0, 0.07638096809387207)
(236.0, 0.27027082443237305)
(236.0, 1.0028481483459473)
-------------------------------------------All Solutions---------------------------------------------
(229.0, 12.597386121749878)
(229.0, 0.07390999794006348)
(229.0, 0.2678651809692383)
(229.0, 0.9986419677734375)
-------------------------------------------All Solutions---------------------------------------------
(231.0, 12.623655080795288)
(231.0, 0.07473897933959961)
(231.0, 0.26864099502563477)
(231.0, 1.00124192237854)
-------------------------------------------All Solutions---------------------------------------------
(230.0, 12.596285820007324)
(230.0, 0.07403707504272461)
(230.0, 0.2674691677093506)
(230.0, 1.005906105041504)
-------------------------------------------All Solutions---------------------------------------------
(225.0, 12.600190877914429)
(225.0, 0.07537627220153809)
(225.0, 0.26696085929870605)
(225.0, 0.9969079494476318)
-------------------------------------------All Solutions---------------------------------------------
(250.0, 12.660129070281982)
(250.0, 0.07409095764160156)
(250.0, 0.2704482078552246)
(250.0, 1.0062932968139648)
-------------------------------------------All Solutions---------------------------------------------
(240.0, 12.599522113800049)
(240.0, 0.07531619071960449)
(240.0, 0.26540708541870117)
(240.0, 0.9962680339813232)
-------------------------------------------All Solutions---------------------------------------------
(233.0, 12.661629915237427)
(233.0, 0.07547307014465332)
(233.0, 0.28408288955688477)
(233.0, 1.0295312404632568)
-------------------------------------------All Solutions---------------------------------------------
(264.0, 12.744626998901367)
(264.0, 0.07747387886047363)
(264.0, 0.2680320739746094)
(264.0, 1.0056912899017334)
-------------------------------------------All Solutions---------------------------------------------
