(171.0, 43.26965665817261)
(195.0, 0.1126708984375)
(178.0, 0.42354512214660645)
(176.0, 1.6426527500152588)
-------------------------------------------All Solutions---------------------------------------------
(164.0, 41.64096927642822)
(195.0, 0.1172029972076416)
(173.0, 0.4639780521392822)
(166.0, 1.7166709899902344)
-------------------------------------------All Solutions---------------------------------------------
(175.0, 41.576839208602905)
(200.0, 0.11404895782470703)
(187.0, 0.4203147888183594)
(182.0, 1.6427929401397705)
-------------------------------------------All Solutions---------------------------------------------
(186.0, 41.66442012786865)
(194.0, 0.11314702033996582)
(187.0, 0.42007017135620117)
(186.0, 1.6428678035736084)
-------------------------------------------All Solutions---------------------------------------------
(192.0, 41.66090703010559)
(198.0, 0.1181650161743164)
(192.0, 0.44074320793151855)
(192.0, 1.6518197059631348)
-------------------------------------------All Solutions---------------------------------------------
(175.0, 41.68858528137207)
(195.0, 0.11853194236755371)
(181.0, 0.42693519592285156)
(178.0, 1.6616320610046387)
-------------------------------------------All Solutions---------------------------------------------
(195.0, 41.36376190185547)
(198.0, 0.11404800415039062)
(195.0, 0.4167759418487549)
(195.0, 1.6334071159362793)
-------------------------------------------All Solutions---------------------------------------------
(169.0, 41.8336877822876)
(194.0, 0.11276793479919434)
(175.0, 0.4259819984436035)
(171.0, 1.64333176612854)
-------------------------------------------All Solutions---------------------------------------------
(172.0, 41.48670196533203)
(193.0, 0.11279106140136719)
(178.0, 0.42072010040283203)
(174.0, 1.6365091800689697)
-------------------------------------------All Solutions---------------------------------------------
(174.0, 41.429245948791504)
(193.0, 0.1129448413848877)
(177.0, 0.4172201156616211)
(174.0, 1.6366677284240723)
-------------------------------------------All Solutions---------------------------------------------
