80
0.4
3
11
12
13
17
23
27
28
32
33
36
37
38
41
42
44
47
50
51
56
57
60
62
63
66
68
72
75
78
80
81
82
84
85
91
92
98
100
103
104
106
108
111
114
121
125
127
128
131
134
136
137
139
142
143
144
146
148
149
151
155
156
159
160
162
167
173
174
176
177
179
180
181
186
194
199
202
203
206
207
2
4
6
7
8
13
15
16
18
19
26
29
31
33
38
40
41
42
48
53
55
58
59
62
63
64
65
68
70
73
74
76
78
79
80
84
87
88
91
93
94
97
98
101
103
104
105
106
109
115
117
118
119
120
125
127
132
135
140
142
148
152
153
158
159
161
165
166
169
174
175
177
178
179
183
187
193
196
200
201
2
5
7
11
13
14
17
18
21
24
25
26
27
28
31
32
33
34
36
38
39
40
41
42
43
44
45
46
48
53
54
57
64
66
67
70
72
73
75
78
84
89
90
91
93
94
95
97
98
99
100
104
105
108
110
111
112
113
115
118
119
123
125
127
129
133
135
138
139
142
144
150
154
159
165
168
169
170
172
179