80
0.4
3
5
6
8
12
13
18
20
23
25
27
31
32
33
34
36
40
41
42
43
44
45
46
47
49
51
52
53
56
57
58
61
64
65
66
70
71
72
74
75
76
78
82
83
84
86
88
89
92
93
94
104
105
107
109
113
114
115
116
118
124
125
127
130
136
140
144
147
149
154
157
161
163
166
167
169
170
178
182
183
4
7
13
16
17
20
21
23
29
31
32
33
39
41
48
49
51
52
53
55
56
60
61
71
76
77
78
79
80
83
84
87
93
94
95
100
101
102
104
107
110
115
116
118
119
120
121
125
127
129
130
131
132
137
138
146
147
149
150
151
153
157
158
160
163
165
167
168
171
172
176
177
180
181
184
190
191
193
194
195
7
8
11
13
15
20
27
28
33
36
37
38
41
48
49
50
52
53
57
59
61
62
63
66
69
71
72
73
74
75
77
78
83
85
88
90
93
94
97
99
102
104
108
111
114
117
119
123
125
127
128
131
133
134
136
137
142
144
147
148
152
156
157
161
162
167
168
173
175
179
180
186
187
192
193
198
204
207
211
212