80
0.4
2
5
7
11
13
14
17
18
21
24
25
26
27
28
31
32
33
34
36
38
39
40
41
42
43
44
45
46
48
53
54
57
64
66
67
70
72
73
75
78
84
89
90
91
93
94
95
97
98
99
100
104
105
108
110
111
112
113
115
118
119
123
125
127
129
133
135
138
139
142
144
150
154
159
165
168
169
170
172
179
2
5
8
12
14
16
19
20
24
25
28
29
32
33
34
37
38
41
42
45
47
50
53
54
60
61
67
74
79
84
85
87
88
90
91
92
93
94
96
98
99
101
102
104
107
112
114
119
121
126
127
128
130
131
132
135
136
138
142
145
146
148
149
152
154
156
158
159
160
161
162
163
164
168
170
171
172
176
182
185
2
3
4
11
14
15
17
20
21
22
23
24
39
41
44
46
47
49
53
56
58
59
61
62
65
67
72
75
76
80
82
84
85
86
91
92
93
94
95
96
98
100
101
104
107
109
110
111
116
117
121
124
126
127
129
130
131
134
139
140
142
143
145
147
148
149
153
163
164
166
173
175
177
178
180
181
183
190
196
197