80
0.4
3
4
5
10
11
12
19
20
24
27
31
32
33
34
35
38
39
40
41
43
44
45
46
47
49
50
54
55
56
57
58
59
64
65
71
72
75
76
79
80
81
82
83
86
87
89
98
100
101
105
107
108
109
112
113
119
120
125
126
127
128
129
132
134
137
144
147
149
150
151
153
154
155
158
159
160
164
166
167
172
3
5
6
8
10
15
16
18
20
28
29
32
33
34
35
36
37
38
41
45
47
49
59
60
61
66
68
71
73
74
81
82
83
86
90
92
98
99
102
107
110
111
114
119
121
123
125
126
127
131
133
136
139
140
146
147
148
150
154
155
156
159
162
164
168
169
171
172
173
174
178
181
183
185
192
194
198
200
205
206
4
10
11
14
18
20
21
25
33
35
37
38
41
42
46
48
49
57
58
61
62
63
67
68
70
71
72
75
79
81
83
85
86
87
95
98
99
102
108
109
114
115
117
118
119
120
125
127
128
131
132
138
143
147
148
151
152
155
156
158
159
160
165
166
169
170
174
176
182
184
186
187
191
195
200
201
203
204
206
208