80
0.4
2
3
5
6
10
14
16
17
19
29
35
41
42
45
47
52
53
54
55
61
64
65
67
68
71
72
74
75
76
79
80
82
91
98
103
106
107
109
111
113
114
117
120
126
127
130
132
136
138
140
146
148
149
154
158
166
168
171
172
173
177
178
180
183
184
185
186
189
190
191
192
194
197
198
200
201
202
204
207
208
2
4
5
7
8
10
11
12
14
15
18
21
22
25
32
35
36
41
43
45
46
47
50
52
58
59
63
65
66
67
68
70
71
73
80
88
89
91
92
95
98
99
101
102
103
106
109
115
116
118
121
124
127
130
131
133
139
144
150
151
152
154
160
161
166
168
169
172
176
177
182
184
185
187
190
193
196
199
202
203
2
7
10
15
19
22
25
26
27
28
32
33
35
37
39
41
44
48
51
52
55
57
60
62
63
70
71
72
73
74
75
79
81
83
85
90
91
97
98
100
102
103
108
110
115
116
118
120
123
124
125
127
128
129
130
131
132
133
135
140
143
148
153
156
158
162
163
164
165
167
169
170
171
175
178
179
182
183
186
190