80
0.4
4
10
11
14
18
20
21
25
33
35
37
38
41
42
46
48
49
57
58
61
62
63
67
68
70
71
72
75
79
81
83
85
86
87
95
98
99
102
108
109
114
115
117
118
119
120
125
127
128
131
132
138
143
147
148
151
152
155
156
158
159
160
165
166
169
170
174
176
182
184
186
187
191
195
200
201
203
204
206
208
1
6
7
10
12
14
20
22
23
25
27
32
35
36
38
39
41
42
43
44
49
50
54
56
62
63
65
66
67
69
71
74
76
80
81
83
86
89
97
100
101
109
110
111
113
115
118
124
125
127
129
138
139
143
144
147
149
150
153
155
159
163
166
170
171
175
177
179
181
182
189
190
193
194
195
196
199
200
201
205
1
5
7
10
11
14
15
16
21
22
23
24
26
28
29
32
37
38
41
42
45
47
49
51
54
56
59
60
63
64
69
71
72
73
75
81
83
87
88
90
92
95
97
112
113
114
116
120
123
124
127
130
132
133
134
135
136
140
146
147
148
150
151
152
154
155
156
158
159
162
173
178
179
180
183
185
187
189
190
192