80
0.4
1
5
7
10
11
14
15
16
21
22
23
24
26
28
29
32
37
38
41
42
45
47
49
51
54
56
59
60
63
64
69
71
72
73
75
81
83
87
88
90
92
95
97
112
113
114
116
120
123
124
127
130
132
133
134
135
136
140
146
147
148
150
151
152
154
155
156
158
159
162
173
178
179
180
183
185
187
189
190
192
1
4
5
6
10
13
17
19
22
24
26
27
28
31
34
37
40
41
44
45
46
50
51
55
57
58
68
69
71
74
83
92
96
99
100
101
102
105
106
108
111
112
116
117
121
123
124
126
127
128
130
131
134
135
139
148
155
156
157
159
160
167
168
171
172
173
176
180
181
184
185
186
190
191
193
195
196
197
199
204
1
2
3
12
13
16
18
21
29
31
32
34
39
40
41
43
48
51
62
65
68
69
70
71
72
75
76
78
80
82
83
84
85
87
88
89
95
96
99
102
105
106
107
109
110
112
116
120
126
127
129
131
132
136
137
138
143
144
145
146
149
150
151
153
155
157
158
165
166
167
169
175
177
183
193
194
195
198
202
203