80
0.4
1
2
3
12
13
16
18
21
29
31
32
34
39
40
41
43
48
51
62
65
68
69
70
71
72
75
76
78
80
82
83
84
85
87
88
89
95
96
99
102
105
106
107
109
110
112
116
120
126
127
129
131
132
136
137
138
143
144
145
146
149
150
151
153
155
157
158
165
166
167
169
175
177
183
193
194
195
198
202
203
1
2
3
4
11
13
15
17
18
19
23
25
27
32
37
41
44
46
47
54
55
57
58
59
60
61
62
70
71
73
74
78
79
82
83
84
85
90
94
96
103
106
107
108
111
113
114
115
118
119
127
128
133
137
139
140
143
145
148
150
152
155
156
157
162
163
164
167
169
170
174
176
178
181
182
187
189
192
195
197
2
5
6
7
13
15
16
23
28
36
37
39
41
45
47
50
54
56
61
63
64
66
71
72
73
75
78
83
84
87
88
90
92
93
94
96
97
100
101
103
106
110
113
115
117
118
119
123
127
129
133
145
146
148
153
154
156
157
160
162
163
164
170
171
174
175
182
184
185
186
189
191
193
194
195
196
200
202
203
204