80
0.4
2
5
6
7
13
15
16
23
28
36
37
39
41
45
47
50
54
56
61
63
64
66
71
72
73
75
78
83
84
87
88
90
92
93
94
96
97
100
101
103
106
110
113
115
117
118
119
123
127
129
133
145
146
148
153
154
156
157
160
162
163
164
170
171
174
175
182
184
185
186
189
191
193
194
195
196
200
202
203
204
7
11
12
13
14
17
19
24
26
29
32
41
43
45
48
55
56
57
63
65
67
71
76
78
79
80
83
84
89
92
93
94
95
96
97
102
103
104
108
109
111
114
121
127
128
131
132
134
135
136
138
139
140
144
145
149
152
157
164
165
166
168
172
173
174
177
179
180
181
183
187
192
195
197
198
200
201
202
205
206
4
6
13
14
20
22
24
26
27
32
36
41
42
44
46
48
58
59
60
62
66
67
68
71
72
74
75
78
80
83
84
85
86
88
90
93
94
96
99
100
101
102
103
104
112
124
126
127
131
134
135
138
143
145
150
157
160
162
164
165
168
171
173
176
177
178
179
184
191
195
196
199
200
201
206
211
213
214
215
218