80
0.4
4
6
13
14
20
22
24
26
27
32
36
41
42
44
46
48
58
59
60
62
66
67
68
71
72
74
75
78
80
83
84
85
86
88
90
93
94
96
99
100
101
102
103
104
112
124
126
127
131
134
135
138
143
145
150
157
160
162
164
165
168
171
173
176
177
178
179
184
191
195
196
199
200
201
206
211
213
214
215
218
3
11
13
14
15
16
17
18
19
20
21
22
25
28
29
31
33
34
37
39
40
41
42
47
49
50
51
53
54
55
59
62
68
70
71
73
78
79
82
83
84
85
86
90
93
94
95
96
99
101
104
105
107
110
111
112
113
116
117
120
123
124
126
127
128
129
130
132
133
136
143
144
145
146
147
148
151
152
153
156
3
5
6
8
12
13
18
20
23
25
27
31
32
33
34
36
40
41
42
43
44
45
46
47
49
51
52
53
56
57
58
61
64
65
66
70
71
72
74
75
76
78
82
83
84
86
88
89
92
93
94
104
105
107
109
113
114
115
116
118
124
125
127
130
136
140
144
147
149
154
157
161
163
166
167
169
170
178
182
183