100
0.7
1
2
7
10
12
14
17
18
19
20
21
23
26
29
30
31
32
33
34
36
37
38
39
40
41
42
44
45
46
47
50
52
54
55
57
58
59
60
61
62
63
65
68
69
70
72
74
75
76
78
79
81
82
86
87
88
90
91
93
95
96
97
98
99
102
104
105
107
108
109
110
113
114
115
116
118
120
121
123
124
126
127
128
129
132
133
135
136
139
140
141
142
143
144
145
147
149
151
152
153
1
3
4
6
7
8
9
12
13
15
16
18
19
20
22
23
24
26
27
29
30
31
32
33
34
35
36
37
41
42
43
45
46
47
49
52
53
54
56
57
59
60
61
62
63
64
65
68
69
70
71
72
73
74
75
76
77
80
81
82
84
85
86
87
88
89
90
91
92
93
94
95
96
98
99
100
102
104
106
107
109
113
115
119
121
125
126
127
128
129
130
132
133
139
140
142
143
145
146
147
1
4
6
7
9
10
11
12
13
18
19
20
21
22
23
24
26
27
28
29
31
32
34
36
38
39
41
42
45
47
48
49
50
52
53
54
55
56
57
58
60
61
62
63
64
65
67
68
69
70
72
73
75
76
77
78
79
80
81
82
83
84
87
88
89
93
94
95
97
98
100
101
102
104
105
106
107
108
109
110
112
114
115
116
117
118
119
120
121
122
123
124
128
130
131
132
133
134
135
137