100
0.7
1
2
3
4
6
7
8
9
10
11
13
15
16
17
19
22
26
27
28
29
30
31
32
33
34
35
36
37
38
39
40
42
44
45
46
47
49
50
52
55
56
58
59
60
61
65
66
67
69
70
71
72
73
74
76
77
78
80
82
84
86
87
88
90
91
92
93
95
96
97
98
101
102
103
104
105
106
107
109
110
111
112
113
118
120
121
122
124
125
126
127
128
130
134
135
136
137
138
140
143
1
2
4
6
7
12
13
15
17
19
21
24
26
28
29
30
31
33
34
35
36
37
39
40
41
43
47
48
50
52
53
54
55
57
58
59
60
62
63
64
65
66
67
68
69
70
71
72
73
74
77
78
82
84
85
88
89
90
91
93
94
95
97
98
99
100
101
102
103
104
105
106
107
108
111
112
113
114
116
117
118
120
121
122
123
124
126
127
128
129
132
133
134
136
137
138
139
140
141
143
1
3
4
6
7
8
9
10
13
14
16
17
19
21
22
23
24
25
26
28
29
30
31
32
34
35
37
38
40
41
42
43
45
48
50
52
53
55
56
58
59
60
61
62
63
64
65
66
67
68
69
70
71
72
73
77
79
82
83
84
85
86
87
88
89
91
92
94
95
96
98
99
100
101
102
103
104
105
106
107
108
109
110
111
112
113
114
117
118
119
121
122
123
124
125
126
127
128
129
130