100
0.7
1
4
6
7
9
10
11
12
13
18
19
20
21
22
23
24
26
27
28
29
31
32
34
36
38
39
41
42
45
47
48
49
50
52
53
54
55
56
57
58
60
61
62
63
64
65
67
68
69
70
72
73
75
76
77
78
79
80
81
82
83
84
87
88
89
93
94
95
97
98
100
101
102
104
105
106
107
108
109
110
112
114
115
116
117
118
119
120
121
122
123
124
128
130
131
132
133
134
135
137
1
3
4
6
7
8
9
10
11
13
14
15
16
18
20
21
22
23
25
26
27
28
29
30
31
33
34
35
36
37
43
44
45
47
48
49
50
53
55
58
60
65
66
67
68
71
72
73
74
75
76
77
78
79
80
81
82
83
84
85
86
87
88
89
90
91
92
93
96
97
98
99
101
102
104
105
106
107
108
109
112
114
115
116
117
118
120
121
122
123
124
125
127
129
131
132
134
136
137
138
1
3
4
6
7
8
10
11
12
13
14
15
17
18
19
20
22
24
25
26
27
28
29
30
31
32
33
34
35
37
38
39
40
41
42
43
44
45
46
48
50
51
53
54
55
56
57
60
61
63
64
65
66
67
69
72
73
74
75
76
77
78
79
80
81
82
83
84
85
86
89
90
91
92
93
96
97
99
100
101
102
103
104
105
106
108
109
110
112
113
114
115
116
117
118
121
122
124
125
126