100
0.7
1
2
4
7
9
11
14
15
16
17
18
19
20
21
24
25
26
28
29
33
34
36
38
39
40
41
44
45
46
51
52
56
58
59
60
62
63
64
65
66
67
71
72
75
76
78
79
81
82
83
84
87
88
90
91
92
93
94
95
96
97
100
101
103
104
105
106
107
109
110
113
114
115
116
117
119
120
121
122
123
126
127
128
129
130
131
133
134
135
136
137
138
139
140
141
142
143
145
146
147
1
2
3
4
5
7
8
9
10
11
12
13
15
17
18
19
20
21
22
25
26
28
30
32
34
35
36
37
38
40
42
43
44
45
46
49
51
52
53
54
55
56
57
59
60
61
62
66
67
68
69
72
73
74
75
76
81
82
83
84
85
86
87
91
92
94
95
99
101
103
104
105
106
108
109
110
112
113
118
119
120
121
123
124
125
126
128
130
132
133
134
135
137
138
139
142
143
144
146
147
1
2
4
5
6
7
9
10
11
12
16
17
18
20
21
23
24
25
26
27
30
32
33
34
36
37
38
39
40
41
42
44
45
48
49
50
51
52
53
54
55
57
58
59
60
61
62
63
64
65
66
67
68
69
71
72
74
76
77
78
79
80
81
82
83
85
86
87
88
89
90
95
96
97
98
99
100
101
102
103
105
106
107
108
109
110
112
114
116
118
119
121
123
124
126
127
129
130
135
137