100
0.7
1
2
4
5
6
7
9
10
11
12
16
17
18
20
21
23
24
25
26
27
30
32
33
34
36
37
38
39
40
41
42
44
45
48
49
50
51
52
53
54
55
57
58
59
60
61
62
63
64
65
66
67
68
69
71
72
74
76
77
78
79
80
81
82
83
85
86
87
88
89
90
95
96
97
98
99
100
101
102
103
105
106
107
108
109
110
112
114
116
118
119
121
123
124
126
127
129
130
135
137
1
2
3
5
6
7
8
11
12
13
14
15
17
18
19
20
22
23
24
25
26
27
33
34
35
38
40
42
43
45
46
48
49
50
51
52
54
55
56
57
58
59
60
61
62
63
64
66
68
69
73
77
78
79
80
81
82
85
87
88
89
90
91
92
94
96
97
98
99
100
102
103
106
108
109
110
112
116
117
120
122
123
124
125
127
128
129
130
131
132
136
137
138
139
140
142
143
144
145
146
1
2
3
5
6
7
8
9
11
12
13
14
15
16
18
19
20
21
22
23
25
26
27
28
29
30
32
34
35
37
38
39
40
41
42
43
45
46
47
48
50
51
53
54
56
57
58
59
60
61
65
66
68
69
71
72
73
74
77
78
79
80
81
82
84
85
86
89
90
91
92
93
94
96
97
98
99
100
102
103
105
106
107
109
110
113
114
115
116
117
118
119
120
122
125
127
128
130
131
133