100
0.7
1
2
3
4
5
6
7
8
9
10
11
12
14
16
19
20
21
23
24
25
26
27
28
29
30
31
32
33
34
35
36
37
38
40
43
44
46
47
48
49
50
51
54
55
56
57
58
59
60
61
63
64
66
67
68
69
70
72
74
75
77
78
79
80
81
82
83
84
86
87
91
92
93
94
95
96
97
98
99
100
101
102
103
104
108
109
110
112
113
114
115
118
119
121
122
123
125
130
131
133
1
2
3
5
8
9
10
11
12
13
14
15
16
20
21
22
23
24
25
26
27
28
29
30
31
32
33
35
38
39
40
41
42
45
48
50
52
53
57
59
60
61
63
65
66
70
71
72
73
74
75
77
78
79
80
81
82
83
84
85
86
87
88
89
90
91
92
93
94
96
97
98
99
100
101
102
103
104
105
107
109
112
114
115
116
118
120
121
122
123
124
127
128
129
130
131
132
133
134
135
1
2
3
5
6
7
11
12
13
15
16
17
19
20
22
23
26
28
29
31
34
36
37
38
39
40
41
43
49
50
52
53
54
55
56
57
58
59
60
62
63
64
65
66
68
69
70
71
72
73
77
79
81
82
83
84
87
88
89
90
92
93
96
98
102
103
104
105
108
109
110
114
115
116
117
119
120
122
124
125
126
128
129
132
133
137
138
139
140
141
146
147
148
149
150
151
152
154
156
157