100
0.7
1
4
5
6
7
9
10
13
14
15
16
17
19
20
21
22
24
26
27
29
30
31
33
34
36
38
39
40
41
42
43
44
46
48
49
50
52
53
54
59
60
61
62
63
65
66
67
68
69
70
71
72
73
74
76
78
80
81
82
85
86
88
89
91
93
94
95
96
97
98
99
100
101
103
105
106
107
108
109
110
112
113
115
116
117
118
119
120
123
125
126
127
129
130
131
132
133
134
136
137
1
3
4
5
6
8
9
10
12
14
16
17
20
21
24
25
26
27
28
29
30
31
32
35
37
40
42
43
44
45
46
47
48
50
51
53
54
56
57
58
59
60
61
62
63
64
65
66
67
68
69
71
74
75
76
78
79
80
81
82
84
87
89
90
91
92
95
96
97
98
101
102
103
105
106
107
109
110
112
113
114
117
118
120
124
125
126
127
128
129
131
132
133
134
135
136
137
139
141
143
1
3
4
5
7
8
11
13
14
15
16
17
19
20
22
23
24
25
26
27
28
29
32
33
34
35
37
38
39
40
41
42
44
47
48
50
51
52
53
55
56
59
60
61
62
64
65
66
67
69
71
72
73
74
75
76
77
78
79
80
81
82
83
84
85
86
87
88
90
91
92
94
95
97
99
100
101
102
103
105
106
107
108
109
110
112
116
119
122
123
124
127
128
130
131
132
133
134
135
139