100
0.7
1
2
3
4
5
7
9
10
11
12
13
14
15
16
17
19
20
21
23
25
26
27
28
29
30
32
33
36
39
41
43
44
45
46
47
49
51
52
53
54
55
57
58
60
63
66
67
69
71
74
75
76
77
79
80
81
82
83
84
85
86
87
92
94
99
100
101
102
106
108
109
110
111
114
115
116
118
119
120
122
124
125
128
129
130
131
133
134
135
139
140
141
143
144
145
147
148
149
151
152
1
2
3
4
5
6
7
8
9
10
11
12
13
15
16
19
20
21
22
23
24
25
26
28
30
32
34
35
36
37
38
42
46
47
49
51
52
56
58
60
61
62
63
64
65
66
67
68
71
72
73
74
75
76
77
78
81
82
83
84
87
88
89
91
92
93
94
95
96
97
101
102
105
106
107
108
109
110
111
112
113
114
115
117
118
119
120
122
123
125
126
127
129
132
134
135
136
138
140
143
1
2
4
5
6
7
9
10
11
12
13
14
15
16
22
23
24
25
26
28
33
35
36
37
38
39
41
43
45
46
47
48
49
50
51
52
53
54
55
56
57
58
60
62
64
68
69
71
73
75
76
77
78
81
82
83
84
85
86
88
89
90
91
93
95
96
97
98
99
100
101
104
106
109
110
111
112
113
114
115
116
117
121
122
123
124
125
126
128
129
130
131
133
136
138
140
141
144
145
146