100
0.7
1
2
4
5
6
7
9
10
11
12
13
14
15
16
22
23
24
25
26
28
33
35
36
37
38
39
41
43
45
46
47
48
49
50
51
52
53
54
55
56
57
58
60
62
64
68
69
71
73
75
76
77
78
81
82
83
84
85
86
88
89
90
91
93
95
96
97
98
99
100
101
104
106
109
110
111
112
113
114
115
116
117
121
122
123
124
125
126
128
129
130
131
133
136
138
140
141
144
145
146
1
2
3
5
6
7
8
11
12
14
19
21
22
23
25
26
27
30
32
33
34
35
38
40
41
42
43
44
47
48
50
51
53
54
55
56
57
58
59
60
61
62
63
65
68
71
72
74
75
76
78
79
80
81
82
83
84
86
87
89
90
91
92
93
94
95
97
98
99
100
104
105
106
107
108
111
112
113
114
115
117
118
119
120
121
124
125
126
127
128
130
131
132
133
135
136
138
139
141
144
1
2
3
7
8
9
10
11
13
14
15
16
17
19
21
22
23
24
25
26
27
29
30
31
35
37
38
39
40
41
42
44
45
46
47
48
49
50
51
54
55
56
57
59
60
61
62
63
64
67
68
69
71
72
73
74
75
76
78
79
80
81
82
83
85
87
88
89
91
92
93
94
95
96
97
98
100
102
103
104
106
108
109
110
111
115
116
117
118
119
120
121
123
124
126
128
129
131
133
134