67
0.6
1
3
5
7
9
10
12
13
14
15
16
17
19
20
22
23
24
25
28
29
30
31
32
33
34
35
36
40
41
42
43
46
47
48
50
51
52
54
55
56
57
58
60
62
65
66
67
68
70
71
72
73
74
76
79
80
83
85
87
88
89
91
92
93
96
98
99
1
5
6
7
8
9
14
15
17
19
20
23
25
28
29
30
31
32
33
34
36
38
39
40
43
45
46
47
48
51
52
53
56
59
60
61
62
63
65
66
67
68
69
75
76
78
79
83
84
86
89
91
93
94
95
97
100
101
102
104
105
106
107
108
112
113
114
1
3
5
6
7
9
10
12
13
16
17
20
21
22
23
24
25
27
29
31
34
35
37
39
41
42
44
46
47
48
49
51
53
54
57
58
59
60
61
62
63
64
65
66
67
68
71
72
73
74
75
76
77
78
83
84
85
86
87
88
90
92
93
94
95
99
100