67
0.6
1
2
6
8
10
12
14
15
16
17
22
23
24
25
26
27
28
29
31
32
33
34
35
36
39
42
43
44
45
46
47
48
50
51
53
54
56
57
59
63
65
66
68
70
72
74
75
77
78
81
83
88
89
90
91
93
94
95
96
97
99
100
101
102
103
104
105
1
2
3
6
7
10
11
13
16
17
19
21
23
24
25
26
27
28
29
35
37
38
39
41
44
46
47
51
55
57
58
59
61
63
67
69
70
71
73
75
77
78
80
81
83
85
86
87
89
92
93
95
96
101
102
103
104
106
107
109
110
112
113
114
115
119
123
1
2
6
8
9
11
12
13
15
16
17
19
20
21
22
23
25
27
28
29
30
32
34
37
38
42
43
45
46
49
51
52
54
55
56
57
59
62
64
65
67
70
72
73
74
75
79
80
81
83
84
88
89
92
93
95
96
97
99
100
101
102
103
104
105
106
108